# This file was generated by Animated Java via MC-Build. It is not recommended to edit this file directly.
$data merge entity $(bone_hammer) { transformation: [-0.00001701296309377614f,-0.000012006638962074653f,6.538236627560992e-7f,0.6780297230193597f,-0.0000018157233967656612f,0.000003685021108238517f,0.000020424288133397753f,0.7848678982540624f,-0.000011886547568323899f,0.000016621943870799393f,-0.000004055705442921844f,-0.3799389991632292f,0f,0f,0f,1f], start_interpolation: 0, interpolation_duration: 1 }
$data merge entity $(bone_hand_left) { transformation: [-0.8166222285012545f,0.031383535812292626f,0.5763186701795833f,0.45355324129380764f,-0.08715472304475172f,0.980365830403092f,-0.17688101319544858f,0.9299940474878452f,-0.570554283279547f,-0.19467386126024833f,-0.7978533057983708f,-0.006330279262727232f,0f,0f,0f,1f], start_interpolation: 0, interpolation_duration: 1 }
$data merge entity $(bone_lowerarm_left) { transformation: [-0.8166222285012545f,-0.091734191158025f,0.5698359185679924f,0.4129895286411185f,-0.08715472304475172f,0.9955666862506105f,0.03536986682150556f,1.370221191564287f,-0.570554283279547f,-0.020780072198174654f,-0.820996953971695f,-0.015518967437857585f,0f,0f,0f,1f], start_interpolation: 0, interpolation_duration: 1 }
$data merge entity $(bone_arm_left) { transformation: [-0.8204216403078447f,-0.14261624567544373f,0.5536866790740291f,0.34234991945500026f,-0.07828262399786565f,0.987290691664298f,0.1383073422962092f,1.8592386122792597f,-0.5663745782559404f,0.07012629052269537f,-0.8211590226520881f,0.01921546083666497f,0f,0f,0f,1f], start_interpolation: 0, interpolation_duration: 1 }
$data merge entity $(bone_bread) { transformation: [-0.000008252211649638064f,-5.332728196733121e-7f,-0.000005622866083179957f,-0.4458226024300329f,9.333313720625633e-7f,0.000009689712962443356f,-0.000002288745345245081f,0.6805218300117737f,0.000005570448405604496f,-0.0000024135208317424753f,-0.000007946384193785463f,-0.0504843000989513f,0f,0f,0f,1f], start_interpolation: 0, interpolation_duration: 1 }
$data merge entity $(bone_hand_right) { transformation: [-0.8252211649638063f,-0.053327281967331205f,-0.5622866083179957f,-0.438778442130875f,0.09333313720625633f,0.9689712962443354f,-0.22887453452450812f,0.9269269389561766f,0.5570448405604496f,-0.2413520831742475f,-0.7946384193785463f,0.030865036664028442f,0f,0f,0f,1f], start_interpolation: 0, interpolation_duration: 1 }
$data merge entity $(bone_lowerarm_right) { transformation: [-0.8252211649638063f,0.06876800629415149f,-0.5606076972412223f,-0.40837008934767993f,0.09333313720625633f,0.9955178252363363f,-0.015270400648098259f,1.367132477302869f,0.5570448405604496f,-0.06492473293778614f,-0.827940713250617f,0.0021561313181011395f,0f,0f,0f,1f], start_interpolation: 0, interpolation_duration: 1 }
$data merge entity $(bone_arm_right) { transformation: [-0.8252211649638063f,0.13327405854831706f,-0.5488606874370201f,-0.34235778222296664f,0.09333313720625633f,0.9905796604786256f,0.10020410044149429f,1.8577789653836883f,0.5570448405604496f,0.0314636546528006f,-0.8298861874021478f,0.017740472763316438f,0f,0f,0f,1f], start_interpolation: 0, interpolation_duration: 1 }
$data merge entity $(bone_uppertail) { transformation: [-0.9995167891498824f,-0.022319397935806205f,-0.02163406303246381f,0.00663793084064581f,0.011326411068691639f,0.3866267099888873f,-0.9221667417205371f,0.5089170948769165f,0.02894651308556018f,-0.921966177036312f,-0.38618708909184873f,-0.3461585403605159f,0f,0f,0f,1f], start_interpolation: 0, interpolation_duration: 1 }
$data merge entity $(bone_middletail) { transformation: [-0.9995167891498824f,-0.023617453523324044f,-0.020209010282127036f,0.014298330131495368f,0.011326411068691639f,0.3287233796559661f,-0.9443583282207356f,0.8669119994022241f,0.02894651308556018f,-0.9441308995878874f,-0.3282970359652281f,-0.22172558213170174f,0f,0f,0f,1f], start_interpolation: 0, interpolation_duration: 1 }
$data merge entity $(bone_tail) { transformation: [-0.9995527235569849f,-0.017448237744367323f,-0.024288100572704106f,0.021888361560465402f,0.01202844363121351f,0.5090039551788507f,-0.8606801323117069f,1.1358745407496325f,0.02738009082571628f,-0.8605873184122009f,-0.5085664145561255f,-0.06279857758291252f,0f,0f,0f,1f], start_interpolation: 0, interpolation_duration: 1 }
$data merge entity $(bone_hair) { transformation: [-0.6893654656599505f,0.12155341449200166f,0.00021276016553193906f,0.12493717647837015f,0.12155345787511099f,0.6893639157587841f,0.002093979864451999f,2.342733263830668f,0.00010786122157305534f,0.001469379138159004f,-0.9999977849882665f,0.295291233228157f,0f,0f,0f,1f], start_interpolation: 0, interpolation_duration: 1 }
$data merge entity $(bone_ear_left) { transformation: [-0.3828799884658765f,-0.011945927777804727f,-0.9237523875429293f,0.14318207884457557f,-0.00193458513825796f,1.299943201460197f,-0.009145372619598822f,2.402773651533211f,0.9237960661383621f,-0.0022288532795584582f,-0.38288103722747413f,0.06182844625669505f,0f,0f,0f,1f], start_interpolation: 0, interpolation_duration: 1 }
$data merge entity $(bone_ear_right) { transformation: [-0.38248522276637725f,-0.007313336343631362f,0.9239444823702081f,-0.14338159102772313f,0.0008157087174897259f,1.2999727241550447f,0.006426275551279471f,2.402878092795503f,-0.9239612486379736f,0.00417511250589572f,-0.382472608797267f,0.06188517929905378f,0f,0f,0f,1f], start_interpolation: 0, interpolation_duration: 1 }
$data merge entity $(bone_head) { transformation: [-0.9999999773664565f,-4.4551647932198895e-7f,0.00021276016553193906f,-0.0000021536278529522266f,0f,0.9999978076217605f,0.002093979864451999f,1.9849383117284467f,-0.00021276063198371887f,0.00209397981705782f,-0.9999977849882665f,0.010122304037773304f,0f,0f,0f,1f], start_interpolation: 0, interpolation_duration: 1 }
$data merge entity $(bone_body) { transformation: [-0.9999999773664565f,0.0000099322103144188f,0.00021252867505440674f,-0.000009937729979011533f,0f,0.9989097751442575f,-0.04668255692706743f,1.050728375f,-0.00021276063198371887f,-0.04668255587047575f,-0.9989097525353897f,0.046708498942821135f,0f,0f,0f,1f], start_interpolation: 0, interpolation_duration: 1 }
$data merge entity $(bone_shoe_right) { transformation: [-0.9088452765638294f,-0.00022557268465944448f,0.4171333778167862f,-0.13848750379652153f,-0.00022770931940508128f,1.0022335496788595f,0.00007889830046238456f,0.24853405742273588f,-0.41713337816251767f,-0.000022097845590606218f,-0.9088452809036018f,0.08742154035723071f,0f,0f,0f,1f], start_interpolation: 0, interpolation_duration: 1 }
$data merge entity $(bone_lowerleg_right) { transformation: [-0.9545768892747811f,0.003089762675865901f,0.29794875118608977f,-0.13446451308454588f,0.0030182484758877366f,1.0022288052253212f,-0.0006770015702321219f,0.6967409284818585f,-0.2979494128851742f,0.00025359848641767074f,-0.9545816273821339f,0.08332179489328118f,0f,0f,0f,1f], start_interpolation: 0, interpolation_duration: 1 }
$data merge entity $(bone_leg_right) { transformation: [-0.9545768892747811f,0.019331406754206863f,0.2973369455270999f,-0.12640899766486738f,0.0030182484758877366f,0.9984693298960697f,-0.0552257859430839f,1.04854f,-0.2979494128851742f,-0.05181982217064169f,-0.9531740939574381f,0.06107710652415974f,0f,0f,0f,1f], start_interpolation: 0, interpolation_duration: 1 }
$data merge entity $(bone_shoe_left) { transformation: [-0.9589214642015912f,-0.0007768349259186982f,-0.28839846612130965f,0.11433843790847326f,-0.00014399791254765537f,0.9999974544802324f,-0.0022892610149621087f,0.24748526098016205f,0.2836716495494008f,-0.0021183863088232863f,-0.9749011206958336f,0.01315899342443011f,0f,0f,0f,1f], start_interpolation: 0, interpolation_duration: 1 }
$data merge entity $(bone_lowerleg_left) { transformation: [-0.9861362540155719f,0.009497135625350981f,-0.16566560575765096f,0.12336264010332575f,0.0021342505865467377f,0.999004172466348f,0.04456577576191141f,0.6710898729118897f,0.1659238786027182f,0.0435943552508904f,-0.9851745016491695f,0.05173098565561288f,0f,0f,0f,1f], start_interpolation: 0, interpolation_duration: 1 }
$data merge entity $(bone_leg_left) { transformation: [-0.9867755571669634f,0.004321389502886823f,-0.16203495107720897f,0.12498788768667708f,0.002018478464873817f,0.9998946461835923f,0.01437436183194391f,1.047144f,0.1620799972930528f,0.013857204846329753f,-0.9866803192277278f,0.056942593790787206f,0f,0f,0f,1f], start_interpolation: 0, interpolation_duration: 1 }