# This file was generated by Animated Java via MC-Build. It is not recommended to edit this file directly.
$data merge entity $(bone_hammer) { transformation: [-0.000015039524398193788f,-0.000010659056890678115f,-0.000009706955746020428f,1.0472107713869416f,-0.000006080590675935065f,-0.000008028685763473227f,0.000018237170825566998f,1.0458430670076426f,-0.000013071606660454681f,0.000015998515208933223f,0.0000026848441671104623f,-0.8888680513005696f,0f,0f,0f,1f], start_interpolation: 0, interpolation_duration: 1 }
$data merge entity $(bone_hand_left) { transformation: [-0.7218971711133017f,-0.4659338758089806f,0.5116347307525493f,0.8169360465489468f,-0.2918683524448831f,0.8753841996272155f,0.385376916646715f,0.9383350691077084f,-0.6274371197018246f,0.12887252002130234f,-0.7679287300287946f,-0.5061797354176131f,0f,0f,0f,1f], start_interpolation: 0, interpolation_duration: 1 }
$data merge entity $(bone_lowerarm_left) { transformation: [-0.7218971711133017f,-0.5311114009705079f,0.443604727316737f,0.5820852239323003f,-0.2918683524448831f,0.8149251018455792f,0.5007094399180848f,1.2986847625800504f,-0.6274371197018246f,0.23198654732789353f,-0.7433067352574987f,-0.4035981840210602f,0f,0f,0f,1f], start_interpolation: 0, interpolation_duration: 1 }
$data merge entity $(bone_arm_left) { transformation: [-0.8337370411732711f,-0.5246677991519317f,0.17206465851158187f,0.3222107046648591f,-0.2467138516575897f,0.6327601357081235f,0.7339937915670092f,1.6120987672979803f,-0.4939785638830049f,0.5695070773850887f,-0.6569983768871721f,-0.1215142097537584f,0f,0f,0f,1f], start_interpolation: 0, interpolation_duration: 1 }
$data merge entity $(bone_bread) { transformation: [-0.00000810456027102954f,0.000001929825485958705f,-0.000005530992352823668f,-0.763246757068581f,0.000005143254736214317f,0.000006863763393542827f,-0.00000514156423628748f,0.5763828832811893f,0.000002804110114039503f,-0.0000070117419854987324f,-0.000006555336817977829f,0.1895209437179231f,0f,0f,0f,1f], start_interpolation: 0, interpolation_duration: 1 }
$data merge entity $(bone_hand_right) { transformation: [-0.8104560271029538f,0.1929825485958705f,-0.5530992352823667f,-0.7025479218468731f,0.5143254736214317f,0.6863763393542827f,-0.5141564236287479f,0.8229426025698716f,0.2804110114039503f,-0.7011741985498732f,-0.6555336817977828f,0.1356064862226081f,0f,0f,0f,1f], start_interpolation: 0, interpolation_duration: 1 }
$data merge entity $(bone_lowerarm_right) { transformation: [-0.8104560271029538f,0.29203036063287574f,-0.5078181727755801f,-0.5734157467545233f,0.5143254736214317f,0.7696888335556717f,-0.3782174066377688f,1.1632893836577702f,0.2804110114039503f,-0.5677123989911986f,-0.7739976076933778f,-0.11542884020631253f,0f,0f,0f,1f], start_interpolation: 0, interpolation_duration: 1 }
$data merge entity $(bone_arm_right) { transformation: [-0.8104560271029538f,0.515899867743062f,-0.27750379203749187f,-0.317884093513038f,0.5143254736214317f,0.8534240689103226f,0.08447878898657848f,1.5860009927899146f,0.2804110114039503f,-0.07426092557489512f,-0.9570031241412819f,-0.15221120490512777f,0f,0f,0f,1f], start_interpolation: 0, interpolation_duration: 1 }
$data merge entity $(bone_uppertail) { transformation: [-0.9996939145744951f,-0.024564353050479f,0.002944439154276924f,0.017981378225035784f,-0.0123503902601695f,0.3923795158914137f,-0.9197204919807113f,0.5193249579332826f,0.021437001262847526f,-0.9194753439152306f,-0.3925627935869946f,-0.710824358565601f,0f,0f,0f,1f], start_interpolation: 0, interpolation_duration: 1 }
$data merge entity $(bone_middletail) { transformation: [-0.9996939145744951f,-0.024206263623909256f,-0.005112138895963556f,0.019918825231533557f,-0.0123503902601695f,0.6673247247585782f,-0.7446644745026513f,0.801626227174883f,0.021437001262847526f,-0.7443734066496854f,-0.6674194231887464f,-0.4578325915836858f,0f,0f,0f,1f], start_interpolation: 0, interpolation_duration: 1 }
$data merge entity $(bone_tail) { transformation: [-0.9998435286862258f,0.010561648335762721f,-0.014190480214135074f,0.024353350298450767f,0.013956621281818984f,0.963879509419264f,-0.26597275056681097f,0.8847427117270114f,0.010868802448842096f,-0.2661291846192575f,-0.9638760948520393f,-0.1566213119424235f,0f,0f,0f,1f], start_interpolation: 0, interpolation_duration: 1 }
$data merge entity $(bone_hair) { transformation: [-0.6893482583354141f,0.1211476136570285f,0.01579424043423549f,0.12257329865131407f,0.12147545032137741f,0.6889215129375019f,0.03588143687888837f,2.084797222568916f,-0.006534041563189555f,0.02665341848826666f,-0.9992312367298233f,0.1545144223657857f,0f,0f,0f,1f], start_interpolation: 0, interpolation_duration: 1 }
$data merge entity $(bone_ear_left) { transformation: [-0.3972276115885288f,-0.24848222425309008f,-0.8975943733376643f,0.14996125088911127f,-0.03315012512950063f,1.2745460634062695f,-0.19410717958329482f,2.1315858131803718f,0.9171211990765297f,-0.06155417521029213f,-0.3957862349637543f,-0.11323374883056489f,0f,0f,0f,1f], start_interpolation: 0, interpolation_duration: 1 }
$data merge entity $(bone_ear_right) { transformation: [-0.3675696215978037f,-0.12400336802507596f,0.9250912680254478f,-0.14805843736718555f,0.014334830298587214f,1.2922348112394626f,0.1081909307879136f,2.132589859262529f,-0.9298855230181606f,0.0689373435762404f,-0.36400668718900453f,-0.11673257106460695f,0f,0f,0f,1f], start_interpolation: 0, interpolation_duration: 1 }
$data merge entity $(bone_head) { transformation: [-0.9998751023920268f,-0.0005670852134966684f,0.01579424043423549f,0.0022839127535256186f,0f,0.9993560539104702f,0.03588143687888837f,1.7368411687504548f,-0.015804417627163798f,0.03587695537325156f,-0.9992312367298233f,-0.1444929862117099f,0f,0f,0f,1f], start_interpolation: 0, interpolation_duration: 1 }
$data merge entity $(bone_body) { transformation: [-0.9998751023920268f,0.0018564941121069218f,0.015695000673638663f,0.0006591627481849343f,0f,0.9930768120593654f,-0.11746678402854135f,0.8075843749999999f,-0.015804417627163798f,-0.11745211270819989f,-0.9929527791410055f,-0.04170229083301547f,0f,0f,0f,1f], start_interpolation: 0, interpolation_duration: 1 }
$data merge entity $(bone_shoe_right) { transformation: [-0.9409975034522855f,-0.0028716587547456098f,0.3387073777793643f,-0.25240997628664313f,-0.00543438938279642f,1.0374706324929475f,0.005446229481260154f,0.2616548705774036f,-0.33870070661843976f,0.0035434558626050577f,-0.9408885652819173f,0.2953119847456204f,0f,0f,0f,1f], start_interpolation: 0, interpolation_duration: 1 }
$data merge entity $(bone_lowerleg_right) { transformation: [-0.9626595849480899f,0.05396458603875841f,0.2656719455472252f,-0.22555815782321875f,0.05150105623677821f,1.0361820492980067f,-0.008883085495616061f,0.7233158018951806f,-0.26577088763457024f,0.005323923952181064f,-0.9640225661991682f,0.2934094632336461f,0f,0f,0f,1f], start_interpolation: 0, interpolation_duration: 1 }
$data merge entity $(bone_leg_right) { transformation: [-0.9626595849480899f,0.24272646450610563f,0.11987654873217442f,-0.14909782499267538f,0.05150105623677821f,0.5989312056428493f,-0.799142698217095f,0.8275f,-0.26577088763457024f,-0.7631286093022388f,-0.5890675351352878f,0.036648172975655216f,0f,0f,0f,1f], start_interpolation: 0, interpolation_duration: 1 }
$data merge entity $(bone_shoe_left) { transformation: [-0.9973029362481638f,0.006665770191358687f,-0.08527384353246795f,0.1031173628228764f,0.006408667410885246f,0.9999724272636699f,0.004376741008060958f,0.2499103785814763f,0.07311485712772386f,0.0032729528198481295f,-1.1635378493450306f,-0.246011857265508f,0f,0f,0f,1f], start_interpolation: 0, interpolation_duration: 1 }
$data merge entity $(bone_lowerleg_left) { transformation: [-0.9993350397266128f,0.03585831314209538f,-0.0066075527400512035f,0.11661452444463684f,0.021860246829224293f,0.7342534414249686f,0.6785234066442777f,0.46231151937962284f,0.02918232312847139f,0.6779277728004611f,-0.734549063631989f,-0.11200367143307882f,0f,0f,0f,1f], start_interpolation: 0, interpolation_duration: 1 }
$data merge entity $(bone_leg_left) { transformation: [-0.9987867896970989f,0.02521991922455597f,0.042295441845074784f,0.125482226954259f,0.034421910899164736f,0.9717687159505688f,0.23341099963333525f,0.8039999999999999f,-0.0352147806554747f,0.23458371293440156f,-0.9714578739447722f,-0.029520513521953385f,0f,0f,0f,1f], start_interpolation: 0, interpolation_duration: 1 }