# This file was generated by Animated Java via MC-Build. It is not recommended to edit this file directly.
$data merge entity $(bone_hammer) { transformation: [-0.000014767029662155242f,-0.000010276289889613043f,-0.000010505259579822001f,1.0620213312518185f,-0.000006213160102885849f,-0.000009130478286141041f,0.000017665185693334567f,1.0826068340501989f,-0.000013317629453874762f,0.00001565439267901254f,0.000003407126847997254f,-0.9344354722818543f,0f,0f,0f,1f], start_interpolation: 0, interpolation_duration: 1 }
$data merge entity $(bone_hand_left) { transformation: [-0.7088174237834516f,-0.5042524598314561f,0.49326191470142583f,0.8371209879240658f,-0.2982316849385207f,0.847928913280059f,0.4382629577347701f,0.9496893350165221f,-0.6392462137859884f,0.16354208870386833f,-0.7514108485926018f,-0.5565630868834354f,0f,0f,0f,1f], start_interpolation: 0, interpolation_duration: 1 }
$data merge entity $(bone_lowerarm_left) { transformation: [-0.7088174237834516f,-0.5638540095889498f,0.42384727864108707f,0.587791793058952f,-0.2982316849385207f,0.7840720456478962f,0.5443242501783786f,1.2963961927014511f,-0.6392462137859884f,0.2594218246485591f,-0.7239230587958158f,-0.44184999879665066f,0f,0f,0f,1f], start_interpolation: 0, interpolation_duration: 1 }
$data merge entity $(bone_arm_left) { transformation: [-0.8333243974545781f,-0.5412358009788122f,0.11240220792221102f,0.31971093538663414f,-0.2642523772183937f,0.5686389998500176f,0.7789867579002862f,1.578050197314663f,-0.4855318009578693f,0.6194461200043108f,-0.6168835989635424f,-0.13503059248201543f,0f,0f,0f,1f], start_interpolation: 0, interpolation_duration: 1 }
$data merge entity $(bone_bread) { transformation: [-0.000007908657190388456f,0.0000020830977934054255f,-0.000005754463052972574f,-0.7958284190630153f,0.000005611764618774665f,0.000006219772084210944f,-0.000005461001106385082f,0.5858929363548768f,0.0000024415649302006753f,-0.000007548187782744921f,-0.00000608798997108524f,0.2261723607565856f,0f,0f,0f,1f], start_interpolation: 0, interpolation_duration: 1 }
$data merge entity $(bone_hand_right) { transformation: [-0.7908657190388455f,0.2083097793405425f,-0.5754463052972574f,-0.7277589741100423f,0.5611764618774665f,0.6219772084210944f,-0.5461001106385082f,0.8252864933941464f,0.24415649302006753f,-0.7548187782744921f,-0.6087989971085239f,0.15241540846136017f,0f,0f,0f,1f], start_interpolation: 0, interpolation_duration: 1 }
$data merge entity $(bone_lowerarm_right) { transformation: [-0.7908657190388455f,0.3100773238811029f,-0.5276205716837655f,-0.5906466574563671f,0.5611764618774665f,0.7113929986476583f,-0.42308507431695264f,1.1398555849836578f,0.24415649302006753f,-0.6306917271455418f,-0.7366244309187111f,-0.12646858963580906f,0f,0f,0f,1f], start_interpolation: 0, interpolation_duration: 1 }
$data merge entity $(bone_arm_right) { transformation: [-0.7908657190388455f,0.5583210136624356f,-0.25061735804233576f,-0.314103280376692f,0.5611764618774665f,0.8249807898226915f,0.06699011164505184f,1.5484788824427098f,0.24415649302006753f,-0.0876603794566198f,-0.9657656365752837f,-0.16988787133541605f,0f,0f,0f,1f], start_interpolation: 0, interpolation_duration: 1 }
$data merge entity $(bone_uppertail) { transformation: [-0.9997390329713393f,-0.022124496064210877f,0.005689694845581515f,0.020734197663198044f,-0.014550706443118532f,0.4247116190381405f,-0.9052117529042623f,0.5199802335060613f,0.01761087435470789f,-0.9050583115622473f,-0.42492271035631485f,-0.7437621478048642f,0f,0f,0f,1f], start_interpolation: 0, interpolation_duration: 1 }
$data merge entity $(bone_middletail) { transformation: [-0.9997390329713393f,-0.022736215936710942f,-0.0022204590539730285f,0.021575491542768187f,-0.014550706443118532f,0.7086990278405721f,-0.7053608756373108f,0.7873830469874119f,0.01761087435470789f,-0.705144490457599f,-0.7088449087647845f,-0.4750659959086762f,0f,0f,0f,1f], start_interpolation: 0, interpolation_duration: 1 }
$data merge entity $(bone_tail) { transformation: [-0.9998676349650412f,0.012061927344966961f,-0.010918903705944373f,0.024987648950875803f,0.01402259088097569f,0.9792104143190341f,-0.2023618823645651f,0.8506211352263385f,0.008251029899335287f,-0.20248820804646883f,-0.9792499405707055f,-0.16905038948033074f,0f,0f,0f,1f], start_interpolation: 0, interpolation_duration: 1 }
$data merge entity $(bone_hair) { transformation: [-0.6893384038237906f,0.12102545445432006f,0.018372805313535516f,0.12241555634905454f,0.12145617762415487f,0.6888122120401288f,0.040054388057762805f,2.0494603355569767f,-0.007807812151818598f,0.02984251863549171f,-0.9990285711741326f,0.14167946762825032f,0f,0f,0f,1f], start_interpolation: 0, interpolation_duration: 1 }
$data merge entity $(bone_ear_left) { transformation: [-0.3995929925843575f,-0.255011423220502f,-0.8954583527977508f,0.15111772794139194f,-0.03700542931383155f,1.273339015410796f,-0.19805782251873852f,2.0950402880557837f,0.9159454342256291f,-0.059807406395187133f,-0.3986570422604808f,-0.1298919531624041f,0f,0f,0f,1f], start_interpolation: 0, interpolation_duration: 1 }
$data merge entity $(bone_ear_right) { transformation: [-0.36503625136726253f,-0.14035909565519541f,0.9247114850654291f,-0.14816892474340584f,0.015733104445162797f,1.2901139062413485f,0.12208199361803215f,2.096139163378142f,-0.9308603572030844f,0.0768468163917279f,-0.3605615845071893f,-0.13405840211620063f,0f,0f,0f,1f], start_interpolation: 0, interpolation_duration: 1 }
$data merge entity $(bone_head) { transformation: [-0.999830934502906f,-0.0007365025162735851f,0.018372805313535516f,0.002925733628756387f,0f,0.9991975009963335f,0.040054388057762805f,1.7027478617337417f,-0.01838756131316919f,0.040047616242735035f,-0.9990285711741326f,-0.15908792570828942f,0f,0f,0f,1f], start_interpolation: 0, interpolation_duration: 1 }
$data merge entity $(bone_body) { transformation: [-0.999830934502906f,0.002205119065993723f,0.018254858557390882f,0.0009931397678662381f,0f,0.9927830149132792f,-0.11992449832998868f,0.7737483749999999f,-0.01838756131316919f,-0.11990422323506478f,-0.9926151695593565f,-0.054002368518903734f,0f,0f,0f,1f], start_interpolation: 0, interpolation_duration: 1 }
$data merge entity $(bone_shoe_right) { transformation: [-0.9447411205343808f,-0.0025334785463308708f,0.3282656788001085f,-0.2613227444421039f,-0.005949810962265751f,1.042338971285884f,0.006458110836445142f,0.2633156724992677f,-0.3282541156249258f,0.004474732914944981f,-0.9445804894658917f,0.30994946480780766f,0f,0f,0f,1f], start_interpolation: 0, interpolation_duration: 1 }
$data merge entity $(bone_lowerleg_right) { transformation: [-0.9633954948281171f,0.06132844619914006f,0.26155018916430695f,-0.231208054593963f,0.05833617347862241f,1.0406975813735935f,-0.009647460515697925f,0.7269745616778983f,-0.2616601066436372f,0.006217095504543524f,-0.9651416606144995f,0.30843310398802326f,0f,0f,0f,1f], start_interpolation: 0, interpolation_duration: 1 }
$data merge entity $(bone_leg_right) { transformation: [-0.9633954948281171f,0.25525951735639046f,0.08192496166535634f,-0.1522109284808268f,0.05833617347862241f,0.49788121423926657f,-0.8652809875245763f,0.79674f,-0.2616601066436372f,-0.8288286163656612f,-0.49454738224423384f,0.03313081349747746f,0f,0f,0f,1f], start_interpolation: 0, interpolation_duration: 1 }
$data merge entity $(bone_shoe_left) { transformation: [-0.9987496565887785f,0.00385972920893006f,-0.058979711754873654f,0.11334364704993787f,0.0037510606416802303f,0.9999903800627449f,0.002690444640789158f,0.2539323724932969f,0.04985030599564421f,0.002083811987862838f,-1.181859523330385f,-0.25727228084484166f,0f,0f,0f,1f], start_interpolation: 0, interpolation_duration: 1 }
$data merge entity $(bone_lowerleg_left) { transformation: [-0.9997046729820244f,0.021823556426748936f,0.010691080524995657f,0.11850938144607186f,0.02250267669569556f,0.6651975025391929f,0.746328287121123f,0.4340161914253679f,0.009175857422194185f,0.7463484541422384f,-0.6654921401790248f,-0.1336499524397739f,0f,0f,0f,1f], start_interpolation: 0, interpolation_duration: 1 }
$data merge entity $(bone_leg_left) { transformation: [-0.9972460792796504f,0.020867433544473644f,0.07116746151600695f,0.12578431554862532f,0.03889363110071262f,0.9642069546842386f,0.2622827367524374f,0.770164f,-0.06314699376191264f,0.26432839188368257f,-0.9623632154353258f,-0.04149814909081917f,0f,0f,0f,1f], start_interpolation: 0, interpolation_duration: 1 }