# This file was generated by Animated Java via MC-Build. It is not recommended to edit this file directly.
$data merge entity $(bone_hammer) { transformation: [-0.000014520082824197099f,-0.000009959130626104789f,-0.000011136008698291143f,1.0714655689732688f,-0.000006256082123904654f,-0.000010048658880702135f,0.000017143910549697367f,1.1128080450197724f,-0.000013566739070800869f,0.000015292741730940386f,0.000004012906566734072f,-0.971867998715013f,0f,0f,0f,1f], start_interpolation: 0, interpolation_duration: 1 }
$data merge entity $(bone_hand_left) { transformation: [-0.6969639755614606f,-0.5345284175179749f,0.4780382700530297f,0.8510674207219784f,-0.30029194194742337f,0.8229077063854733f,0.48233562627370263f,0.9584438535463584f,-0.6512034753984416f,0.19261951520323561f,-0.7340516030851384f,-0.5995359986624236f,0f,0f,0f,1f], start_interpolation: 0, interpolation_duration: 1 }
$data merge entity $(bone_lowerarm_left) { transformation: [-0.6969639755614606f,-0.5900011645852333f,0.4076025546505224f,0.5901762807569456f,-0.30029194194742337f,0.7562892743377454f,0.5812497596757625f,1.2928655170425802f,-0.6512034753984416f,0.2827103806190268f,-0.7042789747814683f,-0.4745250022324477f,0f,0f,0f,1f], start_interpolation: 0, interpolation_duration: 1 }
$data merge entity $(bone_arm_left) { transformation: [-0.8324859482453507f,-0.5511138697893959f,0.05692669408806278f,0.3172026921268854f,-0.27972599645449503f,0.5067702036079177f,0.8154368937218436f,1.543875133517127f,-0.47824733442182277f,0.6629158794756287f,-0.5760399498797585f,-0.1461744806796753f,0f,0f,0f,1f], start_interpolation: 0, interpolation_duration: 1 }
$data merge entity $(bone_bread) { transformation: [-0.00000768433467160969f,0.0000021384748706549386f,-0.000006031411599474418f,-0.82174704696454f,0.000006041824579497185f,0.000005530482727821016f,-0.0000057367339617466235f,0.5998709480677383f,0.0000021088756258444696f,-0.000008052371453481935f,-0.000005541837021229363f,0.26442746311660503f,0f,0f,0f,1f], start_interpolation: 0, interpolation_duration: 1 }
$data merge entity $(bone_hand_right) { transformation: [-0.7684334671609688f,0.21384748706549386f,-0.6031411599474418f,-0.7476023558730935f,0.6041824579497185f,0.5530482727821016f,-0.5736733961746623f,0.8303208358825133f,0.21088756258444694f,-0.8052371453481935f,-0.5541837021229363f,0.1707352729985827f,0f,0f,0f,1f], start_interpolation: 0, interpolation_duration: 1 }
$data merge entity $(bone_lowerarm_right) { transformation: [-0.7684334671609688f,0.31984607143948485f,-0.554263923714777f,-0.6061704211584463f,0.6041824579497185f,0.6480515380172378f,-0.46367311931934274f,1.1168811253495106f,0.21088756258444694f,-0.6911784824907533f,-0.6912298758654537f,-0.1348952122277972f,0f,0f,0f,1f], start_interpolation: 0, interpolation_duration: 1 }
$data merge entity $(bone_arm_right) { transformation: [-0.7684334671609688f,0.5974663338581545f,-0.22922475096086f,-0.31023787766932914f,0.6041824579497185f,0.7954109570346685f,0.04780132775383476f,1.5108581150057447f,0.21088756258444694f,-0.10176143343766739f,-0.9721990776646017f,-0.18529892222739186f,0f,0f,0f,1f], start_interpolation: 0, interpolation_duration: 1 }
$data merge entity $(bone_uppertail) { transformation: [-0.9997758590413353f,-0.019569581377481896f,0.008078561930828678f,0.023662238297601966f,-0.016799884365545737f,0.5011011637506878f,-0.8652256281300332f,0.5401311813731569f,0.012883926554603315f,-0.8651674145345609f,-0.5013176131596805f,-0.7855331929329676f,0f,0f,0f,1f], start_interpolation: 0, interpolation_duration: 1 }
$data merge entity $(bone_middletail) { transformation: [-0.9997758590413353f,-0.021162219415151323f,0.000626216883446106f,0.023424441200652946f,-0.016799884365545737f,0.7749898912883252f,-0.6317502926680875f,0.7796308874347849f,0.012883926554603315f,-0.6316192119230819f,-0.7751717071502291f,-0.49169237084405576f,0f,0f,0f,1f], start_interpolation: 0, interpolation_duration: 1 }
$data merge entity $(bone_tail) { transformation: [-0.9998860143941346f,0.01324223073500915f,-0.007252692201737545f,0.02569090751369593f,0.014005078652395512f,0.9929303595937863f,-0.11786924437228992f,0.8164650263011255f,0.005640566545355261f,-0.1179573834997842f,-0.9930026383081428f,-0.18137904637276114f,0f,0f,0f,1f], start_interpolation: 0, interpolation_duration: 1 }
$data merge entity $(bone_hair) { transformation: [-0.6893258173382386f,0.1208888014646996f,0.020986644509076367f,0.12226343172069086f,0.12143566599058066f,0.6886958847855487f,0.044062972211952336f,2.014096739651134f,-0.009126695809182846f,0.032922271487223376f,-0.9988082975386711f,0.13155339617942635f,0f,0f,0f,1f], start_interpolation: 0, interpolation_duration: 1 }
$data merge entity $(bone_ear_left) { transformation: [-0.40198811602305917f,-0.25103925645321945f,-0.8950503866525565f,0.1523102620538174f,-0.04070887816823635f,1.2744040655021596f,-0.19321874696840302f,2.05845631764439f,0.9147394939623604f,-0.053605685808340575f,-0.40193447373056856f,-0.14385711420439726f,0f,0f,0f,1f], start_interpolation: 0, interpolation_duration: 1 }
$data merge entity $(bone_ear_right) { transformation: [-0.362448487489998f,-0.15691928936266267f,0.924154142392903f,-0.14824172221811036f,0.016952658803536445f,1.2877276747391124f,0.13602936975890492f,2.0596492274244103f,-0.9318496130147309f,0.08446166193555281f,-0.3569805760276498f,-0.14870810701281206f,0f,0f,0f,1f], start_interpolation: 0, interpolation_duration: 1 }
$data merge entity $(bone_head) { transformation: [-0.9997793276297986f,-0.0009256329496609688f,0.020986644509076367f,0.0035911988153837114f,0f,0.9990287555820646f,0.044062972211952336f,1.6685847539769212f,-0.021007047486685113f,0.04405324873143619f,-0.9988082975386711f,-0.17091437239359608f,0f,0f,0f,1f], start_interpolation: 0, interpolation_duration: 1 }
$data merge entity $(bone_body) { transformation: [-0.9997793276297986f,0.00250554910759041f,0.020857091546457197f,0.0013961178724413493f,0f,0.9928616365377875f,-0.11927183528187389f,0.739516375f,-0.021007047486685113f,-0.11924551528328398f,-0.9926425394071706f,-0.0664448342246126f,0f,0f,0f,1f], start_interpolation: 0, interpolation_duration: 1 }
$data merge entity $(bone_shoe_right) { transformation: [-0.9483780433411619f,-0.001954250580207209f,0.3177977482843473f,-0.2688469757541367f,-0.006366048692269321f,1.0472517659074645f,0.007512772086942305f,0.2650217540056725f,-0.3177791961069738f,0.005504326855827602f,-0.9481511695873619f,0.3215352053100729f,0f,0f,0f,1f], start_interpolation: 0, interpolation_duration: 1 }
$data merge entity $(bone_lowerleg_right) { transformation: [-0.964071578924801f,0.06884769336165178f,0.25738322950371834f,-0.23540047852552742f,0.0652692173927179f,1.045211235324062f,-0.010326293138214038f,0.7306780268640138f,-0.25749935916499556f,0.007169007725554899f,-0.966254231990867f,0.3204311369732143f,0f,0f,0f,1f], start_interpolation: 0, interpolation_duration: 1 }
$data merge entity $(bone_leg_right) { transformation: [-0.964071578924801f,0.26224476179545836f,0.042351807756984265f,-0.15534314787453138f,0.0652692173927179f,0.38838970809114093f,-0.919180811325944f,0.76562f,-0.25749935916499556f,-0.8833918267449171f,-0.3915519894852981f,0.02955522113656861f,0f,0f,0f,1f], start_interpolation: 0, interpolation_duration: 1 }
$data merge entity $(bone_shoe_left) { transformation: [-0.9996640268022687f,0.001077722296700518f,-0.03107680366863785f,0.12384058751696743f,0.0010338266694484288f,0.9999980064285865f,0.0020499783971873464f,0.25375251360428236f,0.025899125851864f,0.001680968025796925f,-1.1995957776944333f,-0.2635397939648022f,0f,0f,0f,1f], start_interpolation: 0, interpolation_duration: 1 }
$data merge entity $(bone_lowerleg_left) { transformation: [-0.9996803493926635f,0.004238341342209739f,0.02492459630223226f,0.1210782729314571f,0.022635661261503924f,0.5891753360242122f,0.807688089710385f,0.40565499244092457f,-0.01126169957940562f,0.8079940964409478f,-0.5890829434291573f,-0.1551663058337312f,0f,0f,0f,1f], start_interpolation: 0, interpolation_duration: 1 }
$data merge entity $(bone_leg_left) { transformation: [-0.994872517080925f,0.014688104605195233f,0.10006465080222726f,0.12615410438894584f,0.0433809134714986f,0.9557337110871411f,0.29101747342381246f,0.735932f,-0.09136066496826296f,0.29386618225768657f,-0.9514703862032959f,-0.05361370580199579f,0f,0f,0f,1f], start_interpolation: 0, interpolation_duration: 1 }