# This file was generated by Animated Java via MC-Build. It is not recommended to edit this file directly.
$data merge entity $(bone_hammer) { transformation: [-0.000014298750475504748f,-0.00000975170970902728f,-0.000011596450765984123f,1.0772850515968853f,-0.000006222413710827408f,-0.000010758970377728305f,0.000016719865483916133f,1.1339846834465526f,-0.000013815030952854856f,0.000014939092741522355f,0.000004471711709137151f,-1.0002039101947564f,0f,0f,0f,1f], start_interpolation: 0, interpolation_duration: 1 }
$data merge entity $(bone_hand_left) { transformation: [-0.6863400228242278f,-0.5566296367672379f,0.4680820660333093f,0.8595654640976194f,-0.29867585811971553f,0.802553543227974f,0.5164305781309587f,0.9628303981527981f,-0.663121485737033f,0.21464216203858333f,-0.7170764515930729f,-0.6336808447954099f,0f,0f,0f,1f], start_interpolation: 0, interpolation_duration: 1 }
$data merge entity $(bone_lowerarm_left) { transformation: [-0.6863400228242278f,-0.6096775721615532f,0.39652317848119883f,0.5899736626574326f,-0.29867585811971553f,0.7334002333766808f,0.6106691653092384f,1.2871308138490491f,-0.663121485737033f,0.3006947882591656f,-0.6854579049567417f,-0.50071736811206f,0f,0f,0f,1f], start_interpolation: 0, interpolation_duration: 1 }
$data merge entity $(bone_arm_left) { transformation: [-0.8312719498641853f,-0.5558099981217929f,0.007886149684607397f,0.31467402296273195f,-0.29268389344700674f,0.4497124829025267f,0.8438571094909054f,1.509879028036707f,-0.47257071839640746f,0.6991665958192634f,-0.5365100068077073f,-0.15441141362033106f,0f,0f,0f,1f], start_interpolation: 0, interpolation_duration: 1 }
$data merge entity $(bone_bread) { transformation: [-0.000007441654502406546f,0.0000020757712856097193f,-0.000006349248131601927f,-0.8391256964811703f,0.0000064272568921430835f,0.000004814573970376099f,-0.000005959047434462674f,0.6171904204953551f,0.0000018199305231825835f,-0.000008515342098448842f,-0.000004916991136576643f,0.30432649465196704f,0f,0f,0f,1f], start_interpolation: 0, interpolation_duration: 1 }
$data merge entity $(bone_hand_right) { transformation: [-0.7441654502406545f,0.20757712856097194f,-0.6349248131601927f,-0.7608629386034745f,0.6427256892143083f,0.4814573970376099f,-0.5959047434462673f,0.83716767460401f,0.18199305231825832f,-0.851534209844884f,-0.4916991136576643f,0.1908903412254978f,0f,0f,0f,1f], start_interpolation: 0, interpolation_duration: 1 }
$data merge entity $(bone_lowerarm_right) { transformation: [-0.7441654502406545f,0.31925934319814964f,-0.5867633717682197f,-0.6196904477830427f,0.6427256892143083f,0.5815249320200704f,-0.4987308310732805f,1.0943107304816349f,0.18199305231825832f,-0.748266145979984f,-0.6379469442580198f,-0.13998359520002635f,0f,0f,0f,1f], start_interpolation: 0, interpolation_duration: 1 }
$data merge entity $(bone_arm_right) { transformation: [-0.7441654502406545f,0.6326168584002468f,-0.21450802580772105f,-0.3063474101066705f,0.6427256892143083f,0.7655812714271716f,0.028089237510974002f,1.473512703985406f,0.18199305231825832f,-0.11696677864999748f,-0.976318237871303f,-0.19791870275010323f,0f,0f,0f,1f], start_interpolation: 0, interpolation_duration: 1 }
$data merge entity $(bone_uppertail) { transformation: [-0.9998054325573194f,-0.01728920919399152f,0.00949632951817758f,0.02639568746947604f,-0.017972108810382324f,0.599994115821384f,-0.7998025158028846f,0.5635389386033154f,0.008130211176789314f,-0.7998175693401353f,-0.6001881000495252f,-0.8243911857798637f,0f,0f,0f,1f], start_interpolation: 0, interpolation_duration: 1 }
$data merge entity $(bone_middletail) { transformation: [-0.9998054325573194f,-0.019512305110490978f,0.002892572928470321f,0.025298789257123835f,-0.017972108810382324f,0.8406433027859173f,-0.5412909021830059f,0.7687484578804684f,0.008130211176789314f,-0.5412375702318343f,-0.8408304182388748f,-0.5056586262737714f,0f,0f,0f,1f], start_interpolation: 0, interpolation_duration: 1 }
$data merge entity $(bone_tail) { transformation: [-0.9998987938525146f,0.013738718732934876f,-0.0036945446084358236f,0.02645333444726003f,0.013889077490740118f,0.9989202974649042f,-0.044332074608388214f,0.7826022311955897f,0.00308148969536394f,-0.044378901746266616f,-0.999010018719058f,-0.19346799542406573f,0f,0f,0f,1f], start_interpolation: 0, interpolation_duration: 1 }
$data merge entity $(bone_hair) { transformation: [-0.6893103857035064f,0.12074061898787161f,0.02359933792345928f,0.12208728560995237f,0.12141454884763812f,0.6885761235166965f,0.047839643940290846f,1.9790420502100194f,-0.010473752403386057f,0.03584166638348007f,-0.9985762062643194f,0.1247246895795926f,0f,0f,0f,1f], start_interpolation: 0, interpolation_duration: 1 }
$data merge entity $(bone_ear_left) { transformation: [-0.40437955459659336f,-0.23475674175314168f,-0.896586458585344f,0.15349965331433987f,-0.04419806787906231f,1.27793499507318f,-0.1780578747282667f,2.0221487464441448f,0.9135226908074141f,-0.04208824739473811f,-0.40549736809089615f,-0.15454378604686278f,0f,0f,0f,1f], start_interpolation: 0, interpolation_duration: 1 }
$data merge entity $(bone_ear_right) { transformation: [-0.359840937058384f,-0.17354869758835498f,0.9234135138231705f,-0.14831613244862413f,0.017950350005245214f,1.2850978972577833f,0.14990894870330593f,2.0234350608825924f,-0.9328409751675969f,0.09167466405179431f,-0.35331967053564173f,-0.16008550602296312f,0f,0f,0f,1f], start_interpolation: 0, interpolation_duration: 1 }
$data merge entity $(bone_head) { transformation: [-0.9997208579003856f,-0.0011302780593625598f,0.02359933792345928f,0.004238734849344091f,0f,0.9988550287542564f,0.047839643940290846f,1.6346663838252848f,-0.02362638946003176f,0.04782628988163655f,-0.9985762062643194f,-0.1793567166564789f,0f,0f,0f,1f], start_interpolation: 0, interpolation_duration: 1 }
$data merge entity $(bone_body) { transformation: [-0.9997208579003856f,0.0027159237018154767f,0.023469768583499428f,0.0018654333930115386f,0f,0.9933709347847125f,-0.11495297266685393f,0.7051523749999999f,-0.02362638946003176f,-0.11492088445270679f,-0.9930936431362808f,-0.07893346019595393f,0f,0f,0f,1f], start_interpolation: 0, interpolation_duration: 1 }
$data merge entity $(bone_shoe_right) { transformation: [-0.9518800287080591f,-0.0011119179069926507f,0.30739539328205956f,-0.27492970304115616f,-0.0066568534411197006f,1.0521697521079993f,0.008591534783959775f,0.2641941875139939f,-0.30736730397070067f,0.006618565500913944f,-0.9515713490835693f,0.3299966604584498f,0f,0f,0f,1f], start_interpolation: 0, interpolation_duration: 1 }
$data merge entity $(bone_lowerleg_right) { transformation: [-0.9646851033533971f,0.07646555935201217f,0.2531885124304595f,-0.23812249460524704f,0.0722457925945789f,1.049686043130381f,-0.010911999283099605f,0.7344617410352624f,-0.25330455349327324f,0.008172826372051467f,-0.9673554183674669f,0.32932547813605256f,0f,0f,0f,1f], start_interpolation: 0, interpolation_duration: 1 }
$data merge entity $(bone_leg_right) { transformation: [-0.9646851033533971f,0.2633962158654473f,0.002254958050189845f,-0.1584693682772651f,0.0722457925945789f,0.2728123313866606f,-0.9593508103377805f,0.73438f,-0.25330455349327324f,-0.9253085243912637f,-0.28220726048143396f,0.025951185055880108f,0f,0f,0f,1f], start_interpolation: 0, interpolation_duration: 1 }
$data merge entity $(bone_shoe_left) { transformation: [-0.9999497164052361f,0.009997013530908882f,-0.0009166066845140743f,0.12886628765171287f,0.009998539629928239f,0.9999481089332432f,-0.0022638273324735447f,0.25459881171814414f,0.0007706272485698412f,-0.0019593777822048963f,-1.1599974288411135f,-0.36556991357257834f,0f,0f,0f,1f], start_interpolation: 0, interpolation_duration: 1 }
$data merge entity $(bone_lowerleg_left) { transformation: [-0.9992409894266113f,-0.01627031915323382f,0.03539380969009194f,0.12428811084566604f,0.0222502831722678f,0.5074026598521355f,0.8614217699093353f,0.37743049153697084f,-0.031974520301021395f,0.8615554639659769f,-0.5066555166598796f,-0.1763491989854964f,0f,0f,0f,1f], start_interpolation: 0, interpolation_duration: 1 }
$data merge entity $(bone_leg_left) { transformation: [-0.991669161487037f,0.006719283318280634f,0.12863563031790803f,0.12658937426014646f,0.047839217466862684f,0.9464243596539446f,0.31936239716938997f,0.701568f,-0.11959800762452125f,0.3228556685042244f,-0.9388612964048179f,-0.06577551085643177f,0f,0f,0f,1f], start_interpolation: 0, interpolation_duration: 1 }