# This file was generated by Animated Java via MC-Build. It is not recommended to edit this file directly.
$data merge entity $(bone_hammer) { transformation: [-0.000014098230037930317f,-0.000009695073086202247f,-0.00001188584222630328f,1.0813779093166964f,-0.000006128130188665204f,-0.000011239167352115957f,0.000016436389974677503f,1.143801137289035f,-0.000014061070655044283f,0.00001461897578020108f,0.000004753905441794663f,-1.0186449933528872f,0f,0f,0f,1f], start_interpolation: 0, interpolation_duration: 1 }
$data merge entity $(bone_hand_left) { transformation: [-0.6767150418206551f,-0.5705204268625574f,0.46536350813770766f,0.8636129322902657f,-0.2941502490559298f,0.7889467187845197f,0.5394800329015661f,0.9611598028894224f,-0.6749313914421254f,0.22818746120614392f,-0.7017108374496517f,-0.6577359696718393f,0f,0f,0f,1f], start_interpolation: 0, interpolation_duration: 1 }
$data merge entity $(bone_lowerarm_left) { transformation: [-0.6767150418206551f,-0.6231112655311172f,0.39215953761432176f,0.5880809195632248f,-0.2941502490559298f,0.71711080694367f,0.6318446973307075f,1.2782572378348265f,-0.6749313914421254f,0.31222498511939806f,-0.6685680036564632f,-0.5196739840643555f,0f,0f,0f,1f], start_interpolation: 0, interpolation_duration: 1 }
$data merge entity $(bone_arm_left) { transformation: [-0.8297500679643177f,-0.5571737908451228f,-0.03274433551754642f,0.31210577628525f,-0.30266825301497946f,0.39989387717786584f,0.8651455459126601f,1.4763296738744882f,-0.4689421641632053f,0.7277652463472888f,-0.5004507896676755f,-0.15920276048296397f,0f,0f,0f,1f], start_interpolation: 0, interpolation_duration: 1 }
$data merge entity $(bone_bread) { transformation: [-0.0000071925758564670235f,0.0000018778726312968215f,-0.000006688830012012117f,-0.8461749405017293f,0.000006763455101819168f,0.000004093645044945925f,-0.000006123540261292152f,0.6363024374685546f,0.000001588246717183427f,-0.000008928362930941823f,-0.0000042144759743935f,0.34596960091284523f,0f,0f,0f,1f], start_interpolation: 0, interpolation_duration: 1 }
$data merge entity $(bone_hand_right) { transformation: [-0.7192575856467023f,0.18778726312968214f,-0.6688830012012117f,-0.7664397006448788f,0.6763455101819168f,0.4093645044945925f,-0.6123540261292152f,0.8446667704792685f,0.1588246717183427f,-0.8928362930941823f,-0.4214475974393499f,0.213269153460808f,0f,0f,0f,1f], start_interpolation: 0, interpolation_duration: 1 }
$data merge entity $(bone_lowerarm_right) { transformation: [-0.7192575856467023f,0.30648115006395243f,-0.6234884362561616f,-0.6309175671009748f,0.6763455101819168f,0.5140550667943482f,-0.5275453906156522f,1.0719754953273943f,0.1588246717183427f,-0.8011346284854597f,-0.5770251560331017f,-0.1409825650726062f,0f,0f,0f,1f], start_interpolation: 0, interpolation_duration: 1 }
$data merge entity $(bone_arm_right) { transformation: [-0.7192575856467023f,0.6630538003851796f,-0.20743235833506563f,-0.3024987315976905f,0.6763455101819168f,0.7365280953780913f,0.009116774401292202f,1.4367870675693553f,0.1588246717183427f,-0.1337386350816091f,-0.9782068805421832f,-0.20722498276146573f,0f,0f,0f,1f], start_interpolation: 0, interpolation_duration: 1 }
$data merge entity $(bone_uppertail) { transformation: [-0.999824742922955f,-0.015518619254661005f,0.010471671092794583f,0.028969198556362322f,-0.01837509061722155f,0.7064063628912032f,-0.7075679518686743f,0.5905837399629736f,0.0035832225517962945f,-0.7076363634828631f,-0.7065677162118955f,-0.8588083256245153f,0f,0f,0f,1f], start_interpolation: 0, interpolation_duration: 1 }
$data merge entity $(bone_middletail) { transformation: [-0.999824742922955f,-0.018100432260509683f,0.004780982224345253f,0.027156467142654697f,-0.01837509061722155f,0.8999211789776291f,-0.43566527021593376f,0.7557537111508602f,0.0035832225517962945f,-0.43567676777571746f,-0.9000960585052287f,-0.5176072278836557f,0f,0f,0f,1f], start_interpolation: 0, interpolation_duration: 1 }
$data merge entity $(bone_tail) { transformation: [-0.9999065222889958f,0.013668692672054124f,-0.0003369340628529595f,0.027261759037296246f,0.01365893326249356f,0.9996971686122429f,0.020469602116203675f,0.7493569604895466f,0.0006166247290887404f,0.020463086504774297f,-0.9997904189702169f,-0.2051727219554629f,0f,0f,0f,1f], start_interpolation: 0, interpolation_duration: 1 }
$data merge entity $(bone_hair) { transformation: [-0.6892921040845177f,0.12058479223593442f,0.02617457592408131f,0.12184994295276513f,0.12139356748581596f,0.6884571323008436f,0.05131691762987323f,1.9445886842613829f,-0.011832033629296896f,0.038549771277079786f,-0.9983393538973426f,0.12178646412188676f,0f,0f,0f,1f], start_interpolation: 0, interpolation_duration: 1 }
$data merge entity $(bone_ear_left) { transformation: [-0.40673412880572396f,-0.20427371432053915f,-0.8999313151118276f,0.15463861731735395f,-0.047410649869807454f,1.2836193493367416f,-0.1509783384668573f,1.9863881273202169f,0.9123155039478237f,-0.024364228820373902f,-0.4090588825522354f,-0.16136174662773836f,0f,0f,0f,1f], start_interpolation: 0, interpolation_duration: 1 }
$data merge entity $(bone_ear_right) { transformation: [-0.3572488436874199f,-0.19011062777744306f,0.922489802009676f,-0.1484396404288438f,0.0186829709311857f,1.2822552578049398f,0.16359777776016637f,1.9877674167274182f,-0.9338223654856345f,0.09838395721688682f,-0.3496402898695798f,-0.16758948294435788f,0f,0f,0f,1f], start_interpolation: 0, interpolation_duration: 1 }
$data merge entity $(bone_head) { transformation: [-0.9996564823123522f,-0.001344970664522925f,0.02617457592408131f,0.004818761464882105f,0f,0.9986824189726026f,0.05131691762987323f,1.601263790269822f,-0.026209108548249482f,0.051299289360991804f,-0.9983393538973426f,-0.18379511558809197f,0f,0f,0f,1f], start_interpolation: 0, interpolation_duration: 1 }
$data merge entity $(bone_body) { transformation: [-0.9996564823123522f,0.0027888277378374615f,0.026060311025438522f,0.0023956042531899217f,0f,0.9943226789824983f,-0.1064068139785597f,0.670920375f,-0.026209108548249482f,-0.10637026135587181f,-0.9939811115550384f,-0.09137210128103708f,0f,0f,0f,1f], start_interpolation: 0, interpolation_duration: 1 }
$data merge entity $(bone_shoe_right) { transformation: [-0.9552221738825143f,0.00001226563275766833f,0.29715145818956273f,-0.2796198504530243f,-0.006794561521175847f,1.0570541418684174f,0.00967271315662651f,0.26425402991582625f,-0.297110826074486f,0.007799677273582781f,-0.9548158521472118f,0.3355624912024049f,0f,0f,0f,1f], start_interpolation: 0, interpolation_duration: 1 }
$data merge entity $(bone_lowerleg_right) { transformation: [-0.9652351513083366f,0.08412318901494112f,0.248983498409422f,-0.2393961688518162f,0.07921095516762973f,1.0540867384520511f,-0.011399942464806245f,0.7391251457780857f,-0.24909180488366992f,0.009219726461954847f,-0.9684406325798212f,0.3353504540076152f,0f,0f,0f,1f], start_interpolation: 0, interpolation_duration: 1 }
$data merge entity $(bone_leg_right) { transformation: [-0.9652351513083366f,0.25871818372236177f,-0.037229075870545185f,-0.16156525302841124f,0.07921095516762973f,0.15379449922566468f,-0.9849227769674932f,0.70326f,-0.24909180488366992f,-0.9536310363129594f,-0.16894117118235694f,0.02234919608991457f,0f,0f,0f,1f], start_interpolation: 0, interpolation_duration: 1 }
$data merge entity $(bone_shoe_left) { transformation: [-0.9995713099124224f,0.01904032420964726f,0.0249099293905489f,0.13844185194566738f,0.019002453163197243f,0.9998176071973828f,-0.0021424261814784185f,0.2536544914760386f,-0.022273373649825817f,-0.0014894267661326732f,-1.1197209051490533f,-0.4665099992263265f,0f,0f,0f,1f], start_interpolation: 0, interpolation_duration: 1 }
$data merge entity $(bone_lowerleg_left) { transformation: [-0.9983768007527012f,-0.038906132204376165f,0.041594189446326923f,0.12808254405702063f,0.021354324533308676f,0.4213237621216094f,0.9066588555214248f,0.34953831989908707f,-0.05279920967711031f,0.9060753833697223f,-0.41980905553463643f,-0.19700971419289398f,0f,0f,0f,1f], start_interpolation: 0, interpolation_duration: 1 }
$data merge entity $(bone_leg_left) { transformation: [-0.9876668396649487f,-0.002938830685396152f,0.15654257280514766f,0.1270851350667277f,0.05222525653825168f,0.9363797430319767f,0.34708140171850627f,0.667336f,-0.14760330757054932f,0.35097626716570435f,-0.9246777403402019f,-0.07789196916930255f,0f,0f,0f,1f], start_interpolation: 0, interpolation_duration: 1 }