# This file was generated by Animated Java via MC-Build. It is not recommended to edit this file directly.
$data merge entity $(bone_hammer) { transformation: [-0.000013910232977745227f,-0.000009824958111927372f,-0.000012000141431729035f,1.0855205653062323f,-0.0000059902162943476595f,-0.000011465266794683889f,0.000016330730046492983f,1.1400090391561968f,-0.000014305610963169623f,0.000014354289714345655f,0.000004830283588450009f,-1.0264390015523999f,0f,0f,0f,1f], start_interpolation: 0, interpolation_duration: 1 }
$data merge entity $(bone_hand_left) { transformation: [-0.6676911829317708f,-0.5760067887229937f,0.4715979893725136f,0.8642041773512252f,-0.28753038212868764f,0.7838750422316629f,0.5503328061448267f,0.9518517177517702f,-0.6866693262321418f,0.23185361224560053f,-0.6890059062885913f,-0.670558903135166f,0f,0f,0f,1f], start_interpolation: 0, interpolation_duration: 1 }
$data merge entity $(bone_lowerarm_left) { transformation: [-0.6676911829317708f,-0.6304335450393336f,0.39590659191823463f,0.585434344154145f,-0.28753038212868764f,0.7089438018646921f,0.643991432513327f,1.2653378051388138f,-0.6866693262321418f,0.3161522277112324f,-0.6546243238110858f,-0.5307603399441054f,0f,0f,0f,1f], start_interpolation: 0, interpolation_duration: 1 }
$data merge entity $(bone_arm_left) { transformation: [-0.8280025002469278f,-0.5571463609023349f,-0.06324390973146564f,0.30947278726970723f,-0.30919620409063303f,0.3595738932197007f,0.880400092395935f,1.4434392491241967f,-0.4677708487718961f,0.7485282545422801f,-0.46999562252334576f,-0.16000493886613232f,0f,0f,0f,1f], start_interpolation: 0, interpolation_duration: 1 }
$data merge entity $(bone_bread) { transformation: [-0.000006950344332054736f,0.000001532277670462497f,-0.0000070245881592073905f,-0.841275335362589f,0.000007046831838966174f,0.000003390281021704515f,-0.00000623282886233874f,0.6553108796636008f,0.0000014264903431875242f,-0.000009282139825195063f,-0.0000034361323557628757f,0.38945563511503145f,0f,0f,0f,1f], start_interpolation: 0, interpolation_duration: 1 }
$data merge entity $(bone_hand_right) { transformation: [-0.6950344332054735f,0.15322776704624969f,-0.702458815920739f,-0.7633890614064717f,0.7046831838966173f,0.3390281021704515f,-0.623282886233874f,0.8514263367861599f,0.14264903431875242f,-0.9282139825195062f,-0.34361323557628753f,0.23827604553084744f,0f,0f,0f,1f], start_interpolation: 0, interpolation_duration: 1 }
$data merge entity $(bone_lowerarm_right) { transformation: [-0.6950344332054735f,0.2800624007144267f,-0.662187426915385f,-0.6395489685905611f,0.7046831838966173f,0.4480884921142574f,-0.550125725237511f,1.049565466892933f,0.14264903431875242f,-0.8489886659672454f,-0.5087921953677006f,-0.13713613020154383f,0f,0f,0f,1f], start_interpolation: 0, interpolation_duration: 1 }
$data merge entity $(bone_arm_right) { transformation: [-0.6950344332054735f,0.6880183487882275f,-0.20870526679858198f,-0.29876488020639214f,0.7046831838966173f,0.7094783206348416f,-0.00788180705747607f,1.400978947582378f,0.14264903431875242f,-0.15254921920444547f,-0.9779468230573897f,-0.21269566533874573f,0f,0f,0f,1f], start_interpolation: 0, interpolation_duration: 1 }
$data merge entity $(bone_uppertail) { transformation: [-0.9998317964105503f,-0.01439398330407668f,0.011366271644379727f,0.03140488262127156f,-0.0183291870986938f,0.806084931328702f,-0.5915159544637012f,0.6212053302649058f,-0.000647909525277708f,-0.591624793876528f,-0.8062131749629269f,-0.8872545692469613f,0f,0f,0f,1f], start_interpolation: 0, interpolation_duration: 1 }
$data merge entity $(bone_middletail) { transformation: [-0.9998317964105503f,-0.017171524493910142f,0.006443417804776656f,0.028961971047277497f,-0.0183291870986938f,0.9479248235257134f,-0.3179663030008786f,0.7417587599078134f,-0.000647909525277708f,-0.3180309225378887f,-0.9480801192530866f,-0.5278613343894764f,0f,0f,0f,1f], start_interpolation: 0, interpolation_duration: 1 }
$data merge entity $(bone_tail) { transformation: [-0.9999101093155146f,0.013120919667532921f,0.002759484682660067f,0.028099632083946228f,0.013298070960428999f,0.9967799942506947f,0.07907467591028423f,0.7170479236858496f,-0.0017130666557617392f,0.0791042636566654f,-0.9968648759355352f,-0.2163410606596216f,0f,0f,0f,1f], start_interpolation: 0, interpolation_duration: 1 }
$data merge entity $(bone_hair) { transformation: [-0.6892710847675553f,0.12042605049412565f,0.02867616751155135f,0.1215080228326196f,0.12137354922265277f,0.6883436030889059f,0.05442736473500913f,1.910965050652413f,-0.013184583893841875f,0.04099573696091945f,-0.9981058758392578f,0.1233374369467066f,0f,0f,0f,1f], start_interpolation: 0, interpolation_duration: 1 }
$data merge entity $(bone_ear_left) { transformation: [-0.40901891193982115f,-0.13899209340951527f,-0.9062407438813477f,0.15567310215269523f,-0.050284328287201516f,1.2925174372436374f,-0.09460439684995488f,1.9513798965804616f,0.9111394053624668f,0.008937135490758578f,-0.4120409229992063f,-0.16371500391927468f,0f,0f,0f,1f], start_interpolation: 0, interpolation_duration: 1 }
$data merge entity $(bone_ear_right) { transformation: [-0.35470809083812466f,-0.20646737823120612f,0.9213891909166052f,-0.14866659647462654f,0.019107234400284133f,1.2792389877133525f,0.1769742673222117f,1.9528519666546194f,-0.9347818375896835f,0.10449322485429016f,-0.34600876805047903f,-0.17061299155825896f,0f,0f,0f,1f], start_interpolation: 0, interpolation_duration: 1 }
$data merge entity $(bone_head) { transformation: [-0.9995875320259344f,-0.0015630851387709328f,0.02867616751155135f,0.005275064335147213f,0f,0.9985177324254197f,0.05442736473500913f,1.5685837667067024f,-0.028718736363245505f,0.05440491519014316f,-0.9981058758392578f,-0.1836044759544546f,0f,0f,0f,1f], start_interpolation: 0, interpolation_duration: 1 }
$data merge entity $(bone_body) { transformation: [-0.9995875320259344f,0.0026727296432793183f,0.0285940961486027f,0.002978348351391284f,0f,0.9956599687024419f,-0.09306571185701268f,0.637084375f,-0.028718736363245505f,-0.09302732523138804f,-0.995249290852293f,-0.10366472397757963f,0f,0f,0f,1f], start_interpolation: 0, interpolation_duration: 1 }
$data merge entity $(bone_shoe_right) { transformation: [-0.9583826891090549f,0.0014338416126201594f,0.28715953090537133f,-0.2827185793683909f,-0.006749943450069842f,1.0618667089727514f,0.010731545261469157f,0.2667558083027993f,-0.28710290354742574f,0.009025857675685294f,-0.9578635343134685f,0.33800920380191457f,0f,0f,0f,1f], start_interpolation: 0, interpolation_duration: 1 }
$data merge entity $(bone_lowerleg_right) { transformation: [-0.9657226360936078f,0.0917596857285187f,0.24478558186070304f,-0.239049835888765f,0.0861093161424311f,1.0583798248639271f,-0.011788444315759997f,0.746207080681339f,-0.24487747101335444f,0.010298854111308639f,-0.9695055706357396f,0.33827802036483584f,0f,0f,0f,1f], start_interpolation: 0, interpolation_duration: 1 }
$data merge entity $(bone_leg_right) { transformation: [-0.9657226360936078f,0.24850402485973946f,-0.07500359834650175f,-0.16460724555678952f,0.0861093161424311f,0.03411016247085508f,-0.9957016031370516f,0.6725000000000001f,-0.24487747101335444f,-0.9680300855059835f,-0.054339467658249326f,0.01878043423903719f,0f,0f,0f,1f], start_interpolation: 0, interpolation_duration: 1 }
$data merge entity $(bone_shoe_left) { transformation: [-0.998880303673794f,0.003190714486334921f,0.05097735311239464f,0.15059207340291306f,0.019053753181193712f,0.9403581277058112f,0.36682426340994373f,0.23681527418592696f,-0.043302348923118635f,0.3401711495684025f,-1.0145152878312906f,-0.5187410195933211f,0f,0f,0f,1f], start_interpolation: 0, interpolation_duration: 1 }
$data merge entity $(bone_lowerleg_left) { transformation: [-0.9970905184687016f,-0.06276451161708797f,0.04325637596105962f,0.1323843713449533f,0.01997183517635954f,0.3325404125798075f,0.9428775104969574f,0.3221685910468681f,-0.07356373956987525f,0.9409981350049106f,-0.3303193699100547f,-0.2169758711067566f,0f,0f,0f,1f], start_interpolation: 0, interpolation_duration: 1 }
$data merge entity $(bone_leg_left) { transformation: [-0.9829238580127322f,-0.014125982422737153f,0.18346974129255975f,0.12763364335320526f,0.056497700921594673f,0.9257238086787938f,0.37395646783523107f,0.6335000000000001f,-0.17512481017817066f,0.3779363526651289f,-0.9091179319506568f,-0.0898715921990192f,0f,0f,0f,1f], start_interpolation: 0, interpolation_duration: 1 }