# This file was generated by Animated Java via MC-Build. It is not recommended to edit this file directly.
$data merge entity $(bone_hammer) { transformation: [-0.000013628067071188024f,-0.000010412147646393182f,-0.000011827541886236865f,1.0949676548254754f,-0.000005711536578724685f,-0.000011309988190443024f,0.00001653754198240196f,1.1254600800220071f,-0.000014686113018456191f,0.000014060552133523281f,0.000004543867943435767f,-1.011841534239519f,0f,0f,0f,1f], start_interpolation: 0, interpolation_duration: 1 }
$data merge entity $(bone_hand_left) { transformation: [-0.654147219417025f,-0.5677220105393695f,0.4997830870268725f,0.8608220746829367f,-0.2741537557787848f,0.7938020151552937f,0.5428794331412652f,0.9407319974476755f,-0.704933424885897f,0.21810566128491696f,-0.6749065024091173f,-0.6624332509474299f,0f,0f,0f,1f], start_interpolation: 0, interpolation_duration: 1 }
$data merge entity $(bone_lowerarm_left) { transformation: [-0.654147219417025f,-0.6301883670660291f,0.4182750737775635f,0.582160656120927f,-0.2741537557787848f,0.7129492040517482f,0.6454015421691873f,1.255989223614308f,-0.704933424885897f,0.30751594179266634f,-0.6391422470952834f,-0.5264535454359852f,0f,0f,0f,1f], start_interpolation: 0, interpolation_duration: 1 }
$data merge entity $(bone_arm_left) { transformation: [-0.8255565103989788f,-0.5567083518490961f,-0.09237022853346089f,0.3064160505956716f,-0.31257902688053374f,0.31483163895208743f,0.8962005306119613f,1.411929269782764f,-0.4698412498837019f,0.7687371788174456f,-0.4339266640937327f,-0.1456884115529691f,0f,0f,0f,1f], start_interpolation: 0, interpolation_duration: 1 }
$data merge entity $(bone_bread) { transformation: [-0.000006586664850454996f,6.493527788346077e-7f,-0.000007496278217649105f,-0.8086164636207772f,0.00000740680685063144f,0.0000023136470036692463f,-0.000006307634249054989f,0.705638546159423f,0.000001324786180943869f,-0.00000970697576544992f,-0.000002004884800617749f,0.47340925076442814f,0f,0f,0f,1f], start_interpolation: 0, interpolation_duration: 1 }
$data merge entity $(bone_hand_right) { transformation: [-0.6586664850454995f,0.06493527788346076f,-0.7496278217649104f,-0.7418750491785001f,0.740680685063144f,0.2313647003669246f,-0.6307634249054989f,0.8813875452943216f,0.13247861809438688f,-0.970697576544992f,-0.2004884800617749f,0.29441012953383217f,0f,0f,0f,1f], start_interpolation: 0, interpolation_duration: 1 }
$data merge entity $(bone_lowerarm_right) { transformation: [-0.6586664850454995f,0.20657820097666352f,-0.7235218782863804f,-0.6505287509341318f,0.740680685063144f,0.347310429731259f,-0.5751239763514298f,1.0349638759411126f,0.13247861809438688f,-0.9147135684361161f,-0.3817702233892374f,-0.11006477650901288f,0f,0f,0f,1f], start_interpolation: 0, interpolation_duration: 1 }
$data merge entity $(bone_arm_right) { transformation: [-0.6586664850454995f,0.7167070776295648f,-0.22910570999758081f,-0.295534776545738f,0.740680685063144f,0.6711997695907294f,-0.02971518257967774f,1.3674175118165208f,0.13247861809438688f,-0.1892665690951277f,-0.9729478822479448f,-0.20381087401394332f,0f,0f,0f,1f], start_interpolation: 0, interpolation_duration: 1 }
$data merge entity $(bone_uppertail) { transformation: [-0.9998175258906293f,-0.014389929601541373f,0.012563631959074659f,0.03367345275286542f,-0.018494634736318696f,0.8938023357401987f,-0.44807960577483874f,0.6652944871227746f,-0.004781569607414798f,-0.4482302026318925f,-0.8939053764468932f,-0.9077170279667147f,0f,0f,0f,1f], start_interpolation: 0, interpolation_duration: 1 }
$data merge entity $(bone_middletail) { transformation: [-0.9998175258906293f,-0.017333987962170214f,0.008027937672138276f,0.030629876259172385f,-0.018494634736318696f,0.98355369562577f,-0.17966656980879936f,0.7334217713419592f,-0.004781569607414798f,-0.17978225908642192f,-0.9836948083170267f,-0.5348202536926556f,0f,0f,0f,1f], start_interpolation: 0, interpolation_duration: 1 }
$data merge entity $(bone_tail) { transformation: [-0.9999158778465833f,0.011750083216100573f,0.00549297503281063f,0.028913321561419063f,0.012430506696864066f,0.9890395108298465f,0.1471269129721582f,0.6874446110381598f,-0.003704015868700738f,0.14718281680234452f,-0.9891023701844879f,-0.2257257630100031f,0f,0f,0f,1f], start_interpolation: 0, interpolation_duration: 1 }
$data merge entity $(bone_hair) { transformation: [-0.6892536990071966f,0.120235054297424f,0.03106511012906837f,0.12061585888659694f,0.12134394067367178f,0.6881756846633648f,0.05872584349040983f,1.878555210851946f,-0.014317348451483004f,0.04424656773360543f,-0.997790676564483f,0.1427610938804414f,0f,0f,0f,1f], start_interpolation: 0, interpolation_duration: 1 }
$data merge entity $(bone_ear_left) { transformation: [-0.4111985152747566f,-0.04448447710964754f,-0.9109033169380727f,0.1561442127486352f,-0.05425560483025082f,1.2979749277015082f,-0.013015322114693643f,1.9179583742020339f,0.9099297282649574f,0.057290648054863696f,-0.4124145348814316f,-0.14815896639723902f,0f,0f,0f,1f], start_interpolation: 0, interpolation_duration: 1 }
$data merge entity $(bone_ear_right) { transformation: [-0.35225620131520863f,-0.22254524431807465f,0.9201141314672617f,-0.14945636692750014f,0.020681676945901048f,1.2759048398626835f,0.19052088819676735f,1.9195200942689632f,-0.935675070135827f,0.1119841678380842f,-0.3421867563699119f,-0.1556976873629571f,0f,0f,0f,1f], start_interpolation: 0, interpolation_duration: 1 }
$data merge entity $(bone_head) { transformation: [-0.9995156923500889f,-0.0018274787526337576f,0.03106511012906837f,0.005166034069721771f,0f,0.9982741483712477f,0.05872584349040983f,1.5374836804193355f,-0.031118816589363968f,0.05869740211515994f,-0.997790676564483f,-0.1659295784938986f,0f,0f,0f,1f], start_interpolation: 0, interpolation_duration: 1 }
$data merge entity $(bone_body) { transformation: [-0.9995156923500889f,0.0019069466692200347f,0.03106033322942986f,0.0036026720747755507f,0f,0.9981206431881443f,-0.06127953689189472f,0.603908375f,-0.031118816589363968f,-0.06124985874339496f,-0.997637245725114f,-0.11571543097690831f,0f,0f,0f,1f], start_interpolation: 0, interpolation_duration: 1 }
$data merge entity $(bone_shoe_right) { transformation: [-0.9613425906345985f,0.0031653376042802576f,0.2775136368017949f,-0.2843987221731692f,-0.006492101026128794f,1.0665698470046698f,0.01174015688177985f,0.2690467330189337f,-0.27743715049020945f,0.01027141629219022f,-0.9606971297399252f,0.3370788055610108f,0f,0f,0f,1f], start_interpolation: 0, interpolation_duration: 1 }
$data merge entity $(bone_lowerleg_right) { transformation: [-0.966150278852765f,0.09931219503600583f,0.24061201368801904f,-0.23728500254348367f,0.09288515216364458f,1.0625336088139956f,-0.012078735329094648f,0.7530394969708248f,-0.2406781817703067f,0.011397339742141577f,-0.9705462189003914f,0.3378445923324039f,0f,0f,0f,1f], start_interpolation: 0, interpolation_duration: 1 }
$data merge entity $(bone_leg_right) { transformation: [-0.966150278852765f,0.23331251356142074f,-0.11008591957364972f,-0.16757255071255897f,0.09288515216364458f,-0.08350523184256309f,-0.9921689497068817f,0.64234f,-0.2406781817703067f,-0.968809654819032f,0.05900733470652214f,0.01527673917061001f,0f,0f,0f,1f], start_interpolation: 0, interpolation_duration: 1 }
$data merge entity $(bone_shoe_left) { transformation: [-0.997803394549547f,-0.026244899763239193f,0.06325723430930746f,0.16452958798807762f,0.018705940818915787f,0.7691810295649736f,0.6643073829702171f,0.22548797901472384f,-0.0635489858572106f,0.6384917767628528f,-0.7976805270525278f,-0.5699869798943986f,0f,0f,0f,1f], start_interpolation: 0, interpolation_duration: 1 }
$data merge entity $(bone_lowerleg_left) { transformation: [-0.9953986769924525f,-0.08690208039106122f,0.040367093843629256f,0.13709856838249992f,0.018142313121129752f,0.24273459554644772f,0.9699230756093584f,0.2955073557092499f,-0.0940868232872687f,0.9661924987023072f,-0.24004109051389988f,-0.2360942556046834f,0f,0f,0f,1f], start_interpolation: 0, interpolation_duration: 1 }
$data merge entity $(bone_leg_left) { transformation: [-0.9775250473500916f,-0.026626633527065943f,0.20913106940437184f,0.1282244882982007f,0.06061782278208129f,0.9146008378761165f,0.3997884276932812f,0.6003240000000001f,-0.20191647125571766f,0.4034802718142748f,-0.8924311787988572f,-0.10162302247357427f,0f,0f,0f,1f], start_interpolation: 0, interpolation_duration: 1 }