# This file was generated by Animated Java via MC-Build. It is not recommended to edit this file directly.
$data merge entity $(bone_hammer) { transformation: [-0.00001329532588374305f,-0.000011420463633932111f,-0.000011262108941440946f,1.1080270971143504f,-0.000005359658145787278f,-0.00001062400291212809f,0.000017100655088655754f,1.0845715051916271f,-0.000015117412211855113f,0.000013810552135483428f,0.000003841910398190712f,-0.9741889046474133f,0f,0f,0f,1f], start_interpolation: 0, interpolation_duration: 1 }
$data merge entity $(bone_hand_left) { transformation: [-0.6381756424196663f,-0.5405812291891654f,0.5481822544287411f,0.8529681510548401f,-0.2572635909977893f,0.8208314442554759f,0.5099521397821485f,0.9157351097362145f,-0.7256357861690453f,0.1844116991131543f,-0.6629065025032045f,-0.6314441435938922f,0f,0f,0f,1f], start_interpolation: 0, interpolation_duration: 1 }
$data merge entity $(bone_lowerarm_left) { transformation: [-0.6381756424196663f,-0.6179869638459844f,0.45915570554950974f,0.5797020404791939f,-0.2572635909977893f,0.7332835487659773f,0.6293732452655554f,1.23998392895617f,-0.7256357861690453f,0.2835266294823055f,-0.6269492453183392f,-0.5060722121196852f,0f,0f,0f,1f], start_interpolation: 0, interpolation_duration: 1 }
$data merge entity $(bone_arm_left) { transformation: [-0.8225968228518096f,-0.5586842308139206f,-0.10586027240644379f,0.30297875740417385f,-0.30963835436929127f,0.2839584248140421f,0.9074644359315716f,1.3806320862468753f,-0.47692615417649925f,0.7792557623893364f,-0.40657336391533117f,-0.12009709231121707f,0f,0f,0f,1f], start_interpolation: 0, interpolation_duration: 1 }
$data merge entity $(bone_bread) { transformation: [-0.000006207460634994905f,-6.800225688074521e-7f,-0.00000781056987491317f,-0.7411003123114553f,0.000007720396326739318f,0.0000012041484389761538f,-0.0000062406335491664094f,0.7610174049417375f,0.0000013648857179480984f,-0.000009903918206589946f,-2.224660291314143e-7f,0.5656213465823675f,0f,0f,0f,1f], start_interpolation: 0, interpolation_duration: 1 }
$data merge entity $(bone_hand_right) { transformation: [-0.6207460634994905f,-0.06800225688074521f,-0.781056987491317f,-0.6971403115364219f,0.7720396326739317f,0.12041484389761536f,-0.6240633549166409f,0.9136185484510417f,0.13648857179480983f,-0.9903918206589944f,-0.022246602913141428f,0.3602844969145308f,0f,0f,0f,1f], start_interpolation: 0, interpolation_duration: 1 }
$data merge entity $(bone_lowerarm_right) { transformation: [-0.6207460634994905f,0.08969835421047362f,-0.7788636144421042f,-0.657476820533978f,0.7720396326739317f,0.24288158156198114f,-0.5873358008147053f,1.0210177477979803f,0.13648857179480983f,-0.9658999651050221f,-0.22001847008724043f,-0.06682439390534613f,0f,0f,0f,1f], start_interpolation: 0, interpolation_duration: 1 }
$data merge entity $(bone_arm_right) { transformation: [-0.6207460634994905f,0.7362230757981773f,-0.2695364674995906f,-0.2928163283026933f,0.7720396326739317f,0.6338586030004046f,-0.04666987232761463f,1.3349758370966183f,0.13648857179480983f,-0.2370629748920037f,-0.9618586256330844f,-0.18424464865654172f,0f,0f,0f,1f], start_interpolation: 0, interpolation_duration: 1 }
$data merge entity $(bone_uppertail) { transformation: [-0.9997815581557261f,-0.015578696017810253f,0.013933420330021474f,0.035654151875592704f,-0.018972581513307964f,0.9561281915742116f,-0.2923335807391084f,0.7176584363045313f,-0.00876795999245422f,-0.29253407580555907f,-0.9562149012487505f,-0.9170870965686375f,0f,0f,0f,1f], start_interpolation: 0, interpolation_duration: 1 }
$data merge entity $(bone_middletail) { transformation: [-0.9997815581557261f,-0.01869263189472171f,0.009349945698068272f,0.0321094006031939f,-0.018972581513307964f,0.9993452704358813f,-0.030807005829137618f,0.7293561568976127f,-0.00876795999245422f,-0.03097766889686937f,-0.9994816190942615f,-0.5382029552426959f,0f,0f,0f,1f], start_interpolation: 0, interpolation_duration: 1 }
$data merge entity $(bone_tail) { transformation: [-0.9999228788000158f,0.009693466998136264f,0.007763578417507459f,0.02968328234772282f,0.011172579189224976f,0.9750955297321939f,0.22150368252142622f,0.660136256109667f,-0.00542309197314976f,0.22157333908629062f,-0.9751286302224965f,-0.2334752582981658f,0f,0f,0f,1f], start_interpolation: 0, interpolation_duration: 1 }
$data merge entity $(bone_hair) { transformation: [-0.6892365299741289f,0.12003926850067276f,0.03330685309898263f,0.11922084948339617f,0.12131314064410068f,0.6880010090156145f,0.0628852778033922f,1.84634783795397f,-0.015366445792254105f,0.04738338961407843f,-0.997464834153181f,0.17515886005334622f,0f,0f,0f,1f], start_interpolation: 0, interpolation_duration: 1 }
$data merge entity $(bone_ear_left) { transformation: [-0.4132417858653404f,0.07282078679563043f,-0.9088968232405459f,0.1560888807762976f,-0.05809842105884039f,1.2927861681156367f,0.08770395568384017f,1.8847333920226175f,0.9087660864520054f,0.11576293249289141f,-0.40769422470848266f,-0.11964855630643263f,0f,0f,0f,1f], start_interpolation: 0, interpolation_duration: 1 }
$data merge entity $(bone_ear_right) { transformation: [-0.34992975372434876f,-0.2381658987295969f,0.9186867066108979f,-0.1507724604273548f,0.02219741898351634f,1.2724308055613993f,0.20364596718435474f,1.8863839613385351f,-0.9365129161142874f,0.11915053395050898f,-0.33844210013822207f,-0.12778876178587495f,0f,0f,0f,1f], start_interpolation: 0, interpolation_duration: 1 }
$data merge entity $(bone_head) { transformation: [-0.9994429694305236f,-0.0020986644658706026f,0.03330685309898263f,0.0045148405057870945f,0f,0.9980207622267134f,0.0628852778033922f,1.5065500308212867f,-0.033372906015172205f,0.0628502487812857f,-0.997464834153181f,-0.1352092502689948f,0f,0f,0f,1f], start_interpolation: 0, interpolation_duration: 1 }
$data merge entity $(bone_body) { transformation: [-0.9994429694305236f,0.0005300693602080476f,0.033368696144303954f,0.0042550288304814485f,0f,0.9998738536324546f,-0.0158832245524877f,0.571656375f,-0.033372906015172205f,-0.015874377110870107f,-0.9993168933303611f,-0.12742847888090703f,0f,0f,0f,1f], start_interpolation: 0, interpolation_duration: 1 }
$data merge entity $(bone_shoe_right) { transformation: [-0.9640853198174352f,0.005216539511843316f,0.2683079300970365f,-0.2851829178290671f,-0.005988423788195768f,1.0711265903236955f,0.01266755080611784f,0.27048205838605205f,-0.26820738200644073f,0.011507002713913321f,-0.9633029913592894f,0.33358749910946434f,0f,0f,0f,1f], start_interpolation: 0, interpolation_duration: 1 }
$data merge entity $(bone_lowerleg_right) { transformation: [-0.9665225508601435f,0.10671602312390852f,0.23647983130140254f,-0.23468731618005448f,0.09948251775640667f,1.0665181936510086f,-0.012274845562942283f,0.7566259371352022f,-0.23651086093380033f,0.01250036568457874f,-0.9715588595417504f,0.33483093285981436f,0f,0f,0f,1f], start_interpolation: 0, interpolation_duration: 1 }
$data merge entity $(bone_leg_right) { transformation: [-0.9665225508601435f,0.21392459277523174f,-0.14167013547234467f,-0.17043909501515692f,0.09948251775640667f,-0.19651238521777503f,-0.975441495486463f,0.6130200000000001f,-0.23651086093380033f,-0.9568799042000894f,0.16865189473700107f,0.011870564367978068f,0f,0f,0f,1f], start_interpolation: 0, interpolation_duration: 1 }
$data merge entity $(bone_shoe_left) { transformation: [-0.9964009188083105f,-0.06220552600871732f,0.05758195491586858f,0.1799241334685275f,0.017948786184952437f,0.5090731546490249f,0.8605360912188266f,0.21950302587526976f,-0.08284352764363187f,0.8584724781550476f,-0.5061244453470808f,-0.6194160565748998f,0f,0f,0f,1f], start_interpolation: 0, interpolation_duration: 1 }
$data merge entity $(bone_lowerleg_left) { transformation: [-0.9933327740151751f,-0.11040755046477538f,0.033168853879580545f,0.14211573414194825f,0.015919542655248996f,0.15359122300704015f,0.9880062268917384f,0.2697380131914668f,-0.11417779218816856f,0.9819469990867988f,-0.1508095579048811f,-0.2542308536696433f,0f,0f,0f,1f], start_interpolation: 0, interpolation_duration: 1 }
$data merge entity $(bone_leg_left) { transformation: [-0.9715801712060487f,-0.0401764159807908f,0.2332762879466394f,0.12884474607114701f,0.06455004533031608f,0.9031724157449061f,0.4243970771404587f,0.568072f,-0.22773946203299755f,0.427393779828917f,-0.874911020845247f,-0.11305505151854843f,0f,0f,0f,1f], start_interpolation: 0, interpolation_duration: 1 }