# This file was generated by Animated Java via MC-Build. It is not recommended to edit this file directly.
$data merge entity $(bone_hammer) { transformation: [-0.000012911319809740863f,-0.000012694839418330536f,-0.000010303720235486422f,1.1215540365378702f,-0.000004961750062248543f,-0.000009467647673407044f,0.0000178821827982432f,1.0208947350720603f,-0.000015579044735417754f,0.000013536339145160684f,0.0000028440579207921823f,-0.9179563510233949f,0f,0f,0f,1f], start_interpolation: 0, interpolation_duration: 1 }
$data merge entity $(bone_hand_left) { transformation: [-0.6197433508675614f,-0.4945785713033484f,0.6093522920798655f,0.8408692108945932f,-0.23816400298793006f,0.8583447743156732f,0.4544470883235382f,0.8787419166971737f,-0.7477941473000521f,0.13651478019802488f,-0.6497442789677128f,-0.5832275495935213f,0f,0f,0f,1f], start_interpolation: 0, interpolation_duration: 1 }
$data merge entity $(bone_lowerarm_left) { transformation: [-0.6197433508675614f,-0.5937433016989675f,0.5132125005716988f,0.578323344674581f,-0.23816400298793006f,0.765384368385524f,0.5978834972733886f,1.2171853170926477f,-0.7477941473000521f,0.24830557850902507f,-0.615750154644793f,-0.47342992659656175f,0f,0f,0f,1f], start_interpolation: 0, interpolation_duration: 1 }
$data merge entity $(bone_arm_left) { transformation: [-0.819210520748887f,-0.5635097567637233f,-0.10654049336485523f,0.29920991827754934f,-0.30142876914213806f,0.2650386743897549f,0.9159122218920203f,1.348462285501323f,-0.48788812224504186f,0.7824392980351964f,-0.3869805228463006f,-0.08587796178850349f,0f,0f,0f,1f], start_interpolation: 0, interpolation_duration: 1 }
$data merge entity $(bone_bread) { transformation: [-0.000005821442961316184f,-0.0000023537060889523556f,-0.000007782728923389977f,-0.6401922419986865f,0.000007985359111164104f,1.476437385876492e-7f,-0.0000060176607741051915f,0.814595618013104f,0.000001531287599992465f,-0.000009717935427511572f,0.0000017935688759634648f,0.6513983593644208f,0f,0f,0f,1f], start_interpolation: 0, interpolation_duration: 1 }
$data merge entity $(bone_hand_right) { transformation: [-0.5821442961316183f,-0.23537060889523556f,-0.7782728923389975f,-0.6307794696603708f,0.7985359111164103f,0.014764373858764918f,-0.6017660774105191f,0.9429545789157994f,0.1531287599992465f,-0.9717935427511571f,0.17935688759634646f,0.4259694584380148f,0f,0f,0f,1f], start_interpolation: 0, interpolation_duration: 1 }
$data merge entity $(bone_lowerarm_right) { transformation: [-0.5821442961316183f,-0.06478230951968561f,-0.8105006297682429f,-0.6594253971511068f,0.7985359111164103f,0.1421795635208995f,-0.5849148402754804f,1.005824604660197f,0.1531287599992465f,-0.9877186968415159f,-0.031038021373647307f,-0.010787402821592934f,0f,0f,0f,1f], start_interpolation: 0, interpolation_duration: 1 }
$data merge entity $(bone_arm_right) { transformation: [-0.5821442961316183f,0.7446016937983756f,-0.3266134352319462f,-0.2906148706915989f,0.7985359111164103f,0.5992239848869504f,-0.05719278445475519f,1.3026277346745148f,0.1531287599992465f,-0.2941070103360237f,-0.9434260168833056f,-0.1564622813786547f,0f,0f,0f,1f], start_interpolation: 0, interpolation_duration: 1 }
$data merge entity $(bone_uppertail) { transformation: [-0.9997215151601119f,-0.017900414574268442f,0.015377492774823039f,0.0372256124655424f,-0.01991206390994176f,0.9895824022802971f,-0.1425839360096455f,0.7736432959567422f,-0.012664984674953665f,-0.14285042616396215f,-0.989663252782459f,-0.9140584380381088f,0f,0f,0f,1f], start_interpolation: 0, interpolation_duration: 1 }
$data merge entity $(bone_middletail) { transformation: [-0.9997215151601119f,-0.021270460734617736f,0.010220549207723717f,0.033350781781015255f,-0.01991206390994176f,0.9927666377686926f,0.1183972662027806f,0.7287803471416161f,-0.012664984674953665f,0.11816078213004f,-0.9929137060840687f,-0.5376611798284736f,0f,0f,0f,1f], start_interpolation: 0, interpolation_duration: 1 }
$data merge entity $(bone_tail) { transformation: [-0.9999299850746493f,0.007077524165749919f,0.009483332763061608f,0.0303872402925585f,0.009600380245562838f,0.9537380702042862f,0.3004854840789227f,0.6348786333669527f,-0.006917922213521811f,0.3005554892107065f,-0.9537392412276852f,-0.239617666944822f,0f,0f,0f,1f], start_interpolation: 0, interpolation_duration: 1 }
$data merge entity $(bone_hair) { transformation: [-0.689220373772426f,0.11984337071004994f,0.035365233528888f,0.11736599339832159f,0.1212816317928372f,0.6878223134402869f,0.06687226512917684f,1.8130423875286397f,-0.016310799081099052f,0.05037888079845832f,-0.9971345949338737f,0.21745935311381623f,0f,0f,0f,1f], start_interpolation: 0, interpolation_duration: 1 }
$data merge entity $(bone_ear_left) { transformation: [-0.41511618621977303f,0.20543421610637472f,-0.8959387446135738f,0.15553764692784827f,-0.061781917045514716f,1.2709172223344247f,0.2010603181022621f,1.850392797955774f,0.9076681919427011f,0.18046106734282105f,-0.3960663004913072f,-0.08125768621398954f,0f,0f,0f,1f], start_interpolation: 0, interpolation_duration: 1 }
$data merge entity $(bone_ear_right) { transformation: [-0.34776648946801836f,-0.2531946883788205f,0.9171286753408867f,-0.15258489755207386f,0.023642537867057528f,1.26886908222314f,0.21624360791541042f,1.8521315398236f,-0.9372830411387456f,0.12595118877945774f,-0.3348338317780874f,-0.08994843692159832f,0f,0f,0f,1f], start_interpolation: 0, interpolation_duration: 1 }
$data merge entity $(bone_head) { transformation: [-0.9993716436490281f,-0.0023702589916128726f,0.035365233528888f,0.003351625201385239f,0f,0.997761544737265f,0.06687226512917684f,1.47447135096907f,-0.03544457462348935f,0.06683024551667904f,-0.9971345949338737f,-0.09450019423238112f,0f,0f,0f,1f], start_interpolation: 0, interpolation_duration: 1 }
$data merge entity $(bone_body) { transformation: [-0.9993716436490281f,-0.0014094612078309173f,0.03541653977089977f,0.0049195474571545154f,0f,0.9992090509510304f,0.039765217182120116f,0.540592375f,-0.03544457462348935f,0.039740230455355956f,-0.9985811915979167f,-0.13870828696608867f,0f,0f,0f,1f], start_interpolation: 0, interpolation_duration: 1 }
$data merge entity $(bone_shoe_right) { transformation: [-0.9665962943816577f,0.00759484228938893f,0.2596363903003651f,-0.28514806154710237f,-0.0052046150333197065f,1.0755005888104023f,0.01347961387518809f,0.27126768018687863f,-0.25950736433274746f,0.012699909897094665f,-0.9656707214653287f,0.328490482176391f,0f,0f,0f,1f], start_interpolation: 0, interpolation_duration: 1 }
$data merge entity $(bone_lowerleg_right) { transformation: [-0.9668455805595665f,0.11390478686873268f,0.23240580025201601f,-0.2313638972729135f,0.10584535383348745f,1.0703054312391058f,-0.012383435360474038f,0.7594759038263996f,-0.23239273746031436f,0.013591290869545414f,-0.972540073486894f,0.33020698651862507f,0f,0f,0f,1f], start_interpolation: 0, interpolation_duration: 1 }
$data merge entity $(bone_leg_right) { transformation: [-0.9668455805595665f,0.19128557446249314f,-0.1691728475701368f,-0.1731854653115846f,0.10584535383348745f,-0.3027025468558653f,-0.9471894895947887f,0.5847800000000001f,-0.23239273746031436f,-0.9336921318772728f,0.2724199303394939f,0.00859491552081339f,0f,0f,0f,1f], start_interpolation: 0, interpolation_duration: 1 }
$data merge entity $(bone_shoe_left) { transformation: [-0.9946021438110628f,-0.09450441657053443f,0.04284262801347401f,0.19385798801450635f,0.0072539450715593985f,0.3485542427524297f,0.937260540159554f,0.2262844318316914f,-0.10350824028712309f,0.9325121206225381f,-0.3459872672291858f,-0.6415957510131707f,0f,0f,0f,1f], start_interpolation: 0, interpolation_duration: 1 }
$data merge entity $(bone_lowerleg_left) { transformation: [-0.9909401568774177f,-0.13246679451022617f,0.022139418238617953f,0.14731575089677662f,0.013370139567989062f,0.06672679185862601f,0.9976817000507666f,0.24504261347680711f,-0.13363698909991734f,0.9889388674738397f,-0.06435115806158787f,-0.2712710383407128f,0f,0f,0f,1f], start_interpolation: 0, interpolation_duration: 1 }
$data merge entity $(bone_leg_left) { transformation: [-0.9652217368390199f,-0.05446988590937159f,0.2556951901434319f,0.12947920241781377f,0.06826236074674576f,0.8916142779619565f,0.44762063115953454f,0.537008f,-0.25236332704802195f,0.44950752036356295f,-0.8568872389631287f,-0.12407662908560503f,0f,0f,0f,1f], start_interpolation: 0, interpolation_duration: 1 }