# This file was generated by Animated Java via MC-Build. It is not recommended to edit this file directly.
$data merge entity $(bone_hammer) { transformation: [-0.000012484861632285875f,-0.000014064994072826399f,-0.000008962809243301576f,1.1315792922084633f,-0.000004540129710416053f,-0.000007906893820373134f,0.000018732219038430026f,0.9386513675554805f,-0.000016048153476741535f,0.000013178951006149206f,0.0000016732597354401559f,-0.8478200918520598f,0f,0f,0f,1f], start_interpolation: 0, interpolation_duration: 1 }
$data merge entity $(bone_hand_left) { transformation: [-0.5992733583497218f,-0.4302148436784758f,0.675119715495667f,0.8242463611244477f,-0.21792622609997048f,0.8991465138446411f,0.37953090337791057f,0.8321349486869036f,-0.7703113668835935f,0.08031646730112761f,-0.6325896482951617f,-0.5234198951694414f,0f,0f,0f,1f], start_interpolation: 0, interpolation_duration: 1 }
$data merge entity $(bone_lowerarm_left) { transformation: [-0.5992733583497218f,-0.557352819242662f,0.57465578989035f,0.5777919113655832f,-0.21792622609997048f,0.8042996956046478f,0.5528201874281502f,1.1877862203370837f,-0.7703113668835935f,0.20605784268628852f,-0.6034571762083887f,-0.4323036928565982f,0f,0f,0f,1f], start_interpolation: 0, interpolation_duration: 1 }
$data merge entity $(bone_arm_left) { transformation: [-0.8155176685964637f,-0.570533700192117f,-0.09706816755290928f,0.2951994379891752f,-0.28894390511117735f,0.2560707701141049f,0.9224636471928158f,1.3146212736592262f,-0.5014402775067945f,0.7803326583183997f,-0.37368247277019595f,-0.045795173033265774f,0f,0f,0f,1f], start_interpolation: 0, interpolation_duration: 1 }
$data merge entity $(bone_bread) { transformation: [-0.000005437211169348784f,-0.0000041910704570156035f,-0.000007271290334200657f,-0.5129298071668218f,0.000008197084375723767f,-7.924564565695858e-7f,-0.000005672726020328013f,0.8600843930724782f,0.0000018012613461611088f,-0.000009044718966821037f,0.000003866331125764278f,0.7172789645092823f,0f,0f,0f,1f], start_interpolation: 0, interpolation_duration: 1 }
$data merge entity $(bone_hand_right) { transformation: [-0.5437211169348783f,-0.4191070457015603f,-0.7271290334200656f,-0.5477009140449598f,0.8197084375723767f,-0.07924564565695857f,-0.5672726020328013f,0.9648902606873923f,0.18012613461611088f,-0.9044718966821037f,0.38663311257642774f,0.48235448145152554f,0f,0f,0f,1f], start_interpolation: 0, interpolation_duration: 1 }
$data merge entity $(bone_lowerarm_right) { transformation: [-0.5437211169348783f,-0.243794659174905f,-0.8030762797872195f,-0.6555038648988631f,0.8197084375723767f,0.051106152310965554f,-0.5704964842736733f,0.9874887624123974f,0.18012613461611088f,-0.9684793881925213f,0.1720530449439893f,0.05410500198514506f,0f,0f,0f,1f], start_interpolation: 0, interpolation_duration: 1 }
$data merge entity $(bone_arm_right) { transformation: [-0.5437211169348783f,0.7401469570821059f,-0.39566378267562935f,-0.2888998252191325f,0.8197084375723767f,0.569514685423041f,-0.06108273455034327f,1.2695765050359973f,0.18012613461611088f,-0.35754091375616587f,-0.9163618666327537f,-0.12298948185970587f,0f,0f,0f,1f], start_interpolation: 0, interpolation_duration: 1 }
$data merge entity $(bone_uppertail) { transformation: [-0.9996427277676819f,-0.020508949538766696f,0.01714058954658431f,0.038158864217453355f,-0.021153390855423893f,0.9990422712805888f,-0.038302405274866724f,0.8293659811400341f,-0.01633863141471227f,-0.0386513024792024f,-0.9991191750437759f,-0.8992771535009996f,0f,0f,0f,1f], start_interpolation: 0, interpolation_duration: 1 }
$data merge entity $(bone_middletail) { transformation: [-0.9996427277676819f,-0.024720623496860408f,0.010164034391649176f,0.034305390393143745f,-0.021153390855423893f,0.9641494651524294f,0.2645152980483399f,0.7291118717076341f,-0.01633863141471227f,0.2642057902851693f,-0.9643279263317449f,-0.533713398790067f,0f,0f,0f,1f], start_interpolation: 0, interpolation_duration: 1 }
$data merge entity $(bone_tail) { transformation: [-0.9999357446830482f,0.004125544176600278f,0.010558711588287584f,0.03100579302180388f,0.007798041800764803f,0.9263678481427141f,0.37653924160903984f,0.6114433587048091f,-0.008227821657719847f,0.3765973842350531f,-0.9263404952489579f,-0.2442319940247676f,0f,0f,0f,1f], start_interpolation: 0, interpolation_duration: 1 }
$data merge entity $(bone_hair) { transformation: [-0.6892060905518171f,0.11965253941077517f,0.03720419547421735f,0.1151420809679037f,0.12124995217728615f,0.6876426494125597f,0.0706534486626153f,1.7776692386597f,-0.017129326994542823f,0.053205794058807876f,-0.9968068709791257f,0.2664537621685955f,0f,0f,0f,1f], start_interpolation: 0, interpolation_duration: 1 }
$data merge entity $(bone_ear_left) { transformation: [-0.41678935968376774f,0.3450003789226618f,-0.869400644618694f,0.15456825415235012f,-0.06527527512072723f,1.2287937242163551f,0.319823478791067f,1.8139548092060545f,0.9066563671602975f,0.24706420596622275f,-0.3766370421912576f,-0.036197748403277843f,0f,0f,0f,1f], start_interpolation: 0, interpolation_duration: 1 }
$data merge entity $(bone_ear_right) { transformation: [-0.34580463756452895f,-0.26749739632568925f,0.9154665480199617f,-0.1548165537990163f,0.025005019350247737f,1.2652781495149155f,0.2282095608388203f,1.8157811891395823f,-0.9379732947403985f,0.1323493381890839f,-0.3314232879538911f,-0.045376241847967874f,0f,0f,0f,1f], start_interpolation: 0, interpolation_duration: 1 }
$data merge entity $(bone_head) { transformation: [-0.9993042097436647f,-0.002635190259917554f,0.03720419547421735f,0.00175407804258664f,0f,0.9975009224016183f,0.0706534486626153f,1.4402669471028138f,-0.037297404582487224f,0.07060428868145938f,-0.9968068709791257f,-0.04699677073505541f,0f,0f,0f,1f], start_interpolation: 0, interpolation_duration: 1 }
$data merge entity $(bone_body) { transformation: [-0.9993042097436647f,-0.0038101691283693594f,0.03710227755546767f,0.005578330370272828f,0f,0.9947683483823114f,0.10215641466265461f,0.5109803749999999f,-0.037297404582487224f,0.1020853352247102f,-0.9940761982581963f,-0.14945943517399662f,0f,0f,0f,1f], start_interpolation: 0, interpolation_duration: 1 }
$data merge entity $(bone_shoe_right) { transformation: [-0.9688623978783517f,0.01030567521056985f,0.2515925292065058f,-0.28331812965995223f,-0.004104796519736539f,1.0796560277311802f,0.0141391345798908f,0.2748950454393256f,-0.2514305980218805f,0.013814453829017357f,-0.9677926916377578f,0.31909090499054554f,0f,0f,0f,1f], start_interpolation: 0, interpolation_duration: 1 }
$data merge entity $(bone_lowerleg_right) { transformation: [-0.9671270258199752f,0.12081059232889844f,0.22840637124741425f,-0.2263698381819853f,0.11191758750363404f,1.0738688279643045f,-0.012413566423275402f,0.7650685520538891f,-0.2283413443421398f,0.014651834884137072f,-0.9734867399930228f,0.3212675730281071f,0f,0f,0f,1f], start_interpolation: 0, interpolation_duration: 1 }
$data merge entity $(bone_leg_right) { transformation: [-0.9671270258199752f,0.16643933046022422f,-0.192258329350282f,-0.17579082542001723f,0.11191758750363404f,-0.40029771176722395f,-0.9095252583415652f,0.55786f,-0.2283413443421398f,-0.9011435464063852f,0.36851124709314853f,0.005483273670813208f,0f,0f,0f,1f], start_interpolation: 0, interpolation_duration: 1 }
$data merge entity $(bone_shoe_left) { transformation: [-0.9922228199128823f,-0.12296822945796233f,0.019305185523630097f,0.20718605428541967f,-0.003315720727618666f,0.18114938002200937f,0.9834500028540841f,0.23339929629344766f,-0.12443022800021016f,0.9757375244714204f,-0.18014827697816083f,-0.6598148627951189f,0f,0f,0f,1f], start_interpolation: 0, interpolation_duration: 1 }
$data merge entity $(bone_lowerleg_left) { transformation: [-0.988284448155185f,-0.15241580630014956f,0.007954339977442534f,0.15257145630491137f,0.010571852929650655f,-0.016370798170168066f,0.9998100984151467f,0.22160299910059827f,-0.15225664340262884f,0.9881808634845886f,0.017790322723823804f,-0.2871187064510236f,0f,0f,0f,1f], start_interpolation: 0, interpolation_duration: 1 }
$data merge entity $(bone_leg_left) { transformation: [-0.9586022569877853f,-0.06916914262785992f,0.27621973609076295f,0.13011064333095518f,0.0717265863608448f,0.8801131492513792f,0.4693145441213597f,0.507396f,-0.2755667064558856f,0.46969827998721286f,-0.838717184794797f,-0.13459686188022726f,0f,0f,0f,1f], start_interpolation: 0, interpolation_duration: 1 }