# This file was generated by Animated Java via MC-Build. It is not recommended to edit this file directly.
$data merge entity $(bone_hammer) { transformation: [-0.0000169427697063684f,-0.000012120429306584056f,-2.5598023134897634e-7f,0.7198899670115217f,-0.0000023018051405162295f,0.000002784292589405828f,0.00002051772856944576f,0.7917460551675255f,-0.000011902605830230462f,0.000016714385599789667f,-0.0000036034797417892716f,-0.42172922997228873f,0f,0f,0f,1f], start_interpolation: 0, interpolation_duration: 1 }
$data merge entity $(bone_hand_left) { transformation: [-0.8132529459056831f,-0.012287051104750993f,0.5817806067160346f,0.4900659391002631f,-0.11048664674477901f,0.9848509713333964f,-0.13364604429147953f,0.9185532871820925f,-0.5713250798510621f,-0.17296702760588484f,-0.8022905087899038f,-0.04472046650856126f,0f,0f,0f,1f], start_interpolation: 0, interpolation_duration: 1 }
$data merge entity $(bone_lowerarm_left) { transformation: [-0.8132529459056831f,-0.13215985759953064f,0.5667039950582666f,0.43162650206797065f,-0.11048664674477901f,0.9912220008557632f,0.0726061010562611f,1.3568592656855003f,-0.5713250798510621f,-0.003566098536127632f,-0.8207161117429146f,-0.0462973507050052f,0f,0f,0f,1f], start_interpolation: 0, interpolation_duration: 1 }
$data merge entity $(bone_arm_left) { transformation: [-0.8226411286339478f,-0.183623923328767f,0.5380927691961821f,0.34067527754419075f,-0.0913498930015782f,0.9768031421951091f,0.19367709840443662f,1.8406820720540154f,-0.5611744564112525f,0.11017202993097974f,-0.8203324650971839f,0.008272232870183208f,0f,0f,0f,1f], start_interpolation: 0, interpolation_duration: 1 }
$data merge entity $(bone_bread) { transformation: [-0.000008327189224250611f,-3.5943964352689586e-7f,-0.000005525280333719349f,-0.4671179137388841f,0.000001254951366191506f,0.000009596698414966378f,-0.00000251564635842876f,0.6613978108044564f,0.000005392867205116275f,-0.000002788222135132541f,-0.000007946244435778347f,-0.03263739463064754f,0f,0f,0f,1f], start_interpolation: 0, interpolation_duration: 1 }
$data merge entity $(bone_hand_right) { transformation: [-0.8327189224250611f,-0.03594396435268958f,-0.5525280333719348f,-0.45795958442110946f,0.12549513661915057f,0.9596698414966377f,-0.25156463584287597f,0.9106146141509023f,0.5392867205116274f,-0.2788222135132541f,-0.7946244435778347f,0.039403721642534174f,0f,0f,0f,1f], start_interpolation: 0, interpolation_duration: 1 }
$data merge entity $(bone_lowerarm_right) { transformation: [-0.8327189224250611f,0.0823569113835669f,-0.5475367890677344f,-0.42154238766868846f,0.12549513661915057f,0.9912146663178844f,-0.041766684824938644f,1.3489173494133417f,0.5392867205116274f,-0.10349311292875638f,-0.8357386006737572f,-0.006359639230650282f,0f,0f,0f,1f], start_interpolation: 0, interpolation_duration: 1 }
$data merge entity $(bone_arm_right) { transformation: [-0.8327189224250611f,0.1632430003440152f,-0.5290849828467343f,-0.3406860890607934f,0.12549513661915057f,0.9863283535332098f,0.10680519510495814f,1.8374581120227598f,0.5392867205116274f,0.02254111477170731f,-0.8418204863417513f,0.004805256679710997f,0f,0f,0f,1f], start_interpolation: 0, interpolation_duration: 1 }
$data merge entity $(bone_uppertail) { transformation: [-0.9994887015171037f,-0.02403625048422649f,-0.02108540258837335f,0.006343655706987919f,0.010289642982969048f,0.38257683579136825f,-0.9238663799290173f,0.5048069540527285f,0.03027307032557642f,-0.9236109697153472f,-0.38213390039950484f,-0.381290345061076f,0f,0f,0f,1f], start_interpolation: 0, interpolation_duration: 1 }
$data merge entity $(bone_middletail) { transformation: [-0.9994887015171037f,-0.024605018506288913f,-0.020418829642255207f,0.014083574449077518f,0.010289642982969048f,0.3571168608427268f,-0.9340030358350659f,0.858876911520059f,0.03027307032557642f,-0.9337355839669716f,-0.35668109067754206f,-0.2460973224826093f,0f,0f,0f,1f], start_interpolation: 0, interpolation_duration: 1 }
$data merge entity $(bone_tail) { transformation: [-0.9995692903604717f,-0.015176924184511975f,-0.025117618130719294f,0.021932830114927297f,0.01218062280535487f,0.5641260938329413f,-0.8255988024972306f,1.1168765373004435f,0.02669955423479448f,-0.8255491573668312f,-0.563698254897581f,-0.06994161782711526f,0f,0f,0f,1f], start_interpolation: 0, interpolation_duration: 1 }
$data merge entity $(bone_hair) { transformation: [-0.6893656638900094f,0.12155100391582317f,0.0008267178058925191f,0.1247648772305279f,0.12155238149614708f,0.689357811310335f,0.004700529288348701f,2.323380541861537f,0.000001449676693165633f,0.003340873011628444f,-0.9999886107161814f,0.2844535424190455f,0f,0f,0f,1f], start_interpolation: 0, interpolation_duration: 1 }
$data merge entity $(bone_ear_left) { transformation: [-0.3834470892473496f,-0.03182112070160611f,-0.9232384132940074f,0.1437071617261586f,-0.00434272280147521f,1.2995910876406223f,-0.02470096669665487f,2.381557639519734f,0.9235526354823552f,-0.007100788854663843f,-0.3834327769800255f,0.04714121267689881f,0f,0f,0f,1f], start_interpolation: 0, interpolation_duration: 1 }
$data merge entity $(bone_ear_right) { transformation: [-0.3819116042103337f,-0.016077961206889438f,0.9241161006575936f,-0.14413148760495845f,0.0018837946276564063f,1.2998673507869674f,0.014160389063682851f,2.3817659077368933f,-0.9241969367441606f,0.009293520404094098f,-0.3818493366328785f,0.04713919739343783f,0f,0f,0f,1f], start_interpolation: 0, interpolation_duration: 1 }
$data merge entity $(bone_head) { transformation: [-0.9999996582612256f,-0.000003886054191170563f,0.0008267178058925191f,0.0000014250193061237306f,0f,0.9999889524511805f,0.004700529288348701f,1.9663300464820046f,-0.0008267269391987403f,0.004700527681995588f,-0.9999886107161814f,-0.0017236874130659163f,0f,0f,0f,1f], start_interpolation: 0, interpolation_duration: 1 }
$data merge entity $(bone_body) { transformation: [-0.9999996582612256f,0.000043153209115112425f,0.0008255999228076424f,-0.000033086025470203185f,0f,0.998636773113756f,-0.05219765689132654f,1.0323363749999999f,-0.0008267269391987403f,-0.05219763905336325f,-0.998636431840849f,0.04002048632344338f,0f,0f,0f,1f], start_interpolation: 0, interpolation_duration: 1 }
$data merge entity $(bone_shoe_right) { transformation: [-0.9117284364262136f,-0.0005754830687815126f,0.41079359662683046f,-0.15050915988158106f,-0.0005858797483233014f,1.0049083665517855f,0.00026981811124786965f,0.2496538838882209f,-0.41079361219322685f,0.000010792209897800883f,-0.9117283647890857f,0.11016597075264165f,0f,0f,0f,1f], start_interpolation: 0, interpolation_duration: 1 }
$data merge entity $(bone_lowerleg_right) { transformation: [-0.9554778927623918f,0.006810205137057296f,0.2949848632504527f,-0.14482868204890278f,0.006640825257723724f,1.004885565487844f,-0.0014631940209783867f,0.7094035387036611f,-0.2949879588766897f,0.0005636467041288673f,-0.9555008056073886f,0.10619732106951293f,0f,0f,0f,1f], start_interpolation: 0, interpolation_duration: 1 }
$data merge entity $(bone_leg_right) { transformation: [-0.9554778927623918f,0.042025315692659666f,0.2920545655922392f,-0.12811709026964907f,0.006640825257723724f,0.9926172284190279f,-0.12110713143999303f,1.03182f,-0.2949879588766897f,-0.11377570341096407f,-0.9487029005073742f,0.05932610242413185f,0f,0f,0f,1f], start_interpolation: 0, interpolation_duration: 1 }
$data merge entity $(bone_shoe_left) { transformation: [-0.9643166873299626f,0.0010381864288075762f,-0.27357438762179487f,0.10201645473823812f,-0.00008922991123158294f,0.9999909801650276f,0.004387911825850674f,0.25169690107888293f,0.26475142789981376f,0.004118465433409366f,-0.9964514932724754f,-0.019716485735808316f,0f,0f,0f,1f], start_interpolation: 0, interpolation_duration: 1 }
$data merge entity $(bone_lowerleg_left) { transformation: [-0.9876979600160959f,0.01975925208662914f,-0.15512031374716811f,0.12160794359078787f,0.004553007692402797f,0.9951978269768263f,0.09777809213497488f,0.6589395613839999f,0.15630742113218987f,0.09586895815424173f,-0.9830448275442094f,0.03903820768678316f,0f,0f,0f,1f], start_interpolation: 0, interpolation_duration: 1 }
$data merge entity $(bone_leg_left) { transformation: [-0.989001257024666f,0.009055375273414181f,-0.14762965075582946f,0.12495843244195112f,0.004445659554282852f,0.9994930773405406f,0.03152498151408753f,1.0287519999999999f,0.14784028447875075f,0.03052193517773383f,-0.9885401669928482f,0.05033132370254468f,0f,0f,0f,1f], start_interpolation: 0, interpolation_duration: 1 }