# This file was generated by Animated Java via MC-Build. It is not recommended to edit this file directly.
$data merge entity $(bone_hammer) { transformation: [-0.000012032147577973792f,-0.000015366185734480843f,-0.000007289412761881083f,1.1345930157979867f,-0.000004114146809836506f,-0.000006034262759250132f,0.00001951125948669683f,0.8431648817911088f,-0.00001650239371929871f,0.000012708099256125697f,4.505470091855693e-7f,-0.7690128720118534f,0f,0f,0f,1f], start_interpolation: 0, interpolation_duration: 1 }
$data merge entity $(bone_hand_left) { transformation: [-0.5775430837427419f,-0.3498918125702921f,0.7375769152550803f,0.8030558188464516f,-0.19747904687215226f,0.9365404553614477f,0.2896446124440065f,0.7788463047295753f,-0.792114898526338f,0.02162625644090746f,-0.6099887642940334f,-0.45759518897619356f,0f,0f,0f,1f], start_interpolation: 0, interpolation_duration: 1 }
$data merge entity $(bone_lowerarm_left) { transformation: [-0.5775430837427419f,-0.5097138268582602f,0.6376800146863878f,0.5776667360325647f,-0.19747904687215226f,0.8451573849029625f,0.4967001316593867f,1.152564335866354f,-0.792114898526338f,0.16093728422430026f,-0.5887726030303351f,-0.3864307336082608f,0f,0f,0f,1f], start_interpolation: 0, interpolation_duration: 1 }
$data merge entity $(bone_arm_left) { transformation: [-0.8116649506804002f,-0.578607955718329f,-0.08008021863381479f,0.2910749829658299f,-0.27324730822131366f,0.2549343721992494f,0.9275475052099387f,1.2788365170962948f,-0.5162711655581685f,0.7747395042534174f,-0.36502436105331304f,-0.002692572907739943f,0f,0f,0f,1f], start_interpolation: 0, interpolation_duration: 1 }
$data merge entity $(bone_bread) { transformation: [-0.000005062954357384607f,-0.0000059614941660958695f,-0.000006231137976537285f,-0.3717487676177679f,0.000008352255452191944f,-0.0000015915689758209138f,-0.0000052637189378360966f,0.893732985554943f,0.0000021462343852361977f,-0.000007869402487025891f,0.000005784996323319534f,0.7538150092117227f,0f,0f,0f,1f], start_interpolation: 0, interpolation_duration: 1 }
$data merge entity $(bone_hand_right) { transformation: [-0.5062954357384607f,-0.5961494166095869f,-0.6231137976537284f,-0.4559106925280527f,0.8352255452191942f,-0.15915689758209137f,-0.5263718937836096f,0.9769154975080113f,0.21462343852361976f,-0.786940248702589f,0.5784996323319533f,0.5227733406742634f,0f,0f,0f,1f], start_interpolation: 0, interpolation_duration: 1 }
$data merge entity $(bone_lowerarm_right) { transformation: [-0.5062954357384607f,-0.42844763986212603f,-0.7483966539522849f,-0.6453648832795865f,0.8352255452191942f,-0.02763955506746906f,-0.5492124758315057f,0.9646936317516148f,0.21462343852361976f,-0.9031437731016286f,0.37184419417822273f,0.12341445350588698f,0f,0f,0f,1f], start_interpolation: 0, interpolation_duration: 1 }
$data merge entity $(bone_arm_right) { transformation: [-0.5062954357384607f,0.7222870017209776f,-0.4711331222651648f,-0.2876071027396648f,0.8352255452191942f,0.5466848500657399f,-0.059447147298246406f,1.2354734715498017f,0.21462343852361976f,-0.42360023825951776f,-0.8800565991927893f,-0.08640003950703043f,0f,0f,0f,1f], start_interpolation: 0, interpolation_duration: 1 }
$data merge entity $(bone_uppertail) { transformation: [-0.9995568622276714f,-0.02305817942103499f,0.01882550226048537f,0.03830317296761298f,-0.022420067202494183f,0.9991895191909652f,0.03343120287342155f,0.8818725591831537f,-0.01958110722629918f,0.03299431921885332f,-0.9992637065054834f,-0.8740821714173574f,0f,0f,0f,1f], start_interpolation: 0, interpolation_duration: 1 }
$data merge entity $(bone_middletail) { transformation: [-0.9995568622276714f,-0.028432963484305504f,0.008811683214479012f,0.03496227819139675f,-0.022420067202494183f,0.9138336658059032f,0.40546932291651966f,0.7281844469425807f,-0.01958110722629918f,0.4050920856141792f,-0.914066180543043f,-0.5275689724552162f,0f,0f,0f,1f], start_interpolation: 0, interpolation_duration: 1 }
$data merge entity $(bone_tail) { transformation: [-0.9999388845281773f,0.001095994207618774f,0.011001181992930157f,0.031524408818606076f,0.0058597186333387485f,0.896347651159045f,0.44331315337941557f,0.5896490865115133f,-0.009375014991071077f,0.44335052391799434f,-0.8962992926671075f,-0.2474754434967451f,0f,0f,0f,1f], start_interpolation: 0, interpolation_duration: 1 }
$data merge entity $(bone_hair) { transformation: [-0.6891945706486213f,0.11947235111128011f,0.03878778232859264f,0.11268407416810337f,0.121218687552287f,0.6874653389132048f,0.07419551640908514f,1.739866374194185f,-0.017800943136908588f,0.055836951142547976f,-0.9964891034461034f,0.3188378268023172f,0f,0f,0f,1f], start_interpolation: 0, interpolation_duration: 1 }
$data merge entity $(bone_ear_left) { transformation: [-0.41822909541664116f,0.48292102280143373f,-0.82890815826219f,0.15330201576917774f,-0.06854771901445912f,1.1661539614324583f,0.4365979176749959f,1.7750446866970844f,0.9057514195213238f,0.31124303039875784f,-0.3497049090994321f,0.01222439168961231f,0f,0f,0f,1f], start_interpolation: 0, interpolation_duration: 1 }
$data merge entity $(bone_ear_right) { transformation: [-0.3440828391559055f,-0.28094049659283954f,0.9137309779250198f,-0.1573467700735844f,0.026272758193829425f,1.2617219301262332f,0.23944120761437654f,1.7769583306663743f,-0.9385716498889684f,0.1383119966333413f,-0.32827367862251167f,0.0026329946560656944f,0f,0f,0f,1f], start_interpolation: 0, interpolation_duration: 1 }
$data merge entity $(bone_head) { transformation: [-0.9992433036581997f,-0.0028858337229860326f,0.03878778232859264f,-0.00015612684801419134f,0f,0.9972437141164587f,0.07419551640908514f,1.4035636013377157f,-0.038894988035054166f,0.07413937293324042f,-0.9964891034461034f,0.004011023406379238f,0f,0f,0f,1f], start_interpolation: 0, interpolation_duration: 1 }
$data merge entity $(bone_body) { transformation: [-0.9992433036581997f,-0.006521605981642462f,0.03834434442870568f,0.006211821301608415f,0f,0.9858428133246314f,0.16767214263608604f,0.4830843749999999f,-0.038894988035054166f,0.1675452657391315f,-0.9850968296741985f,-0.15958664991899196f,0f,0f,0f,1f], start_interpolation: 0, interpolation_duration: 1 }
$data merge entity $(bone_shoe_right) { transformation: [-0.9708714130766721f,0.013352997722384047f,0.2442691115181304f,-0.28250234904560667f,-0.0026516998792782223f,1.0835574849569487f,0.014605825108993557f,0.27556447761628f,-0.24407014267258395f,0.014812428963338144f,-0.9696634521517626f,0.3142629326952302f,0f,0f,0f,1f], start_interpolation: 0, interpolation_duration: 1 }
$data merge entity $(bone_lowerleg_right) { transformation: [-0.9673759120945791f,0.127364238889213f,0.22449765582490544f,-0.22254616534252367f,0.11764321884927284f,1.077183402344094f,-0.012376413809160325f,0.7675925569204602f,-0.2243745033598145f,0.015662323153762203f,-0.974396031862993f,0.3168778649148155f,0f,0f,0f,1f], start_interpolation: 0, interpolation_duration: 1 }
$data merge entity $(bone_leg_right) { transformation: [-0.9673759120945791f,0.14046157003719417f,-0.210842102156727f,-0.17823481043749256f,0.11764321884927284f,-0.4880096037977226f,-0.8648738056271399f,0.5325f,-0.2243745033598145f,-0.8614622301319288f,0.455564384360938f,0.0025695035145132496f,0f,0f,0f,1f], start_interpolation: 0, interpolation_duration: 1 }
$data merge entity $(bone_shoe_left) { transformation: [-0.9893050870873876f,-0.14540799166162305f,-0.01148741154261929f,0.21958504909303073f,-0.013555858700229307f,0.013242265888778165f,0.9998204244208208f,0.24051349925696053f,-0.14522976057928194f,0.9892831537810923f,-0.01507177119718095f,-0.6744060913540588f,0f,0f,0f,1f], start_interpolation: 0, interpolation_duration: 1 }
$data merge entity $(bone_lowerleg_left) { transformation: [-0.9854453313163275f,-0.16977686825505417f,-0.008562359041725184f,0.15775214533022486f,0.007611668890131151f,-0.09438722415885947f,0.9955064612609463f,0.19960175182067919f,-0.16982214662275488f,0.9809520207028941f,0.09430573468961684f,-0.30169460514142266f,0f,0f,0f,1f], start_interpolation: 0, interpolation_duration: 1 }
$data merge entity $(bone_leg_left) { transformation: [-0.951891014889649f,-0.08391286225723658f,0.294723815325725f,0.13072021366851555f,0.07491843430777385f,0.8688636624064333f,0.4893497362322282f,0.4794999999999999f,-0.29713755059437685f,0.48788786385549465f,-0.8207768931502011f,-0.1445250003925191f,0f,0f,0f,1f], start_interpolation: 0, interpolation_duration: 1 }