# This file was generated by Animated Java via MC-Build. It is not recommended to edit this file directly.
$data merge entity $(bone_hammer) { transformation: [-0.00001157425615218671f,-0.00001646384019695747f,-0.000005385753268614661f,1.1286017869823075f,-0.0000037009924708988665f,-0.0000039774679293203306f,0.000020112438474221768f,0.7409282793975988f,-0.000016922382427769917f,0.000012130519058063984f,-7.150231660781047e-7f,-0.6873056626717862f,0f,0f,0f,1f], start_interpolation: 0, interpolation_duration: 1 }
$data merge entity $(bone_hand_left) { transformation: [-0.555564295304962f,-0.2585161568935038f,0.7902643294539585f,0.7779674854430993f,-0.17764763860314556f,0.9653970467626448f,0.19091846060737605f,0.7223056919981805f,-0.8122743565329558f,-0.03432111197174889f,-0.5822649147870711f,-0.39109028250447836f,0f,0f,0f,1f], start_interpolation: 0, interpolation_duration: 1 }
$data merge entity $(bone_lowerarm_left) { transformation: [-0.555564295304962f,-0.4533226083394107f,0.6970272064637467f,0.5775138945680163f,-0.17764763860314556f,0.8836614562302052f,0.4331093941163588f,1.1130497421749743f,-0.8122743565329558f,0.11679487806178213f,-0.5714624451156051f,-0.3394450473615341f,0f,0f,0f,1f], start_interpolation: 0, interpolation_duration: 1 }
$data merge entity $(bone_arm_left) { transformation: [-0.8078173627880962f,-0.5865386887868534f,-0.058339308654494146f,0.28699395027827795f,-0.2555618987163398f,0.2593391492476921f,0.931359931278978f,1.241503664536722f,-0.5311489662068306f,0.7672780279818275f,-0.35939560858993946f,0.04059735087321492f,0f,0f,0f,1f], start_interpolation: 0, interpolation_duration: 1 }
$data merge entity $(bone_bread) { transformation: [-0.0000047062539403994755f,-0.000007442876313270393f,-0.000004738646012716392f,-0.23193142926148552f,0.000008451745515098944f,-0.0000022605897474471718f,-0.00000484331825732541f,0.9151082825087525f,0.0000025336084141949235f,-0.000006284371581876369f,0.000007354420590666911f,0.7578819770831529f,0f,0f,0f,1f], start_interpolation: 0, interpolation_duration: 1 }
$data merge entity $(bone_hand_right) { transformation: [-0.4706253940399475f,-0.7442876313270392f,-0.47386460127163915f,-0.36492536058281716f,0.8451745515098943f,-0.22605897474471714f,-0.48433182573254097f,0.9790227694692817f,0.25336084141949233f,-0.6284371581876368f,0.735442059066691f,0.5443161439349892f,0f,0f,0f,1f], start_interpolation: 0, interpolation_duration: 1 }
$data merge entity $(bone_lowerarm_right) { transformation: [-0.4706253940399475f,-0.5982890659450051f,-0.6485074649187915f,-0.6294813069303741f,0.8451745515098943f,-0.09462853418209254f,-0.5260469731864234f,0.9371792145106377f,0.25336084141949233f,-0.7956730698529404f,0.5501932841702132f,0.19247945835939212f,0f,0f,0f,1f], start_interpolation: 0, interpolation_duration: 1 }
$data merge entity $(bone_arm_right) { transformation: [-0.4706253940399475f,0.692160264597118f,-0.5471982333648308f,-0.28664567587211404f,0.8451745515098943f,0.5317231210446676f,-0.05431850537861749f,1.2005483229030747f,0.25336084141949233f,-0.4880416894686002f,-0.8352386445656363f,-0.04925369095552394f,0f,0f,0f,1f], start_interpolation: 0, interpolation_duration: 1 }
$data merge entity $(bone_uppertail) { transformation: [-0.999469259507421f,-0.0262093468003026f,0.019346044556674182f,0.03773807108312362f,-0.023663919108883425f,0.9922773900568064f,0.12176042096864109f,0.9281667680249474f,-0.022387903700337296f,0.12123799454937362f,-0.9923709641286117f,-0.8406546781080402f,0f,0f,0f,1f], start_interpolation: 0, interpolation_duration: 1 }
$data merge entity $(bone_middletail) { transformation: [-0.999469259507421f,-0.031958827645798174f,0.006311310101200949f,0.0353449525585371f,-0.023663919108883425f,0.8454271799418467f,0.5335662117750567f,0.7259182016591055f,-0.022387903700337296f,0.5331336762492899f,-0.8457347486161496f,-0.5200421629692171f,0f,0f,0f,1f], start_interpolation: 0, interpolation_duration: 1 }
$data merge entity $(bone_tail) { transformation: [-0.9999387892794929f,-0.0018233319689236974f,0.010912981022300344f,0.03193464598906824f,0.003888379518712245f,0.8655004618374916f,0.5008930335548769f,0.5693891286732065f,-0.010358484395916509f,0.5009048073432913f,-0.8654403941239395f,-0.249592039805486f,0f,0f,0f,1f], start_interpolation: 0, interpolation_duration: 1 }
$data merge entity $(bone_hair) { transformation: [-0.6891866944815274f,0.11930865943235731f,0.040080122155492136f,0.11016179448063941f,0.1211884623177043f,0.6872939230898224f,0.07746519804338606f,1.7000441347417514f,-0.01830455546294904f,0.05824523215040796f,-0.9961891019781834f,0.3713163077268763f,0f,0f,0f,1f], start_interpolation: 0, interpolation_duration: 1 }
$data merge entity $(bone_ear_left) { transformation: [-0.4194032817697365f,0.6112561229682396f,-0.7765408243080395f,0.15189449014727233f,-0.07156851095421775f,1.086307562681311f,0.5446238655286233f,1.7340594833713914f,0.9049744943812343f,0.36919077913082493f,-0.3168109740518004f,0.06071090446833939f,0f,0f,0f,1f], start_interpolation: 0, interpolation_duration: 1 }
$data merge entity $(bone_ear_right) { transformation: [-0.34264005784649987f,-0.2933913579930077f,0.9119560151847999f,-0.16002065202817178f,0.027433563094488418f,1.2582688108944018f,0.24983746773614515f,1.7360601960712638f,-0.9390661267317053f,0.14380928546309812f,-0.32544963678494276f,0.05079365404858005f,0f,0f,0f,1f], start_interpolation: 0, interpolation_duration: 1 }
$data merge entity $(bone_head) { transformation: [-0.9991916161265392f,-0.003114172512191579f,0.040080122155492136f,-0.0022225792157122047f,0f,0.9969950567039432f,0.07746519804338606f,1.3647603514603581f,-0.040200923651514044f,0.07740257642653334f,-0.9961891019781834f,0.055242076967380704f,0f,0f,0f,1f], start_interpolation: 0, interpolation_duration: 1 }
$data merge entity $(bone_body) { transformation: [-0.9991916161265392f,-0.009354588209646278f,0.03909739047382584f,0.006799242518566049f,0f,0.9725495566406809f,0.23269585273058685f,0.45716837499999996f,-0.040200923651514044f,0.23250774515581824f,-0.9717633632629511f,-0.1689947768229058f,0f,0f,0f,1f], start_interpolation: 0, interpolation_duration: 1 }
$data merge entity $(bone_shoe_right) { transformation: [-0.9744409916410088f,0.010068905448965286f,0.2305327564958732f,-0.2802357669804578f,-0.008583745770368164f,1.0871487159798645f,0.01388361489298653f,0.2753596747104096f,-0.23041658067512005f,0.013182065182502242f,-0.9730249018273973f,0.30431937889111693f,0f,0f,0f,1f], start_interpolation: 0, interpolation_duration: 1 }
$data merge entity $(bone_lowerleg_right) { transformation: [-0.9676024373010833f,0.13349544678642494f,0.22069542333527098f,-0.21749847449011228f,0.12296639113616181f,1.0802254919748049f,-0.012284919590881238f,0.7691724397991928f,-0.22051029449880927f,0.016601994435704648f,-0.9752654053484678f,0.3073662502316802f,0f,0f,0f,1f], start_interpolation: 0, interpolation_duration: 1 }
$data merge entity $(bone_leg_right) { transformation: [-0.9676024373010833f,0.1143988935150207f,-0.2250742466199589f,-0.18049739851668453f,0.12296639113616181f,-0.5650547842735574f,-0.8158384383078013f,0.50894f,-0.22051029449880927f,-0.8170838291950849f,0.53268116738622f,-0.00011225288048448065f,0f,0f,0f,1f], start_interpolation: 0, interpolation_duration: 1 }
$data merge entity $(bone_shoe_left) { transformation: [-0.9859339714773518f,-0.1602558226054005f,-0.04745814164042783f,0.23080172365942297f,-0.0232964939513249f,-0.14940872165637953f,0.9885010405976226f,0.24735304442408446f,-0.1655037076819501f,0.9757023650755763f,0.14357373551403704f,-0.6858009126153454f,0f,0f,0f,1f], start_interpolation: 0, interpolation_duration: 1 }
$data merge entity $(bone_lowerleg_left) { transformation: [-0.9825175381614921f,-0.18427530665562167f,-0.026493368265614783f,0.16272675216163407f,0.0045837549821789725f,-0.16620890987585518f,0.9860799092711215f,0.1792229251567975f,-0.18611361152625094f,0.9687193657787877f,0.16414784180670566f,-0.3149339222856717f,0f,0f,0f,1f], start_interpolation: 0, interpolation_duration: 1 }
$data merge entity $(bone_leg_left) { transformation: [-0.9452703851172622f,-0.09832531888907337f,0.31112060472688846f,0.13128784360621062f,0.07781737657895081f,0.858065416843268f,0.5076102799589055f,0.453584f,-0.31687277403183844f,0.5040395540857391f,-0.8034524086680037f,-0.1537704129448549f,0f,0f,0f,1f], start_interpolation: 0, interpolation_duration: 1 }