# This file was generated by Animated Java via MC-Build. It is not recommended to edit this file directly.
$data merge entity $(bone_hammer) { transformation: [-0.000011134466840748481f,-0.00001727660283323819f,-0.000003401532080195132f,1.1138255278842626f,-0.00000331575304355566f,-0.0000018953456254890217f,0.000020480264268115997f,0.6392989884150161f,-0.000017293270590151582f,0.00001148714225907661f,-0.000001736701699576643f,-0.6086950502500388f,0f,0f,0f,1f], start_interpolation: 0, interpolation_duration: 1 }
$data merge entity $(bone_hand_left) { transformation: [-0.5344544083559271f,-0.1632735398493665f,0.8292769359954331f,0.7505691323758734f,-0.15915614609067166f,0.9830526848695678f,0.09097659002347325f,0.6662801500738313f,-0.8300769883272759f,-0.08336168157967873f,-0.5513828284356772f,-0.3287815392099432f,0f,0f,0f,1f], start_interpolation: 0, interpolation_duration: 1 }
$data merge entity $(bone_lowerarm_left) { transformation: [-0.5344544083559271f,-0.39240210650932783f,0.7485847127720138f,0.5770538259037801f,-0.15915614609067166f,0.9165724899605163f,0.36682992218348837f,1.0715770479782472f,-0.8300769883272759f,0.07691201112064078f,-0.5523194148270525f,-0.29477200929253483f,0f,0f,0f,1f], start_interpolation: 0, interpolation_duration: 1 }
$data merge entity $(bone_arm_left) { transformation: [-0.8041489093689851f,-0.5934077892817576f,-0.03480987188153816f,0.2831315302751595f,-0.23731266421715935f,0.26679727443219087f,0.9340781090239231f,1.2037250729704416f,-0.5450020467510426f,0.7593987160742973f,-0.35536792069893264f,0.08136766726301559f,0f,0f,0f,1f], start_interpolation: 0, interpolation_duration: 1 }
$data merge entity $(bone_bread) { transformation: [-0.000004373997707510577f,-0.000008486145526093783f,-0.0000029754794848310997f,-0.10770225591961041f,0.000008502352961453965f,-0.0000028249240998207848f,-0.000004441823718823921f,0.9263699306657639f,0.000002928845877397315f,-0.0000044727103572901145f,0.000008450841608162025f,0.7333468175749234f,0f,0f,0f,1f], start_interpolation: 0, interpolation_duration: 1 }
$data merge entity $(bone_hand_right) { transformation: [-0.4373997707510577f,-0.8486145526093781f,-0.29754794848310995f,-0.28348068141446425f,0.8502352961453964f,-0.2824924099820785f,-0.44418237188239207f,0.9732372184765705f,0.2928845877397315f,-0.4472710357290114f,0.8450841608162025f,0.54817604514091f,0f,0f,0f,1f], start_interpolation: 0, interpolation_duration: 1 }
$data merge entity $(bone_lowerarm_right) { transformation: [-0.4373997707510577f,-0.7367460778499524f,-0.5156419856059379f,-0.60926058771374f,0.8502352961453964f,-0.1520585350001065f,-0.503962442174188f,0.9059988350312109f,0.2928845877397315f,-0.6588500730107977f,0.6929178880345017f,0.25684077848144793f,0f,0f,0f,1f], start_interpolation: 0, interpolation_duration: 1 }
$data merge entity $(bone_arm_right) { transformation: [-0.4373997707510577f,0.6528261998919528f,-0.6184653533396631f,-0.2859076105797571f,0.8502352961453964f,0.5242117134341493f,-0.047979377726099115f,1.165647449341563f,0.2928845877397315f,-0.5468272416705898f,-0.7843459606777241f,-0.014009589658516147f,0f,0f,0f,1f], start_interpolation: 0, interpolation_duration: 1 }
$data merge entity $(bone_uppertail) { transformation: [-0.9993857460902877f,-0.030648136879806564f,0.016994770294281494f,0.03661837848325184f,-0.02482664670984999f,0.9614375834218938f,0.2739003665514397f,0.9661174621428035f,-0.0247339468080419f,0.2733101990224025f,-0.9616079070939628f,-0.8023026988551825f,0f,0f,0f,1f], start_interpolation: 0, interpolation_duration: 1 }
$data merge entity $(bone_middletail) { transformation: [-0.9993857460902877f,-0.03491771459303637f,0.002980556853677964f,0.03548782873474329f,-0.02482664670984999f,0.7654546479541909f,0.6430107460520934f,0.7223789754497474f,-0.0247339468080419f,0.642541776955339f,-0.7658513542080945f,-0.5119703609408568f,0f,0f,0f,1f], start_interpolation: 0, interpolation_duration: 1 }
$data merge entity $(bone_tail) { transformation: [-0.9999358398765906f,-0.004463411613364452f,0.010411248103227869f,0.032234313702484585f,0.001992370408817539f,0.8354714567689896f,0.5495302315473247f,0.5506507780912084f,-0.01115108023697035f,0.5495157166824911f,-0.8354089600479976f,-0.2509050609258575f,0f,0f,0f,1f], start_interpolation: 0, interpolation_duration: 1 }
$data merge entity $(bone_hair) { transformation: [-0.6891832861919958f,0.11916745620622814f,0.04104540579174183f,0.10776604789452061f,0.12115992911782617f,0.687132103272098f,0.08042925943661638f,1.659430383130907f,-0.018619065759723975f,0.06040355978085572f,-0.9959148602615931f,0.4207348192947627f,0f,0f,0f,1f], start_interpolation: 0, interpolation_duration: 1 }
$data merge entity $(bone_ear_left) { transformation: [-0.4202798479112467f,0.7236146355187472f,-0.7166112126311834f,0.1505215914108801f,-0.07430694660853007f,0.995775319948524f,0.6385542747619276f,1.692213203163067f,0.9043469064056204f,0.4181068899749024f,-0.2805651584116125f,0.10610487859201129f,0f,0f,0f,1f], start_interpolation: 0, interpolation_duration: 1 }
$data merge entity $(bone_ear_right) { transformation: [-0.34151547588860487f,-0.30471838940001367f,0.9101782245989946f,-0.16266292868402443f,0.028475166217648326f,1.2549905289294554f,0.25929862270309284f,1.6943009862406138f,-0.939444700148687f,0.14881355939170104f,-0.32301675456561185f,0.0959612115845247f,0f,0f,0f,1f], start_interpolation: 0, interpolation_duration: 1 }
$data merge entity $(bone_head) { transformation: [-0.9991517929938917f,-0.003311981353014762f,0.04104540579174183f,-0.00426793552600426f,0f,0.9967603193478748f,0.08042925943661638f,1.325073684493751f,-0.041178811992230564f,0.08036103877526615f,-0.9959148602615931f,0.10355605776082266f,0f,0f,0f,1f], start_interpolation: 0, interpolation_duration: 1 }
$data merge entity $(bone_body) { transformation: [-0.9991517929938917f,-0.012096429200058923f,0.03936204971415276f,0.007319101454093067f,0f,0.9558811391056988f,0.293753719809625f,0.43349637499999993f,-0.041178811992230564f,0.2935045558464121f,-0.9550703540265025f,-0.17758874011083786f,0f,0f,0f,1f], start_interpolation: 0, interpolation_duration: 1 }
$data merge entity $(bone_shoe_right) { transformation: [-0.9766679942512063f,0.01138381363437655f,0.22161860940253897f,-0.27884675291491007f,-0.009848784216212578f,1.0904651737298818f,0.01033161303917158f,0.2744729520052323f,-0.22155211357632706f,0.0100351191929084f,-0.975122098292909f,0.29900584851119016f,0f,0f,0f,1f], start_interpolation: 0, interpolation_duration: 1 }
$data merge entity $(bone_lowerleg_right) { transformation: [-0.9678177442704681f,0.1391331064648516f,0.2170151211360974f,-0.21354909944052344f,0.1278314418953794f,1.0829725081899095f,-0.012153388995441883f,0.7699385622234949f,-0.2167670093399161f,0.017449371167384542f,-0.9760925838946892f,0.3024437825137319f,0f,0f,0f,1f], start_interpolation: 0, interpolation_duration: 1 }
$data merge entity $(bone_leg_right) { transformation: [-0.9678177442704681f,0.08921908093801209f,-0.23530569366634435f,-0.18255876006519442f,0.1278314418953794f,-0.6311273500590198f,-0.7650734542973167f,0.48741999999999996f,-0.2167670093399161f,-0.7705311308468051f,0.599411244520632f,-0.0025276968684525194f,0f,0f,0f,1f], start_interpolation: 0, interpolation_duration: 1 }
$data merge entity $(bone_shoe_left) { transformation: [-0.9822346312212654f,-0.16667087743292036f,-0.08623194214074745f,0.24065717076161472f,-0.03240612757545958f,-0.30196421753170133f,0.9527683108846716f,0.253710140822635f,-0.1848376913001995f,0.9386364737992062f,0.29119855413206364f,-0.6944992099992555f,0f,0f,0f,1f], start_interpolation: 0, interpolation_duration: 1 }
$data merge entity $(bone_lowerleg_left) { transformation: [-0.9796089147842626f,-0.1958363677730172f,-0.044883082922978615f,0.16736660515100713f,0.0015872741242395627f,-0.23093129317278405f,0.9729687653745109f,0.16065255907914716f,-0.20090757734852605f,0.9530576346113688f,0.22653319949386855f,-0.3267832373524179f,0f,0f,0f,1f], start_interpolation: 0, interpolation_duration: 1 }
$data merge entity $(bone_leg_left) { transformation: [-0.9389317578359524f,-0.1120250287114712f,0.32535756802214155f,0.13179274285491882f,0.08040629474365876f,0.8479202046978752f,0.523990605097753f,0.42991199999999996f,-0.3345773182579541f,0.5181522164454259f,-0.7871316908243553f,-0.16224254668482388f,0f,0f,0f,1f], start_interpolation: 0, interpolation_duration: 1 }