# This file was generated by Animated Java via MC-Build. It is not recommended to edit this file directly.
$data merge entity $(bone_hammer) { transformation: [-0.000010735836759993595f,-0.00001778963887802617f,-0.000001516026196992608f,1.0928857913767627f,-0.000002971167383809402f,3.5806439424580507e-8f,0.000020620345779207024f,0.5459544546781141f,-0.0000176051626296929f,0.000010842289622865338f,-0.000002555539530852382f,-0.5389816917764216f,0f,0f,0f,1f], start_interpolation: 0, interpolation_duration: 1 }
$data merge entity $(bone_hand_left) { transformation: [-0.5153201644796925f,-0.07276925745564536f,0.8539026661452561f,0.7233141741791025f,-0.14261603442285126f,0.989776597401937f,-0.0017187090923796444f,0.6146554635361908f,-0.8450478062252591f,-0.1226658974809142f,-0.5204299018975361f,-0.2749139793070843f,0f,0f,0f,1f], start_interpolation: 0, interpolation_duration: 1 }
$data merge entity $(bone_lowerarm_left) { transformation: [-0.5153201644796925f,-0.3326127900644286f,0.7898188779499886f,0.576236956072488f,-0.14261603442285126f,0.9420436847967221f,0.3036681785438085f,1.0312154054072413f,-0.8450478062252591f,0.04384549942891064f,-0.5328900237138116f,-0.25552604752836283f,0f,0f,0f,1f], start_interpolation: 0, interpolation_duration: 1 }
$data merge entity $(bone_arm_left) { transformation: [-0.8008336224860674f,-0.5987532145043648f,-0.012652952878004081f,0.2796670045132948f,-0.22012464841810922f,0.27463718355880135f,0.9360125835509334f,1.16724663538871f,-0.5569655718755395f,0.7523755747813583f,-0.35173903141075197f,0.11713497935552872f,0f,0f,0f,1f], start_interpolation: 0, interpolation_duration: 1 }
$data merge entity $(bone_bread) { transformation: [-0.000004072393912010872f,-0.000009056946965795519f,-0.0000011778452717501698f,-0.008698033534470462f,0.000008517181484256066f,-0.0000033003911763575796f,-0.000004070016909948497f,0.9306685419834982f,0.000003297457716129574f,-0.0000026606634025724653f,0.00000905801539348157f,0.6895932347825603f,0f,0f,0f,1f], start_interpolation: 0, interpolation_duration: 1 }
$data merge entity $(bone_hand_right) { transformation: [-0.40723939120108715f,-0.9056946965795517f,-0.11778452717501697f,-0.2175481444644382f,0.8517181484256066f,-0.33003911763575794f,-0.4070016909948496f,0.9625800806516328f,0.3297457716129574f,-0.2660663402572465f,0.9058015393481569f,0.5387751411585778f,0f,0f,0f,1f], start_interpolation: 0, interpolation_duration: 1 }
$data merge entity $(bone_lowerarm_right) { transformation: [-0.40723939120108715f,-0.8354345763539233f,-0.3690598147814379f,-0.5869668711959386f,0.8517181484256066f,-0.20149373801357404f,-0.48371114229855605f,0.8734820683737555f,0.3297457716129574f,-0.5113211732107898f,0.7936109777023734f,0.3126753098794317f,0f,0f,0f,1f], start_interpolation: 0, interpolation_duration: 1 }
$data merge entity $(bone_arm_right) { transformation: [-0.40723939120108715f,0.6090842071813545f,-0.6805677826759281f,-0.28527984982642396f,0.8517181484256066f,0.5222969109568827f,-0.04221531057987049f,1.1321822570820865f,0.3297457716129574f,-0.5968436691187732f,-0.7314679492200709f,0.017051180019039353f,0f,0f,0f,1f], start_interpolation: 0, interpolation_duration: 1 }
$data merge entity $(bone_uppertail) { transformation: [-0.99931277293939f,-0.03643515212567317f,0.006816269490434675f,0.03515415382959524f,-0.025843409010037423f,0.8166680391135872f,0.5765287782072189f,0.9946796794053798f,-0.026572543177631566f,0.5759564163892504f,-0.8170484112762997f,-0.7630728357262122f,0f,0f,0f,1f], start_interpolation: 0, interpolation_duration: 1 }
$data merge entity $(bone_middletail) { transformation: [-0.99931277293939f,-0.03705999654235373f,-0.0007338231857244009f,0.03543161440268562f,-0.025843409010037423f,0.6823954120478889f,0.7305262622430024f,0.717764092167583f,-0.026572543177631566f,0.7300431893198324f,-0.6828842081032481f,-0.5041900919263798f,0f,0f,0f,1f], start_interpolation: 0, interpolation_duration: 1 }
$data merge entity $(bone_tail) { transformation: [-0.9999315088735103f,-0.006671199516998337f,0.00961627053225194f,0.03242652986135689f,0.00028113893858471885f,0.8077123040059788f,0.5895767591401908f,0.5335213549362734f,-0.011700364218359502f,0.5895390818718957f,-0.8076551073464465f,-0.25179787088061517f,0f,0f,0f,1f], start_interpolation: 0, interpolation_duration: 1 }
$data merge entity $(bone_hair) { transformation: [-0.6891850610216605f,0.11905471461414713f,0.04164785788924802f,0.10569264977348472f,0.12113375709491077f,0.6869836743543551f,0.0830544948059404f,1.619998042286223f,-0.018723369265200213f,0.06228487857203478f,-0.9956743477793164f,0.46419351969682965f,0f,0f,0f,1f], start_interpolation: 0, interpolation_duration: 1 }
$data merge entity $(bone_ear_left) { transformation: [-0.4208266938498046f,0.8157401401579607f,-0.6551016426675582f,0.1493635991164161f,-0.07673234783427331f,0.9034344698419919f,0.7149525936145328f,1.6514643337208736f,0.9038899493518462f,0.456480210344753f,-0.24430437298198215f,0.14550407341646293f,0f,0f,0f,1f], start_interpolation: 0, interpolation_duration: 1 }
$data merge entity $(bone_ear_right) { transformation: [-0.34074837614076614f,-0.31479112310291646f,0.9084356696771722f,-0.16509390728368378f,0.02938523747342818f,1.2519609263699596f,0.26772605562729607f,1.6536394038918674f,-0.9396951909933674f,0.15329836156488105f,-0.3210411082656513f,0.1352459900413183f,0f,0f,0f,1f], start_interpolation: 0, interpolation_duration: 1 }
$data merge entity $(bone_head) { transformation: [-0.9991263222710375f,-0.0034710341957365897f,0.04164785788924802f,-0.006109813801424215f,0f,0.9965450069578042f,0.0830544948059404f,1.2864651069754554f,-0.04179224982159935f,0.08298193194353826f,-0.9956743477793164f,0.14606717320164095f,0f,0f,0f,1f], start_interpolation: 0, interpolation_duration: 1 }
$data merge entity $(bone_body) { transformation: [-0.9991263222710375f,-0.014528551901042514f,0.039185626507811315f,0.007749766741793183f,0f,0.9376290263167201f,0.34763746778556465f,0.4123323750000001f,-0.04179224982159935f,0.34733374467220746f,-0.9368098407183983f,-0.18527348913349093f,0f,0f,0f,1f], start_interpolation: 0, interpolation_duration: 1 }
$data merge entity $(bone_shoe_right) { transformation: [-0.978074672208789f,0.015277072956228235f,0.21584998748521822f,-0.27764364745469294f,-0.008293103457311117f,1.093442336517069f,0.005497579754538124f,0.2742753153411437f,-0.21583611579871842f,0.006270762618698895f,-0.9764375926103595f,0.2959559024630807f,0f,0f,0f,1f], start_interpolation: 0, interpolation_duration: 1 }
$data merge entity $(bone_lowerleg_right) { transformation: [-0.9680336615326856f,0.14420554913510952f,0.2134719190199781f,-0.21003966635659965f,0.1321829334753315f,1.085402637553909f,-0.011997029836239903f,0.7712515077638502f,-0.21316308835602377f,0.018182692515097187f,-0.9768755350939216f,0.29973395630660266f,0f,0f,0f,1f], start_interpolation: 0, interpolation_duration: 1 }
$data merge entity $(bone_leg_right) { transformation: [-0.9680336615326856f,0.065776269065476f,-0.24204196447609658f,-0.18439908449154463f,0.1321829334753315f,-0.6863340334511074f,-0.7151735919513456f,0.46818000000000004f,-0.21316308835602377f,-0.7243059277367263f,0.6556999472380349f,-0.004642508662369652f,0f,0f,0f,1f], start_interpolation: 0, interpolation_duration: 1 }
$data merge entity $(bone_shoe_left) { transformation: [-0.9783666540447662f,-0.16455679875899115f,-0.12537842811042693f,0.24904361024286173f,-0.04079336894128898f,-0.4406963545811574f,0.8967288464799705f,0.2594422183707902f,-0.20281664454296752f,0.8824442095912193f,0.4244497916777201f,-0.7010385145556148f,0f,0f,0f,1f], start_interpolation: 0, interpolation_duration: 1 }
$data merge entity $(bone_lowerleg_left) { transformation: [-0.9768374881694822f,-0.20456366454097416f,-0.06278717111245155f,0.17154769807258086f,-0.0012759133850406001f,-0.28784853077996186f,0.9576750990669285f,0.14407898691272752f,-0.21397872266132043f,0.9355730492470298f,0.28092023026269325f,-0.3371969385770326f,0f,0f,0f,1f], start_interpolation: 0, interpolation_duration: 1 }
$data merge entity $(bone_leg_left) { transformation: [-0.9330711040123177f,-0.1246327503435054f,0.33740923579393595f,0.13221396263561888f,0.08267091142412429f,0.838629402097687f,0.5383922792365996f,0.4087480000000001f,-0.3500626162010719f,0.5302522074250041f,-0.7721973590082859f,-0.1698508759712094f,0f,0f,0f,1f], start_interpolation: 0, interpolation_duration: 1 }