# This file was generated by Animated Java via MC-Build. It is not recommended to edit this file directly.
$data merge entity $(bone_hammer) { transformation: [-0.00001039964687171723f,-0.00001805181393013377f,8.447812254267805e-8f,1.0704290214991385f,-0.0000026775396264198854f,0.0000016389118342772365f,0.000020595449189716535f,0.46834678831695276f,-0.000017852336101202867f,0.000010270041850405103f,-0.0000031381704699385568f,-0.4834499439649924f,0f,0f,0f,1f], start_interpolation: 0, interpolation_duration: 1 }
$data merge entity $(bone_hand_left) { transformation: [-0.49918304984242695f,0.004054949882048353f,0.8664870686464208f,0.6992707825046603f,-0.12852190206815448f,0.9885815611063935f,-0.07866776804530712f,0.5712416491195287f,-0.8569121328577375f,-0.1506321825570506f,-0.4929620088194449f,-0.23307227948204326f,0f,0f,0f,1f], start_interpolation: 0, interpolation_duration: 1 }
$data merge entity $(bone_lowerarm_left) { transformation: [-0.49918304984242695f,-0.2804937796554574f,0.8198411567642898f,0.5752399393132628f,-0.12852190206815448f,0.9596584372499329f,0.250075597577614f,0.9955906143409834f,-0.8569121328577375f,0.01946595462885814f,-0.5150948195930438f,-0.22446467766959505f,0f,0f,0f,1f], start_interpolation: 0, interpolation_duration: 1 }
$data merge entity $(bone_arm_left) { transformation: [-0.798038293332808f,-0.6025873513430494f,0.004833877928463005f,0.2767708918511586f,-0.20578425273207468f,0.280052827551059f,0.9376690541487218f,1.1343042804873673f,-0.5663812529577233f,0.7473010757265274f,-0.34749586834380386f,0.14568288640120058f,0f,0f,0f,1f], start_interpolation: 0, interpolation_duration: 1 }
$data merge entity $(bone_bread) { transformation: [-0.0000038070576908339564f,-0.000009237225656101916f,4.24233328387289e-7f,0.06167769601098558f,0.000008514679187358573f,-0.000003680810783430445f,-0.000003735220249589693f,0.9307124462290314f,0.000003606459493051982f,-0.0000010607988286356074f,0.00000926650720445091f,0.6385517365094447f,0f,0f,0f,1f], start_interpolation: 0, interpolation_duration: 1 }
$data merge entity $(bone_hand_right) { transformation: [-0.3807057690833956f,-0.9237225656101915f,0.0424233328387289f,-0.16948364238879715f,0.8514679187358573f,-0.3680810783430445f,-0.37352202495896925f,0.9501017083823526f,0.36064594930519817f,-0.10607988286356074f,0.9266507204450909f,0.5220557939089794f,0f,0f,0f,1f], start_interpolation: 0, interpolation_duration: 1 }
$data merge entity $(bone_lowerarm_right) { transformation: [-0.3807057690833956f,-0.8955581430130795f,-0.23030138920463505f,-0.5654882587523932f,0.8514679187358573f,-0.24237479060130762f,-0.4650342398626144f,0.842926605663337f,0.36064594930519817f,-0.37313546248505636f,0.854812509200594f,0.3570599565913686f,0f,0f,0f,1f], start_interpolation: 0, interpolation_duration: 1 }
$data merge entity $(bone_arm_right) { transformation: [-0.3807057690833956f,0.5669807468918389f,-0.7304765225800159f,-0.2846556075575292f,0.8514679187358573f,0.5230434565271276f,-0.03778790742793395f,1.1019965677244299f,0.36064594930519817f,-0.6363633987260165f,-0.6818915779004939f,0.04186121065988846f,0f,0f,0f,1f], start_interpolation: 0, interpolation_duration: 1 }
$data merge entity $(bone_uppertail) { transformation: [-0.9992572346533116f,-0.03754369593758212f,-0.008686189519156621f,0.03358061979724628f,-0.026646034728566595f,0.5103367192593549f,0.8595617614859576f,1.0138637936709594f,-0.027838243950729886f,0.859154761303774f,-0.5109580494549381f,-0.7272980265916308f,0f,0f,0f,1f], start_interpolation: 0, interpolation_duration: 1 }
$data merge entity $(bone_middletail) { transformation: [-0.9992572346533116f,-0.03829221817068727f,-0.004322617330369835f,0.035218501066387485f,-0.026646034728566595f,0.6055599665952947f,0.7953534533088729f,0.7123719451231678f,-0.027838243950729886f,0.7948778729368896f,-0.6061305134119761f,-0.497509913145489f,0f,0f,0f,1f], start_interpolation: 0, interpolation_duration: 1 }
$data merge entity $(bone_tail) { transformation: [-0.9999281474557116f,-0.00830748982455696f,0.00864207953003155f,0.032517851213252624f,-0.0011383962322104955f,0.7834741907703376f,0.6214232828360899f,0.5181771692368897f,-0.011933313865267959f,0.6213687938813628f,-0.783427353371462f,-0.25268886521690714f,0f,0f,0f,1f], start_interpolation: 0, interpolation_duration: 1 }
$data merge entity $(bone_hair) { transformation: [-0.6891925664228797f,0.11897621434440313f,0.041851701443454355f,0.10412736443925555f,0.12111061879810628f,0.686852450552351f,0.08530771652741759f,1.584287922167693f,-0.018596354529424368f,0.0638621295487768f,-0.9954752777378079f,0.499098335388824f,0f,0f,0f,1f], start_interpolation: 0, interpolation_duration: 1 }
$data merge entity $(bone_ear_left) { transformation: [-0.42101160935977383f,0.8855746090002885f,-0.5989160829579591f,0.14859008209289126f,-0.07881405326495586f,0.8194102560197444f,0.7723280473080291f,1.6143386686624326f,0.9036246841428368f,0.48407070167863187f,-0.21168115862225823f,0.17631221880922487f,0f,0f,0f,1f], start_interpolation: 0, interpolation_duration: 1 }
$data merge entity $(bone_ear_right) { transformation: [-0.34037800960855624f,-0.32348023782806795f,0.9067667659406046f,-0.16714450907322245f,0.030151403513576307f,1.2492545759525746f,0.27502190704067114f,1.6166014756402578f,-0.9398051412080481f,0.15723720996077742f,-0.31958877144438197f,0.16606446086524132f,0f,0f,0f,1f], start_interpolation: 0, interpolation_duration: 1 }
$data merge entity $(bone_head) { transformation: [-0.9991174079117843f,-0.0035833355864534847f,0.041851701443454355f,-0.007575765426961343f,0f,0.9963546524711359f,0.08530771652741759f,1.2514640075977708f,-0.04200482362345047f,0.08523242461174674f,-0.9954752777378079f,0.1801954743147085f,0f,0f,0f,1f], start_interpolation: 0, interpolation_duration: 1 }
$data merge entity $(bone_body) { transformation: [-0.9991174079117843f,-0.01644326532057023f,0.03865260965619935f,0.008070113731419987f,0f,0.9201945472429113f,0.3914613585328871f,0.393940375f,-0.04200482362345047f,0.3911158578350038f,-0.9193823908158955f,-0.19195393331893973f,0f,0f,0f,1f], start_interpolation: 0, interpolation_duration: 1 }
$data merge entity $(bone_shoe_right) { transformation: [-0.9790903598654302f,0.019760704677607464f,0.21154601039276882f,-0.27605835332957795f,-0.005790801072487389f,1.096009412946957f,0.0008625046627947081f,0.2750508092704214f,-0.21160513260320635f,0.0028224821053623745f,-0.9773818737403238f,0.2925921365493327f,0f,0f,0f,1f], start_interpolation: 0, interpolation_duration: 1 }
$data merge entity $(bone_lowerleg_right) { transformation: [-0.9682624130194827f,0.148640839035113f,0.21008077791291885f,-0.20643559387941354f,0.1359656629942809f,1.0874944901789516f,-0.011831435949856195f,0.7733850492803424f,-0.20971704275097508f,0.01878040921598534f,-0.9776124405278749f,0.29664936174308654f,0f,0f,0f,1f], start_interpolation: 0, interpolation_duration: 1 }
$data merge entity $(bone_leg_right) { transformation: [-0.9682624130194827f,0.044792588898859f,-0.2458892505040155f,-0.18599838481579303f,0.1359656629942809f,-0.7310987358556573f,-0.6685865515524415f,0.45146f,-0.20971704275097508f,-0.6807997226864871f,0.7018051720882286f,-0.00642249779417378f,0f,0f,0f,1f], start_interpolation: 0, interpolation_duration: 1 }
$data merge entity $(bone_shoe_left) { transformation: [-0.9745159950566543f,-0.1544991958292311f,-0.16263017514243827f,0.2559143637836867f,-0.04840642908071238f,-0.5630760834663979f,0.8249861464605305f,0.26446411609062315f,-0.21903285827106683f,0.8118345414653547f,0.5412478954059254f,-0.7059646585013253f,0f,0f,0f,1f], start_interpolation: 0, interpolation_duration: 1 }
$data merge entity $(bone_lowerleg_left) { transformation: [-0.9743275070531853f,-0.2107020780277583f,-0.0793129454396304f,0.17515247579712287f,-0.0039036535818876006f,-0.33642621039791054f,0.9417017396426606f,0.12969295668070252f,-0.2251014670948148f,0.9178355186372366f,0.32696680296274216f,-0.3461332087789697f,0f,0f,0f,1f], start_interpolation: 0, interpolation_duration: 1 }
$data merge entity $(bone_leg_left) { transformation: [-0.9278842040619891f,-0.1357787025833645f,0.34726797689540434f,0.13253102548325665f,0.08459900869261228f,0.8303914947214073f,0.5507204129343438f,0.39035600000000004f,-0.363144477557454f,0.5403832986123137f,-0.7590204074992968f,-0.17650483942474887f,0f,0f,0f,1f], start_interpolation: 0, interpolation_duration: 1 }