# This file was generated by Animated Java via MC-Build. It is not recommended to edit this file directly.
$data merge entity $(bone_hammer) { transformation: [-0.00001014532506678491f,-0.000018154933021471396f,0.0000012241585080908798f,1.0522545269308667f,-0.000002443118519466938f,0.0000027479678226235765f,0.000020506282513499153f,0.41341009521319483f,-0.000018031398419614643f,0.000009842502609067015f,-0.0000034672166360649588f,-0.4467956226004047f,0f,0f,0f,1f], start_interpolation: 0, interpolation_duration: 1 }
$data merge entity $(bone_hand_left) { transformation: [-0.48697560320567557f,0.05875960838836203f,0.8714367850306268f,0.6817536723743778f,-0.117269688934413f,0.9843015606479593f,-0.13190245548593144f,0.5396812046754675f,-0.8655071241415027f,-0.16642639853111788f,-0.4724401252352166f,-0.20633878798537816f,0f,0f,0f,1f], start_interpolation: 0, interpolation_duration: 1 }
$data merge entity $(bone_lowerarm_left) { transformation: [-0.48697560320567557f,-0.24283296371262134f,0.8389796860574238f,0.574375971232703f,-0.117269688934413f,0.9700542098992465f,0.21270319676482285f,0.9686270506152905f,-0.8655071241415027f,0.005194380742079396f,-0.5008696801254913f,-0.20404189775098994f,0f,0f,0f,1f], start_interpolation: 0, interpolation_duration: 1 }
$data merge entity $(bone_arm_left) { transformation: [-0.7959179544741926f,-0.6052358359588882f,0.014289598201589718f,0.27459509623431616f,-0.19617472638937458f,0.28016651804892845f,0.9396926087239346f,1.1073970290864004f,-0.5727391085578766f,0.7451149609526608f,-0.34172153647793946f,0.1650228563458749f,0f,0f,0f,1f], start_interpolation: 0, interpolation_duration: 1 }
$data merge entity $(bone_bread) { transformation: [-0.0000035831368660506684f,-0.000009189168031588907f,0.0000016493395909796881f,0.10546491964753857f,0.000008516507396391465f,-0.000003940991951332211f,-0.0000034550953976329245f,0.9281774290203066f,0.000003824948622708292f,1.6665331307592875e-7f,0.000009238073105733832f,0.591659671067768f,0f,0f,0f,1f], start_interpolation: 0, interpolation_duration: 1 }
$data merge entity $(bone_hand_right) { transformation: [-0.3583136866050668f,-0.9189168031588906f,0.1649339590979688f,-0.13855948134353152f,0.8516507396391464f,-0.394099195133221f,-0.3455095397632924f,0.9383850937827728f,0.38249486227082924f,0.016665331307592873f,0.9238073105733832f,0.5037352273615578f,0f,0f,0f,1f], start_interpolation: 0, interpolation_duration: 1 }
$data merge entity $(bone_lowerarm_right) { transformation: [-0.3583136866050668f,-0.9259831295359655f,-0.11902329942605733f,-0.5480176464352162f,0.8516507396391464f,-0.27196236028391174f,-0.44802621827399625f,0.8181267375947305f,0.38249486227082924f,-0.26190020695597505f,0.8860620530938206f,0.38792622959821266f,0f,0f,0f,1f], start_interpolation: 0, interpolation_duration: 1 }
$data merge entity $(bone_arm_right) { transformation: [-0.3583136866050668f,0.5331463819337967f,-0.766398223786034f,-0.2839435791336325f,0.8516507396391464f,0.5229823518701281f,-0.03435807480759406f,1.0771664337554034f,0.38249486227082924f,-0.6650145825944658f,-0.6414462450378267f,0.05853619415689129f,0f,0f,0f,1f], start_interpolation: 0, interpolation_duration: 1 }
$data merge entity $(bone_uppertail) { transformation: [-0.9992259431680921f,-0.03383406023451384f,-0.020069152146611584f,0.032125948378699434f,-0.027164568886214765f,0.22444956327079718f,0.9741070165771184f,1.024439108262454f,-0.028453483039210636f,0.973898172251902f,-0.2251949142128694f,-0.6991889315020604f,0f,0f,0f,1f], start_interpolation: 0, interpolation_duration: 1 }
$data merge entity $(bone_middletail) { transformation: [-0.9992259431680921f,-0.03865767102720734f,-0.007286904046902851f,0.034887528081053276f,-0.027164568886214765f,0.5440778197684335f,0.838594903534033f,0.7065540454949013f,-0.028453483039210636f,0.8381437290266986f,-0.5447067915825514f,-0.4926845610307075f,0f,0f,0f,1f], start_interpolation: 0, interpolation_duration: 1 }
$data merge entity $(bone_tail) { transformation: [-0.9999284528515582f,-0.009245935962876789f,0.007589588003281026f,0.03251578183002796f,-0.002163625420389368f,0.7638065541523713f,0.645441605847439f,0.5048535436675766f,-0.011764688815664035f,0.6453790053155208f,-0.7637719107135451f,-0.25400583893272466f,0f,0f,0f,1f], start_interpolation: 0, interpolation_duration: 1 }
$data merge entity $(bone_hair) { transformation: [-0.689206116903538f,0.11893734869726996f,0.04162111678548279f,0.10323425163644026f,0.1210911757475626f,0.6867421835332848f,0.08715574274765825f,1.555146184162109f,-0.018216903656208518f,0.06510822099243796f,-0.9953248510630252f,0.523117177250266f,0f,0f,0f,1f], start_interpolation: 0, interpolation_duration: 1 }
$data merge entity $(bone_ear_left) { transformation: [-0.42080218270445613f,0.9327108434358288f,-0.5551238555013495f,0.14834822911337858f,-0.08052140686538051f,0.7539793916007994f,0.8106384470392749f,1.5836667679214262f,0.9035717049950075f,0.5015631162461145f,-0.18628691106749676f,0.1961953206663492f,0f,0f,0f,1f], start_interpolation: 0, interpolation_duration: 1 }
$data merge entity $(bone_ear_right) { transformation: [-0.3404434482381917f,-0.330657528659411f,0.9052090071160512f,-0.1686678932382042f,0.030761271247261794f,1.2469452777174796f,0.28108865082401985f,1.586018012075582f,-0.9397616733741283f,0.16060222015566525f,-0.31872531090878997f,0.18609555093377014f,0f,0f,0f,1f], start_interpolation: 0, interpolation_duration: 1 }
$data merge entity $(bone_head) { transformation: [-0.9991268302969424f,-0.0036413758820182975f,0.04162111678548279f,-0.008514831441185726f,0f,0.9961946980917455f,0.08715574274765825f,1.2229051606389991f,-0.04178010268997603f,0.08707964099364351f,-0.9953248510630252f,0.20362316032281444f,0f,0f,0f,1f], start_interpolation: 0, interpolation_duration: 1 }
$data merge entity $(bone_body) { transformation: [-0.9991268302969424f,-0.01765703437418559f,0.03786563241111616f,0.008260239652578437f,0f,0.9063077870366499f,0.42261826174069944f,0.378584375f,-0.04178010268997603f,0.42224924427858856f,-0.9055164265353643f,-0.19753486780093274f,0f,0f,0f,1f], start_interpolation: 0, interpolation_duration: 1 }
$data merge entity $(bone_shoe_right) { transformation: [-0.9801184017687514f,0.02284074386468072f,0.20706374669000582f,-0.2736733799208324f,-0.0042381906353033405f,1.0981276668663165f,-0.0020892446464961436f,0.2762665128574052f,-0.20719011678662444f,0.0006479903245789238f,-0.9783332558054254f,0.286326369255129f,0f,0f,0f,1f], start_interpolation: 0, interpolation_duration: 1 }
$data merge entity $(bone_lowerleg_right) { transformation: [-0.9685162969765159f,0.15236708921275233f,0.20685654177486626f,-0.20235299307669016f,0.13912465312878036f,1.0892266958233208f,-0.011672015161117266f,0.7757959630204805f,-0.2064473622565663f,0.019221738491723372f,-0.978301658583395f,0.2905921273965799f,0f,0f,0f,1f], start_interpolation: 0, interpolation_duration: 1 }
$data merge entity $(bone_leg_right) { transformation: [-0.9685162969765159f,0.026855765666724256f,-0.24749737441304576f,-0.1873362806806767f,0.13912465312878036f,-0.7660444973004579f,-0.6275509214776801f,0.4375f,-0.2064473622565663f,-0.642226280999262f,0.7381902807617851f,-0.007833769254370505f,0f,0f,0f,1f], start_interpolation: 0, interpolation_duration: 1 }
$data merge entity $(bone_shoe_left) { transformation: [-0.9708852512950037f,-0.1376412685588675f,-0.1960528245329391f,0.2612681670476903f,-0.05523088739000663f,-0.6677621951918272f,0.7423228406500127f,0.26873409755240935f,-0.23309092195096345f,0.7315384691607801f,0.6407184172801281f,-0.709804890508412f,0f,0f,0f,1f], start_interpolation: 0, interpolation_duration: 1 }
$data merge entity $(bone_lowerleg_left) { transformation: [-0.9722044844060828f,-0.21458882755191006f,-0.0936486817344465f,0.17807118944680908f,-0.006196014728548971f,-0.3762596044075494f,0.9264935614954687f,0.11768759981442639f,-0.23405138303839754f,0.9013214438705933f,0.3644716791697846f,-0.3535496673112189f,0f,0f,0f,1f], start_interpolation: 0, interpolation_duration: 1 }
$data merge entity $(bone_leg_left) { transformation: [-0.9235615428809426f,-0.14510901249702648f,0.3549330232642642f,0.1327246230414883f,0.08617944684946507f,0.8233996805938356f,0.5608797276945297f,0.375f,-0.3736404414033539f,0.5485948782937254f,-0.7479548649870523f,-0.1821137678444297f,0f,0f,0f,1f], start_interpolation: 0, interpolation_duration: 1 }