# This file was generated by Animated Java via MC-Build. It is not recommended to edit this file directly.
$data merge entity $(bone_hammer) { transformation: [-0.00000993176980934491f,-0.000018214835223322137f,0.000001899343049368945f,1.0415627770706666f,-0.000002367335155888913f,0.0000034194647722548707f,0.00002041398448879538f,0.3621176620180308f,-0.00001815994081740509f,0.000009516029436498666f,-0.000003699933925060491f,-0.43158873612005916f,0f,0f,0f,1f], start_interpolation: 0, interpolation_duration: 1 }
$data merge entity $(bone_hand_left) { transformation: [-0.4767249508485556f,0.09116846636970916f,0.8743120907194625f,0.6713489505225806f,-0.11363208748266782f,0.979871255462178f,-0.16413430906823356f,0.5025623379989737f,-0.8716771592354442f,-0.17759682840290344f,-0.4567694129519359f,-0.1986686183838883f,0f,0f,0f,1f], start_interpolation: 0, interpolation_duration: 1 }
$data merge entity $(bone_lowerarm_left) { transformation: [-0.4770876001307374f,-0.22085615258300856f,0.8506526798098767f,0.5736891205522815f,-0.11203361653256702f,0.975296139966818f,0.1903835815727255f,0.9338260998905509f,-0.871685660412128f,-0.004472050095394087f,-0.49004500834088394f,-0.20064610303544536f,0f,0f,0f,1f], start_interpolation: 0, interpolation_duration: 1 }
$data merge entity $(bone_arm_left) { transformation: [-0.7940267526255043f,-0.6076194815185998f,0.017890829887526015f,0.2727275961126f,-0.1926371365396657f,0.27943133361696637f,0.9406428989892188f,1.0722319323227045f,-0.5765522090329676f,0.7434491882247987f,-0.3389260314391532f,0.16759357300715025f,0f,0f,0f,1f], start_interpolation: 0, interpolation_duration: 1 }
$data merge entity $(bone_bread) { transformation: [-0.000003445769885044131f,-0.000009071083478675685f,0.0000024170466321980567f,0.13117038524171448f,0.000008520169470404615f,-0.000004102905914567172f,-0.000003251595800802256f,0.9081701457074025f,0.000003941241187101863f,9.389396035457799e-7f,0.00000914248381600893f,0.5491387137791328f,0f,0f,0f,1f], start_interpolation: 0, interpolation_duration: 1 }
$data merge entity $(bone_hand_right) { transformation: [-0.34457698850441304f,-0.9071083478675683f,0.24170466321980563f,-0.11900871053831757f,0.8520169470404614f,-0.41029059145671715f,-0.3251595800802256f,0.9123150855263027f,0.39412411871018627f,0.09389396035457798f,0.914248381600893f,0.4800297273259717f,0f,0f,0f,1f], start_interpolation: 0, interpolation_duration: 1 }
$data merge entity $(bone_lowerarm_right) { transformation: [-0.34457698850441304f,-0.9375834842978175f,-0.04694580881392152f,-0.5335964075012587f,0.8520169470404614f,-0.29135150425716f,-0.43494990852159227f,0.7834830922375897f,0.39412411871018627f,-0.189872354330623f,0.8992300418201482f,0.39607054564539934f,0f,0f,0f,1f], start_interpolation: 0, interpolation_duration: 1 }
$data merge entity $(bone_arm_right) { transformation: [-0.34534751686707366f,0.5101662816711654f,-0.7876962978455356f,-0.2809046711110096f,0.8517603726001147f,0.5227710518143313f,-0.03485247556560775f,1.0424181288393757f,0.39400426426862406f,-0.6829647080418977f,-0.6150771067983148f,0.057789588693396815f,0f,0f,0f,1f], start_interpolation: 0, interpolation_duration: 1 }
$data merge entity $(bone_uppertail) { transformation: [-0.9992832169954834f,-0.030934309900546172f,-0.021820190240575552f,0.031408038339760136f,-0.026319739634470284f,0.15344611486497833f,0.9878064391055654f,1.0108887502536896f,-0.027208887091015512f,0.9876726979641693f,-0.15415031028008852f,-0.6889317595031474f,0f,0f,0f,1f], start_interpolation: 0, interpolation_duration: 1 }
$data merge entity $(bone_middletail) { transformation: [-0.9992832169954834f,-0.03681508833216225f,-0.008814845560361705f,0.034748867721002566f,-0.026319739634470284f,0.5083044773324161f,0.8607751330222038f,0.6845948852579646f,-0.027208887091015512f,0.86039014847621f,-0.5089090968614673f,-0.4959971928694046f,0f,0f,0f,1f], start_interpolation: 0, interpolation_duration: 1 }
$data merge entity $(bone_tail) { transformation: [-0.9999498477313722f,-0.007761439425728009f,0.006329461276168891f,0.03277091107219979f,-0.0016163395900724506f,0.7487746467405461f,0.6628226880885263f,0.4774627952303001f,-0.009883798274718629f,0.6627792154681762f,-0.748749639115141f,-0.262012930645923f,0f,0f,0f,1f], start_interpolation: 0, interpolation_duration: 1 }
$data merge entity $(bone_hair) { transformation: [-0.689201784274779f,0.11889629457887778f,0.0420051427335808f,0.1037186636837633f,0.12107422947839294f,0.6867487814116572f,0.08709767195999812f,1.5192209407101644f,-0.018491390122818932f,0.06511361121160833f,-0.9953138015335067f,0.5283208995141385f,0f,0f,0f,1f], start_interpolation: 0, interpolation_duration: 1 }
$data merge entity $(bone_ear_left) { transformation: [-0.41741873521401385f,0.9643399023796396f,-0.524875671849712f,0.14968666206775724f,-0.08265529676338731f,0.70747873470999f,0.8348645257966194f,1.5455911490450671f,0.9049473473132511f,0.5094334035098006f,-0.165851598324223f,0.19723328332323642f,0f,0f,0f,1f], start_interpolation: 0, interpolation_duration: 1 }
$data merge entity $(bone_ear_right) { transformation: [-0.33626396177799567f,-0.34255836194636374f,0.9041520381902491f,-0.16860466267590057f,0.03132652849655628f,1.2433166665783262f,0.290383528029995f,1.548028521086056f,-0.9412466183852782f,0.16376029820803134f,-0.31334724904691774f,0.18708270497070045f,0f,0f,0f,1f], start_interpolation: 0, interpolation_duration: 1 }
$data merge entity $(bone_head) { transformation: [-0.9991105506123178f,-0.0036980588263000446f,0.0420051427335808f,-0.007898855662585346f,-0.000025477895455359697f,0.9961997765960527f,0.08709767195999812f,1.1869583974621363f,-0.04216760612162035f,0.08701913278636964f,-0.9953138015335067f,0.2088032726730952f,0f,0f,0f,1f], start_interpolation: 0, interpolation_duration: 1 }
$data merge entity $(bone_body) { transformation: [-0.9991554578481631f,-0.01730893616539229f,0.03726622842534721f,0.008546543844179884f,0.0008195572204227272f,0.8983708253613499f,0.4392370527010777f,0.35017528409090903f,-0.04108161849526177f,0.438896640302007f,-0.8975979276677397f,-0.20786245139382356f,0f,0f,0f,1f], start_interpolation: 0, interpolation_duration: 1 }
$data merge entity $(bone_shoe_right) { transformation: [-0.9817851680460989f,0.028883281579424595f,0.1995403347628327f,-0.26545009219499105f,-0.0007871227907802845f,1.1020223935912665f,-0.0067802216367347f,0.2758909487952367f,-0.19975189940748336f,-0.003045184332075004f,-0.9798700105988855f,0.25588595247964196f,0f,0f,0f,1f], start_interpolation: 0, interpolation_duration: 1 }
$data merge entity $(bone_lowerleg_right) { transformation: [-0.9691145530256301f,0.15915737134285943f,0.20009652572828657f,-0.19104670702122745f,0.14439837145382114f,1.0924600907149107f,-0.013416685917509219f,0.7768929124072832f,-0.19991521561756528f,0.017546104117295125f,-0.9796843231013044f,0.2593735023008327f,0f,0f,0f,1f], start_interpolation: 0, interpolation_duration: 1 }
$data merge entity $(bone_leg_right) { transformation: [-0.9691145530256301f,-0.005069831614623009f,-0.24655887719028224f,-0.18981607634833358f,0.14439837145382114f,-0.8221443006160445f,-0.5506612927072684f,0.41167355371900827f,-0.19991521561756528f,-0.5692565728842794f,0.797484081842784f,-0.01038936965416504f,0f,0f,0f,1f], start_interpolation: 0, interpolation_duration: 1 }
$data merge entity $(bone_shoe_left) { transformation: [-0.9725342287621316f,-0.1389500829781703f,-0.18673523589940222f,0.26815395955831156f,-0.050286130968845044f,-0.6578907501833433f,0.7514326755308036f,0.2731346318817993f,-0.2272630170490351f,0.7401841900929507f,0.632834011268526f,-0.712704455678582f,0f,0f,0f,1f], start_interpolation: 0, interpolation_duration: 1 }
$data merge entity $(bone_lowerleg_left) { transformation: [-0.9686536487336119f,-0.21865432562955467f,-0.11789993502349727f,0.18242674057511687f,-0.008946389925379675f,-0.44359486892997957f,0.8961827683939796f,0.09459843687011793f,-0.24825404508761448f,0.869145487327915f,0.4277336214925803f,-0.36637933195348016f,0f,0f,0f,1f], start_interpolation: 0, interpolation_duration: 1 }
$data merge entity $(bone_leg_left) { transformation: [-0.9160003633452166f,-0.15931711514326485f,0.3681866254684691f,0.1330216772577746f,0.09011291440987129f,0.8126032235635929f,0.5758087040941778f,0.34659090909090906f,-0.3909258203393456f,0.5606193520353048f,-0.7299883184788128f,-0.19252836459617584f,0f,0f,0f,1f], start_interpolation: 0, interpolation_duration: 1 }