# This file was generated by Animated Java via MC-Build. It is not recommended to edit this file directly.
$data merge entity $(bone_hammer) { transformation: [-0.000009686907991874278f,-0.000018289445680852575f,0.0000023849041955355903f,1.037080865289439f,-0.0000024725432883296525f,0.00000395717569251366f,0.000020304065307314526f,0.32123686836695314f,-0.00001827780405360765f,0.000009157768014287116f,-0.000004010603664313108f,-0.41891453126102196f,0f,0f,0f,1f], start_interpolation: 0, interpolation_duration: 1 }
$data merge entity $(bone_hand_left) { transformation: [-0.4649715836099653f,0.11447540138570811f,0.8778933926809235f,0.6662014266209259f,-0.1186820778398233f,0.974595134751097f,-0.18994443324065544f,0.4732616239092612f,-0.8773345945731669f,-0.1925089758870291f,-0.4395728646857816f,-0.1944781676738569f,0f,0f,0f,1f], start_interpolation: 0, interpolation_duration: 1 }
$data merge entity $(bone_lowerarm_left) { transformation: [-0.4661937868283744f,-0.2057502960903282f,0.8604244120091913f,0.5752212175684839f,-0.11291034524337076f,0.9784638469210096f,0.17279975175202794f,0.9059261062196451f,-0.8774477802465757f,-0.016592646783501364f,-0.47938510303624926f,-0.2018152286734364f,0f,0f,0f,1f], start_interpolation: 0, interpolation_duration: 1 }
$data merge entity $(bone_arm_left) { transformation: [-0.79171978888924f,-0.6105289309253007f,0.020837475480165804f,0.27281860646954587f,-0.19328498733516292f,0.28271379608476743f,0.9395285111023437f,1.0459577833428815f,-0.5795003792509743f,0.739815743281089f,-0.3418361836339552f,0.16462475667047802f,0f,0f,0f,1f], start_interpolation: 0, interpolation_duration: 1 }
$data merge entity $(bone_bread) { transformation: [-0.0000033890328521150637f,-0.000008938603781611496f,0.0000029352714972631523f,0.1481763778016459f,0.000008515678248128412f,-0.0000042407725754971705f,-0.0000030820564461514464f,0.8936785689494112f,0.000003999710027194149f,0.0000014550637093514903f,0.000009049039136841596f,0.5160274834721303f,0f,0f,0f,1f], start_interpolation: 0, interpolation_duration: 1 }
$data merge entity $(bone_hand_right) { transformation: [-0.33890328521150637f,-0.8938603781611496f,0.2935271497263152f,-0.10522792896261418f,0.8515678248128411f,-0.42407725754971703f,-0.3082056446151446f,0.8926603634881063f,0.3999710027194149f,0.145506370935149f,0.9049039136841595f,0.45974220057363774f,0f,0f,0f,1f], start_interpolation: 0, interpolation_duration: 1 }
$data merge entity $(bone_lowerarm_right) { transformation: [-0.33890328521150637f,-0.9408175903017442f,0.002612479984109739f,-0.5212457071741666f,0.8515678248128411f,-0.30793168574464436f,-0.42427622683575783f,0.7564968211978964f,0.3999710027194149f,-0.14156390321434525f,0.9055290488384927f,0.39714441212104445f,0f,0f,0f,1f], start_interpolation: 0, interpolation_duration: 1 }
$data merge entity $(bone_arm_right) { transformation: [-0.34168151293519333f,0.4919166778146402f,-0.8007944341752912f,-0.2775932276941026f,0.8506294487053849f,0.5241680509511649f,-0.04095601735068252f,1.0161238089346454f,0.3996039097825366f,-0.6951732420410501f,-0.5975373451397377f,0.0528164156725868f,0f,0f,0f,1f], start_interpolation: 0, interpolation_duration: 1 }
$data merge entity $(bone_uppertail) { transformation: [-0.9994444341974631f,-0.02571481352334093f,-0.021203096876937992f,0.030878852712197428f,-0.02363241464324108f,0.0981756635333379f,0.994888460113956f,0.9997632779556664f,-0.023501743123499154f,0.9948368144852947f,-0.09872882362769486f,-0.680499096419815f,0f,0f,0f,1f], start_interpolation: 0, interpolation_duration: 1 }
$data merge entity $(bone_middletail) { transformation: [-0.9994444341974631f,-0.03194805048606601f,-0.009494473226714189f,0.03447741049759361f,-0.02363241464324108f,0.4784321812419226f,0.8778064461657968f,0.66701258270859f,-0.023501743123499154f,0.8775431442511734f,-0.47892139025932157f,-0.4989319747501538f,0f,0f,0f,1f], start_interpolation: 0, interpolation_duration: 1 }
$data merge entity $(bone_tail) { transformation: [-0.9999844230371367f,-0.0030300740900381165f,0.004687465636527027f,0.03301257748617892f,0.000950480737569169f,0.7351038901883813f,0.677953809058018f,0.4551520173779593f,-0.005500024495604723f,0.6779477039425068f,-0.7350895594753274f,-0.26921648741411397f,0f,0f,0f,1f], start_interpolation: 0, interpolation_duration: 1 }
$data merge entity $(bone_hair) { transformation: [-0.6891607160125787f,0.11884465784409745f,0.04364641806723967f,0.1052909924257535f,0.12107860047990493f,0.6869061453262358f,0.08451445980470279f,1.4937351928754614f,-0.019936900733496354f,0.06352869284796746f,-0.9954658689647873f,0.5265536941486966f,0f,0f,0f,1f], start_interpolation: 0, interpolation_duration: 1 }
$data merge entity $(bone_ear_left) { transformation: [-0.4091325600669141f,0.988683837820211f,-0.504193125068096f,0.1525392796178316f,-0.08573198524942856f,0.6734939661425507f,0.8510294575942168f,1.517100754788891f,0.9084385367201705f,0.5088321397108047f,-0.14675883258243905f,0.19129993099540463f,0f,0f,0f,1f], start_interpolation: 0, interpolation_duration: 1 }
$data merge entity $(bone_ear_right) { transformation: [-0.32522723354135463f,-0.34986534678465864f,0.9065306405493976f,-0.1670139498174405f,0.03408691434871923f,1.2410932878490868f,0.29565273277607335f,1.5196304598510948f,-0.9450213377660951f,0.1651716984691807f,-0.301316543434207f,0.1806903243799597f,0f,0f,0f,1f], start_interpolation: 0, interpolation_duration: 1 }
$data merge entity $(bone_head) { transformation: [-0.9990399635152993f,-0.003760517151815553f,0.04364641806723967f,-0.005828552620785837f,-0.00005836555376919023f,0.9964222511954364f,0.08451445980470279f,1.1606541595575028f,-0.04380808022284813f,0.08443077539244492f,-0.9954658689647873f,0.2077154058499047f,0f,0f,0f,1f], start_interpolation: 0, interpolation_duration: 1 }
$data merge entity $(bone_body) { transformation: [-0.9992004096340282f,-0.015180081284306568f,0.03698792396704626f,0.008624615567188753f,0.0029504020433115323f,0.8946023387618627f,0.4468533882713527f,0.3274480113636363f,-0.039872754042992474f,0.44660521785353924f,-0.8938422360075742f,-0.2161305285905015f,0f,0f,0f,1f], start_interpolation: 0, interpolation_duration: 1 }
$data merge entity $(bone_shoe_right) { transformation: [-0.9833851423129232f,0.033345048985660736f,0.19190200247992778f,-0.2597585991528901f,0.00011252914359698099f,1.1050220377063367f,-0.018318189381913978f,0.27198077497047757f,-0.19232213042054266f,-0.014114231207988088f,-0.9812431225594693f,0.23487599552394547f,0f,0f,0f,1f], start_interpolation: 0, interpolation_duration: 1 }
$data merge entity $(bone_lowerleg_right) { transformation: [-0.9698983180564421f,0.16431551764244545f,0.19308617833146569f,-0.18302201077272318f,0.14758847440238065f,1.0951180432883463f,-0.018530678066003003f,0.7741762395383819f,-0.1936876218421364f,0.01165514391676331f,-0.9810068000313574f,0.2356521135981344f,0f,0f,0f,1f], start_interpolation: 0, interpolation_duration: 1 }
$data merge entity $(bone_leg_right) { transformation: [-0.9698983180564421f,-0.02799194649822429f,-0.24189605941917522f,-0.19181059600089964f,0.14758847440238065f,-0.8576991372520741f,-0.4925137888228369f,0.39101239669421484f,-0.1936876218421364f,-0.5133893657724989f,0.836012239298474f,-0.012306597050725478f,0f,0f,0f,1f], start_interpolation: 0, interpolation_duration: 1 }
$data merge entity $(bone_shoe_left) { transformation: [-0.976226233420725f,-0.13773569454667095f,-0.1673655270028161f,0.270525855080271f,-0.04416968519591512f,-0.6295313723760394f,0.7757185637227159f,0.2720753896753713f,-0.2122059850496165f,0.7646692942979246f,0.6084812982064735f,-0.7146964805458982f,0f,0f,0f,1f], start_interpolation: 0, interpolation_duration: 1 }
$data merge entity $(bone_lowerleg_left) { transformation: [-0.9668848529670998f,-0.21878336507159346f,-0.13140593696914754f,0.18378953599668763f,-0.008204786668139175f,-0.48797399933017266f,0.8728196018957446f,0.07480769913776764f,-0.2550810902017634f,0.8449942101255286f,0.4700195977571715f,-0.3751979481135237f,0f,0f,0f,1f], start_interpolation: 0, interpolation_duration: 1 }
$data merge entity $(bone_leg_left) { transformation: [-0.9111531166622207f,-0.16443427057465848f,0.37783775440961653f,0.13311820748613237f,0.09513539715000391f,0.8082150710039651f,0.5811520069750828f,0.32386363636363635f,-0.4009354738680936f,0.5654642072338758f,-0.7207641612424495f,-0.20094703006843706f,0f,0f,0f,1f], start_interpolation: 0, interpolation_duration: 1 }