# This file was generated by Animated Java via MC-Build. It is not recommended to edit this file directly.
$data merge entity $(bone_hammer) { transformation: [-0.00000944091505165356f,-0.000018374185147669793f,0.0000026993000804634435f,1.0375048187080242f,-0.000002704890724759358f,0.0000043562257781065856f,0.000020192440192186988f,0.2909180066399741f,-0.00001837336297285693f,0.000008800022437874138f,-0.000004359692183897798f,-0.4089695536368911f,0f,0f,0f,1f], start_interpolation: 0, interpolation_duration: 1 }
$data merge entity $(bone_hand_left) { transformation: [-0.4531639224793709f,0.12956640386224508f,0.8819608870881499f,0.66522365869297f,-0.12983475478844916f,0.9692371292249752f,-0.20909883734911586f,0.45176121496886223f,-0.8819214226971324f,-0.2092652248270942f,-0.42240107701795865f,-0.19316648170019385f,0f,0f,0f,1f], start_interpolation: 0, interpolation_duration: 1 }
$data merge entity $(bone_lowerarm_left) { transformation: [-0.45551821737390613f,-0.19680571145742487f,0.8681996691880479f,0.5781986331578899f,-0.1182777781294935f,0.9799905953498289f,0.16008997540957443f,0.8851008063501147f,-0.8823341321978025f,-0.029764827626321655f,-0.46968131131132523f,-0.20632811641620796f,0f,0f,0f,1f], start_interpolation: 0, interpolation_duration: 1 }
$data merge entity $(bone_arm_left) { transformation: [-0.7894205960178221f,-0.613421481283237f,0.023004540489779825f,0.27436330570978656f,-0.1970040920743431f,0.28866454172176126f,0.9369429918935993f,1.0280799621716745f,-0.5813815531033216f,0.73511010648259f,-0.34872427655430693f,0.15778110820094993f,0f,0f,0f,1f], start_interpolation: 0, interpolation_duration: 1 }
$data merge entity $(bone_bread) { transformation: [-0.0000033947236369696897f,-0.000008831082747546114f,0.0000032384917684923512f,0.15916302278125805f,0.000008507521310336292f,-0.000004351280145805464f,-0.00000294761636698079f,0.8844282762585539f,0.000004012222897942379f,0.0000017545194780088928f,0.000008990201823013446f,0.4927105113241538f,0f,0f,0f,1f], start_interpolation: 0, interpolation_duration: 1 }
$data merge entity $(bone_hand_right) { transformation: [-0.3394723636969689f,-0.8831082747546113f,0.3238491768492351f,-0.09571508215852809f,0.8507521310336291f,-0.4351280145805464f,-0.294761636698079f,0.8792612358459211f,0.4012222897942379f,0.17545194780088927f,0.8990201823013446f,0.4437894952300701f,0f,0f,0f,1f], start_interpolation: 0, interpolation_duration: 1 }
$data merge entity $(bone_lowerarm_right) { transformation: [-0.3394723636969689f,-0.9400770765456654f,0.031837155013413f,-0.5114054144435645f,0.8507521310336291f,-0.32130175467083466f,-0.4159158496465135f,0.7371856162024114f,0.4012222897942379f,-0.11410640910482606f,0.908845642325181f,0.39333306745402985f,0f,0f,0f,1f], start_interpolation: 0, interpolation_duration: 1 }
$data merge entity $(bone_arm_right) { transformation: [-0.3450219686725039f,0.4786687107783929f,-0.807363676700346f,-0.27431481863614177f,0.8488275513167443f,0.5262281214641535f,-0.05075186997468778f,0.997832982615125f,0.4005641387580389f,-0.702823042808116f,-0.587867452100362f,0.04521602906313482f,0f,0f,0f,1f], start_interpolation: 0, interpolation_duration: 1 }
$data merge entity $(bone_uppertail) { transformation: [-0.9996431040008602f,-0.019114962303290912f,-0.01866233746530914f,0.030479588146876246f,-0.019750886637562668f,0.05843799104966729f,0.9980956385432755f,0.9913106568573811f,-0.017987970996070187f,0.99810801991479f,-0.058794672217997446f,-0.674068459023814f,0f,0f,0f,1f], start_interpolation: 0, interpolation_duration: 1 }
$data merge entity $(bone_middletail) { transformation: [-0.9996431040008602f,-0.025008058244139028f,-0.009394766968002115f,0.03404048362143672f,-0.019750886637562668f,0.45506283322953844f,0.8902402598681635f,0.6538460831886266f,-0.017987970996070187f,0.8901080916585148f,-0.4553943544484071f,-0.5014197520522929f,0f,0f,0f,1f], start_interpolation: 0, interpolation_duration: 1 }
$data merge entity $(bone_tail) { transformation: [-0.9999880321808148f,0.003975160484216004f,0.002851945698370731f,0.033149250590695865f,0.004844657456345668f,0.7233497084179926f,0.6904648641500417f,0.4380758131417385f,0.0006817545543683912f,0.6904704174913865f,-0.7233603097903547f,-0.27536965524280704f,0f,0f,0f,1f], start_interpolation: 0, interpolation_duration: 1 }
$data merge entity $(bone_hair) { transformation: [-0.6890980890830276f,0.11880419993810445f,0.045834344559478386f,0.10767684132202449f,0.12108476748173409f,0.6871556692087543f,0.08024917010395499f,1.4777461079554488f,-0.021961391258615768f,0.060849390722796395f,-0.9957204846524096f,0.5198247408606824f,0f,0f,0f,1f], start_interpolation: 0, interpolation_duration: 1 }
$data merge entity $(bone_ear_left) { transformation: [-0.3974184598466612f,1.0069271494496603f,-0.49205323666716727f,0.15640456312074572f,-0.08884400346648316f,0.6515865195087658f,0.8607466840195678f,1.4975100257754697f,0.9133265083315798f,0.5015303812289286f,-0.13037928606447574f,0.18041416930415236f,0f,0f,0f,1f], start_interpolation: 0, interpolation_duration: 1 }
$data merge entity $(bone_ear_right) { transformation: [-0.30995834788894133f,-0.3534497910364653f,0.9110459186545978f,-0.1644036807617417f,0.037884406331149034f,1.2401298903705573f,0.2975763233395209f,1.5001320208360098f,-0.9499950496349412f,0.16477590911837786f,-0.2853833665274361f,0.1691619319955737f,0f,0f,0f,1f], start_interpolation: 0, interpolation_duration: 1 }
$data merge entity $(bone_head) { transformation: [-0.9989418193332747f,-0.003801900305105712f,0.045834344559478386f,-0.0027933744567811836f,-0.00011158849129706697f,0.9967748282564296f,0.08024917010395499f,1.1433190448354686f,-0.0459916202708228f,0.08015913739827135f,-0.9957204846524096f,0.20217201694423104f,0f,0f,0f,1f], start_interpolation: 0, interpolation_duration: 1 }
$data merge entity $(bone_body) { transformation: [-0.9992558681111733f,-0.011782088338668686f,0.036727271063412184f,0.008481170737297969f,0.005900778403694383f,0.8942969049012239f,0.4474351647985679f,0.31040255681818185f,-0.03811680547496131f,0.44731893351217644f,-0.8935619065637886f,-0.2223391892918425f,0f,0f,0f,1f], start_interpolation: 0, interpolation_duration: 1 }
$data merge entity $(bone_shoe_right) { transformation: [-0.9848789148595178f,0.03619064044815931f,0.1844117928115111f,-0.25631212462979847f,-0.0009170665830313707f,1.1069977389836687f,-0.03414779791401649f,0.26674114145460326f,-0.18511631918219384f,-0.02989607781168841f,-0.9822626190140569f,0.2232185685477882f,0f,0f,0f,1f], start_interpolation: 0, interpolation_duration: 1 }
$data merge entity $(bone_lowerleg_right) { transformation: [-0.9708240984573381f,0.1678511971239948f,0.18609270323525243f,-0.1779864437114807f,0.14903653699039215f,1.0971479336953311f,-0.025795919414232427f,0.7698325851582961f,-0.18785281604598927f,0.002987133720114221f,-0.9821935024953945f,0.2200101950074089f,0f,0f,0f,1f], start_interpolation: 0, interpolation_duration: 1 }
$data merge entity $(bone_leg_right) { transformation: [-0.9708240984573381f,-0.042787596995162616f,-0.23594446676681438f,-0.1933213144742605f,0.14903653699039215f,-0.8784903466229261f,-0.45391939981922175f,0.3755165289256198f,-0.18785281604598927f,-0.4758402383507626f,0.859236514045976f,-0.013577133311634203f,0f,0f,0f,1f], start_interpolation: 0, interpolation_duration: 1 }
$data merge entity $(bone_shoe_left) { transformation: [-0.9761369980160776f,-0.1358063305343397f,-0.16944970254018615f,0.26971926737948687f,-0.042986694650988956f,-0.6440299771960076f,0.7637915504611795f,0.26743375928525837f,-0.21285841582409307f,0.7528492737990173f,0.6228236233101228f,-0.7170252174937141f,0f,0f,0f,1f], start_interpolation: 0, interpolation_duration: 1 }
$data merge entity $(bone_lowerleg_left) { transformation: [-0.9667375810147598f,-0.21703948758873742f,-0.1353229850430019f,0.18271315314031264f,-0.004820843389961332f,-0.5135239755297832f,0.8580617029241521f,0.05875146420792754f,-0.2557248695820171f,0.830172865964255f,0.49539661251764266f,-0.3806758554502272f,0f,0f,0f,1f], start_interpolation: 0, interpolation_duration: 1 }
$data merge entity $(bone_leg_left) { transformation: [-0.9088590850233714f,-0.162106365577138f,0.38431327040560437f,0.1330012448219757f,0.10064817196492565f,0.8089247701966681f,0.5792328216204485f,0.3068181818181819f,-0.40477785148226514f,0.5651214404016529f,-0.718882917134468f,-0.20737442380098478f,0f,0f,0f,1f], start_interpolation: 0, interpolation_duration: 1 }