# This file was generated by Animated Java via MC-Build. It is not recommended to edit this file directly.
$data merge entity $(bone_hammer) { transformation: [-0.00000922306303556983f,-0.000018460595882513962f,0.0000028581962287764555f,1.0414629012911996f,-0.000003009453209264288f,0.000004614293152730929f,0.0000200917711479025f,0.2711310781915002f,-0.000018436541904623338f,0.000008481891071037578f,-0.000004709482374518318f,-0.40220651577072175f,0f,0f,0f,1f], start_interpolation: 0, interpolation_duration: 1 }
$data merge entity $(bone_hand_left) { transformation: [-0.4427070257073517f,0.13719341898126963f,0.8861086023606699f,0.6673345781254127f,-0.1444537540446858f,0.9644050150993198f,-0.22148607133108433f,0.4379065522540044f,-0.8849540114219201f,-0.22605515397687917f,-0.4071307714098038f,-0.19424328661377777f,0f,0f,0f,1f], start_interpolation: 0, interpolation_duration: 1 }
$data merge entity $(bone_lowerarm_left) { transformation: [-0.44633077444696284f,-0.1933066212974501f,0.873739886890909f,0.5818568065204466f,-0.12648120789115672f,0.9802150274015722f,0.15225309227246897f,0.871345384683137f,-0.8858844980198991f,-0.042556435690728756f,-0.46194978725975466f,-0.2130612105207719f,0f,0f,0f,1f], start_interpolation: 0, interpolation_duration: 1 }
$data merge entity $(bone_arm_left) { transformation: [-0.7875682974146789f,-0.6157511728285764f,0.024221273037898238f,0.27686755372879235f,-0.20267175955624883f,0.29594319119460577f,0.9334569006997201f,1.0179297465717152f,-0.5819453022284122f,0.7302520939687785f,-0.357870848866594f,0.14864177977313878f,0f,0f,0f,1f], start_interpolation: 0, interpolation_duration: 1 }
$data merge entity $(bone_bread) { transformation: [-0.0000034439208432815636f,-0.000008764708646997898f,0.0000033644154854076876f,0.1657861057618934f,0.00000849739268088758f,-0.00000443378396290241f,-0.0000028523459462532944f,0.8799278423331339f,0.000003991707260309678f,0.0000018765505864616724f,0.000008974677211155918f,0.4788294205285296f,0f,0f,0f,1f], start_interpolation: 0, interpolation_duration: 1 }
$data merge entity $(bone_hand_right) { transformation: [-0.3443920843281563f,-0.8764708646997897f,0.33644154854076874f,-0.0895215947292915f,0.8497392680887579f,-0.443378396290241f,-0.2852345946253294f,0.8717018467283573f,0.3991707260309677f,0.18765505864616722f,0.8974677211155917f,0.4326436698448652f,0f,0f,0f,1f], start_interpolation: 0, interpolation_duration: 1 }
$data merge entity $(bone_lowerarm_right) { transformation: [-0.3443920843281563f,-0.9378008788333421f,0.04385890914647683f,-0.5042054208384099f,0.8497392680887579f,-0.33123492172171215f,-0.4101543647213731f,0.7252339047795378f,0.3991707260309677f,-0.10398527920538608f,0.9109609174868524f,0.38666267919623354f,0f,0f,0f,1f], start_interpolation: 0, interpolation_duration: 1 }
$data merge entity $(bone_arm_right) { transformation: [-0.3529997599827178f,0.4700962274815726f,-0.8089503732366633f,-0.27136088316394347f,0.8466574906659556f,0.5284730650510101f,-0.06234832006412008f,0.9869932198126162f,0.3981987731665815f,-0.7069128350958018f,-0.5845613574514185f,0.0365199155628442f,0f,0f,0f,1f], start_interpolation: 0, interpolation_duration: 1 }
$data merge entity $(bone_uppertail) { transformation: [-0.9998189342489872f,-0.011844414679757949f,-0.014893238671061081f,0.03005862312213166f,-0.01528531749847959f,0.03373128077529697f,0.9993140446157198f,0.9857070218119186f,-0.011333921924467649f,0.9993607509494018f,-0.03390621883457434f,-0.6697699148330112f,0f,0f,0f,1f], start_interpolation: 0, interpolation_duration: 1 }
$data merge entity $(bone_middletail) { transformation: [-0.9998189342489872f,-0.016891929750868305f,-0.008761359855124379f,0.033379563086573104f,-0.01528531749847959f,0.4386958097139257f,0.8985056180171684f,0.645108888733261f,-0.011333921924467649f,0.8984768495897572f,-0.43887457543707764f,-0.5033833841941437f,0f,0f,0f,1f], start_interpolation: 0, interpolation_duration: 1 }
$data merge entity $(bone_tail) { transformation: [-0.9999241306868828f,0.01228344313395632f,0.0009218974217556075f,0.033091470142274475f,0.009417464049329412f,0.7140852528620584f,0.6999954021390495f,0.4263603255648081f,0.007940040362678674f,0.6999509759045308f,-0.7141467545885327f,-0.28021252338522734f,0f,0f,0f,1f], start_interpolation: 0, interpolation_duration: 1 }
$data merge entity $(bone_hair) { transformation: [-0.6890383290701632f,0.11876609395217243f,0.047826130666965366f,0.11060664410880382f,0.12104724261249243f,0.6874449439579043f,0.0751463073980545f,1.470128033235429f,-0.023952998311479262f,0.057567907327409226f,-0.9960249463290884f,0.5100479913822005f,0f,0f,0f,1f], start_interpolation: 0, interpolation_duration: 1 }
$data merge entity $(bone_ear_left) { transformation: [-0.3837931926262329f,1.0196227644528877f,-0.48737743132568984f,0.16076373849523926f,-0.09127703574774547f,0.6408862572062743f,0.8652340296207854f,1.485966747755968f,0.9188967776844512f,0.4895244871644156f,-0.11761510711022463f,0.16648698359717395f,0f,0f,0f,1f], start_interpolation: 0, interpolation_duration: 1 }
$data merge entity $(bone_ear_right) { transformation: [-0.293188031124324f,-0.3541137722553195f,0.916428736065479f,-0.1613006040183564f,0.04166316462314383f,1.2402021476761285f,0.2968922844789369f,1.4886619768799858f,-0.9551465642083563f,0.16279456132999526f,-0.268353019603482f,0.15464638479579462f,0f,0f,0f,1f], start_interpolation: 0, interpolation_duration: 1 }
$data merge entity $(bone_head) { transformation: [-0.9988482919632686f,-0.0038406858094639784f,0.047826130666965366f,0.0007284686672112449f,-0.000236141084432674f,0.997172490957219f,0.0751463073980545f,1.1340916663268046f,-0.04797951520648064f,0.07504846707753354f,-0.9960249463290884f,0.19389181350599402f,0f,0f,0f,1f], start_interpolation: 0, interpolation_duration: 1 }
$data merge entity $(bone_body) { transformation: [-0.9993176371834084f,-0.007620962248255177f,0.03614112544706195f,0.008108638561287098f,0.009178913000426373f,0.896547290672139f,0.44285291366838453f,0.2990389204545454f,-0.03577719343800186f,0.4428824635530941f,-0.8958655679882123f,-0.2264880151060907f,0f,0f,0f,1f], start_interpolation: 0, interpolation_duration: 1 }
$data merge entity $(bone_shoe_right) { transformation: [-0.9862173304591912f,0.03748499940380319f,0.1773959139965788f,-0.2546961927965135f,-0.0032528364197872f,1.1078804960659114f,-0.051674919575057154f,0.2616750720932103f,-0.17836680234544594f,-0.047684421692684484f,-0.9828126808494808f,0.22009849207069973f,0f,0f,0f,1f], start_interpolation: 0, interpolation_duration: 1 }
$data merge entity $(bone_lowerleg_right) { transformation: [-0.9718374626548012f,0.16982597360585783f,0.17941611758852313f,-0.17549588960703652f,0.1490850082995228f,1.0984984538723397f,-0.03398351014128492f,0.765347116549428f,-0.18249823692575534f,-0.006978654648294447f,-0.9831861358806577f,0.21231145374584393f,0f,0f,0f,1f], start_interpolation: 0, interpolation_duration: 1 }
$data merge entity $(bone_leg_right) { transformation: [-0.9718374626548012f,-0.050629969019696706f,-0.23014897874581686f,-0.19434799543391837f,0.1490850082995228f,-0.8884503424588754f,-0.43408484111408324f,0.3651859504132231f,-0.18249823692575534f,-0.45617167297167f,0.8709774958615286f,-0.014194011613161028f,0f,0f,0f,1f], start_interpolation: 0, interpolation_duration: 1 }
$data merge entity $(bone_shoe_left) { transformation: [-0.9773447592263864f,-0.13408970888748584f,-0.16375949310860097f,0.2666881963621871f,-0.039357238273191805f,-0.6450829981103212f,0.7630982461940966f,0.26090384138100936f,-0.20796208646824033f,0.7522551930824197f,0.6251910868464996f,-0.7201967329276557f,0f,0f,0f,1f], start_interpolation: 0, interpolation_duration: 1 }
$data merge entity $(bone_lowerleg_left) { transformation: [-0.967872887805425f,-0.21433812887810025f,-0.13145812854373742f,0.1798101381543797f,0.0002663983329016517f,-0.5236949127388237f,0.8519058442124949f,0.04690989507483681f,-0.2514398577853463f,0.8245015493499759f,0.5069272068417457f,-0.3833272715780489f,0f,0f,0f,1f], start_interpolation: 0, interpolation_duration: 1 }
$data merge entity $(bone_leg_left) { transformation: [-0.9088147317736662f,-0.15425744831693433f,0.38763439340428424f,0.13266339463901555f,0.10604608288968585f,0.8132027941209607f,0.5722372269763794f,0.2954545454545454f,-0.4034972262790823f,0.5611647309592886f,-0.7226922810660679f,-0.21181471300098953f,0f,0f,0f,1f], start_interpolation: 0, interpolation_duration: 1 }