# This file was generated by Animated Java via MC-Build. It is not recommended to edit this file directly.
$data merge entity $(bone_hammer) { transformation: [-0.00001683031204413909f,-0.000012205185766150991f,-0.000001342316910580302f,0.7677794700645173f,-0.0000028557028332837235f,0.0000016757531744130299f,0.000020568533987724986f,0.8048138372816959f,-0.000011942082548812832f,0.00001680038896841284f,-0.0000030267759555590147f,-0.471948760020545f,0f,0f,0f,1f], start_interpolation: 0, interpolation_duration: 1 }
$data merge entity $(bone_hand_left) { transformation: [-0.8078549781186761f,-0.06443121170785462f,0.5858489167752475f,0.5326235654890361f,-0.1370737359976187f,0.9872896314107992f,-0.08043615237182519f,0.9087927045682529f,-0.5732199623430159f,-0.14528524586683253f,-0.8064186704838161f,-0.09125877942466472f,0f,0f,0f,1f], start_interpolation: 0, interpolation_duration: 1 }
$data merge entity $(bone_lowerarm_left) { transformation: [-0.8078549781186761f,-0.17980243289106812f,0.561285506186759f,0.45311717719501693f,-0.1370737359976187f,0.9835342031930485f,0.11777632210707925f,1.343699235042679f,-0.5732199623430159f,0.018208686824379053f,-0.8191991934173295f,-0.08320712571950961f,0f,0f,0f,1f], start_interpolation: 0, interpolation_duration: 1 }
$data merge entity $(bone_arm_left) { transformation: [-0.8249078126074636f,-0.23086321477467936f,0.5159741047407999f,0.33876774112693353f,-0.10718242754482579f,0.9601190723593734f,0.25823108665955485f,1.8192582130706811f,-0.5550126376261787f,0.1577134837471946f,-0.8167542036130304f,-0.005089665800977278f,0f,0f,0f,1f], start_interpolation: 0, interpolation_duration: 1 }
$data merge entity $(bone_bread) { transformation: [-0.000008398588666316693f,-1.3144126102019595e-7f,-0.000005426456634758841f,-0.4944165455678766f,0.0000016406784842520316f,0.000009467990492869062f,-0.00000276863326178343f,0.6416120751427674f,0.00000517415524750942f,-0.0000032155682579977236f,-0.000007930210479730552f,-0.012737745250880103f,0f,0f,0f,1f], start_interpolation: 0, interpolation_duration: 1 }
$data merge entity $(bone_hand_right) { transformation: [-0.8398588666316692f,-0.013144126102019593f,-0.542645663475884f,-0.4819522943826872f,0.16406784842520314f,0.9467990492869062f,-0.27686332617834297f,0.8935865234731462f,0.517415524750942f,-0.32155682579977235f,-0.7930210479730551f,0.04838780039898545f,0f,0f,0f,1f], start_interpolation: 0, interpolation_duration: 1 }
$data merge entity $(bone_lowerarm_right) { transformation: [-0.8398588666316692f,0.10093522160508657f,-0.5333377590042732f,-0.437320001079188f,0.16406784842520314f,0.9838051743796193f,-0.07217423347020417f,1.328612874019134f,0.517415524750942f,-0.14811974852604576f,-0.8428177233799065f,-0.017108900902375407f,0f,0f,0f,1f], start_interpolation: 0, interpolation_duration: 1 }
$data merge entity $(bone_arm_right) { transformation: [-0.8398588666316692f,0.19902850396181446f,-0.5049997413374486f,-0.3387386952106018f,0.16406784842520314f,0.979916049212312f,0.11334142053661705f,1.8139775421446074f,0.517415524750942f,0.012336575977787277f,-0.8556453609059373f,-0.010998440613377646f,0f,0f,0f,1f], start_interpolation: 0, interpolation_duration: 1 }
$data merge entity $(bone_uppertail) { transformation: [-0.9994683669742706f,-0.025838605485744296f,-0.019883407261753742f,0.006306375035322641f,0.008725860995667264f,0.37561659047965285f,-0.926734069896173f,0.5020532607204247f,0.03141405366502371f,-0.9264148873064337f,-0.3751914362153518f,-0.4210587422748221f,0f,0f,0f,1f], start_interpolation: 0, interpolation_duration: 1 }
$data merge entity $(bone_middletail) { transformation: [-0.9994683669742706f,-0.025549125099936176f,-0.02025402736278659f,0.013983802031243176f,0.008725860995667264f,0.38894445827791313f,-0.9212198802266399f,0.8512779802404689f,0.03141405366502371f,-0.920906863141723f,-0.3885147444445355f,-0.2737979298778303f,0f,0f,0f,1f], start_interpolation: 0, interpolation_duration: 1 }
$data merge entity $(bone_tail) { transformation: [-0.9995947779515043f,-0.012230527363462671f,-0.025703970364404756f,0.022016292770119662f,0.012384489675091825f,0.626189812336904f,-0.7795722823067534f,1.0948943184613293f,0.025630144509349747f,-0.7795747129851535f,-0.6257845975785482f,-0.07824024313453398f,0f,0f,0f,1f], start_interpolation: 0, interpolation_duration: 1 }
$data merge entity $(bone_hair) { transformation: [-0.6893660048126926f,0.12154387816958788f,0.001805370719419569f,0.12451086049644393f,0.12155007203926511f,0.6893447137295071f,0.0077519767634494155f,2.30100654160925f,-0.00030231744244374557f,0.005563392191822978f,-0.9999683232447037f,0.2710400254318807f,0f,0f,0f,1f], start_interpolation: 0, interpolation_duration: 1 }
$data merge entity $(bone_ear_left) { transformation: [-0.38435075373117583f,-0.057726592538447814f,-0.922118586603411f,0.14424319381105966f,-0.007161892668254004f,1.2986426693462352f,-0.04512004159284619f,2.3574482178590896f,0.9231593607821379f,-0.013959149944917745f,-0.3842674772696585f,0.029899920635359907f,0f,0f,0f,1f], start_interpolation: 0, interpolation_duration: 1 }
$data merge entity $(bone_ear_right) { transformation: [-0.3809938919719003f,-0.02617459227782747f,0.9243582985904635f,-0.14487042964429414f,0.003161046168247467f,1.2996472438879028f,0.0230789052330081f,2.357759538733136f,-0.9245721508174611f,0.015229319540528002f,-0.3808268634959849f,0.029732822081924647f,0f,0f,0f,1f], start_interpolation: 0, interpolation_duration: 1 }
$data merge entity $(bone_head) { transformation: [-0.999998370219016f,-0.000013995612392843877f,0.001805370719419569f,0.000029514016409431772f,0f,0.9999699529767176f,0.0077519767634494155f,1.9448306642511823f,-0.0018054249670655888f,0.007751964129425096f,-0.9999683232447037f,-0.01634738017167172f,0f,0f,0f,1f], start_interpolation: 0, interpolation_duration: 1 }
$data merge entity $(bone_body) { transformation: [-0.999998370219016f,0.00010761171487143705f,0.0018022150344856774f,-0.000058359459347911624f,0f,0.9982220625955291f,-0.0596046453519149f,1.011172375f,-0.0018054249670655888f,-0.05960454820939735f,-0.9982204357121938f,0.032324447318144586f,0f,0f,0f,1f], start_interpolation: 0, interpolation_duration: 1 }
$data merge entity $(bone_shoe_right) { transformation: [-0.9149028563108118f,-0.001007206369098109f,0.4036752409630301f,-0.1635113753050889f,-0.0010514651465658017f,1.0079855157244466f,0.0005701283350772043f,0.2531760894430755f,-0.40367530421089803f,0.00011110232316821319f,-0.9149023172655587f,0.1345048000147356f,0f,0f,0f,1f], start_interpolation: 0, interpolation_duration: 1 }
$data merge entity $(bone_lowerleg_right) { transformation: [-0.9564068907390593f,0.011117801461329228f,0.29182906804227704f,-0.155874059375123f,0.010819386582352084f,1.0079254541993565f,-0.0023345634610614785f,0.7143073744811039f,-0.2918369411517784f,0.0009320040383446748f,-0.9564676392116057f,0.13069625562778875f,0f,0f,0f,1f], start_interpolation: 0, interpolation_duration: 1 }
$data merge entity $(bone_leg_right) { transformation: [-0.9564068907390593f,0.0674140073796016f,0.28414997968655215f,-0.13009561452051632f,0.010819386582352084f,0.9805030269205599f,-0.19620589969111868f,1.01258f,-0.2918369411517784f,-0.18457834599064626f,-0.9384892295442344f,0.05727321547223639f,0f,0f,0f,1f], start_interpolation: 0, interpolation_duration: 1 }
$data merge entity $(bone_shoe_left) { transformation: [-0.9697476116456973f,-0.0004804173843192955f,-0.2563147403965086f,0.09265306644487153f,0.0003832505297159394f,0.9999938346413116f,-0.003665056306819875f,0.2503452749912458f,0.24410944845805826f,-0.003478487962015775f,-1.0182285211177982f,-0.04386264918068655f,0f,0f,0f,1f], start_interpolation: 0, interpolation_duration: 1 }
$data merge entity $(bone_lowerleg_left) { transformation: [-0.9894126583454519f,0.02997587754874272f,-0.1420001347568694f,0.1198052409892454f,0.0071501039956253405f,0.987316952986614f,0.15860047401593697f,0.6395881139456994f,0.1449533287601151f,0.15590600088005252f,-0.9770782217258509f,0.024415902973923567f,0f,0f,0f,1f], start_interpolation: 0, interpolation_duration: 1 }
$data merge entity $(bone_leg_left) { transformation: [-0.9913364543214185f,0.013888398435223734f,-0.13061066848593483f,0.12492300794267777f,0.007249930616137877f,0.9986638876182656f,0.051165203734894f,1.007588f,0.13114676069007372f,0.0497750133709324f,-0.9901126073353597f,0.04275760880303839f,0f,0f,0f,1f], start_interpolation: 0, interpolation_duration: 1 }