# This file was generated by Animated Java via MC-Build. It is not recommended to edit this file directly.
$data merge entity $(bone_hammer) { transformation: [-0.0000090621312979871f,-0.00001853740876412427f,0.000002875766059259575f,1.0475170683187967f,-0.000003330279052749383f,0.000004732775960327859f,0.00002001344175592842f,0.2617043616124855f,-0.00001846116993981257f,0.000008245792005555885f,-0.00000502194150028146f,-0.3992295162417124f,0f,0f,0f,1f], start_interpolation: 0, interpolation_duration: 1 }
$data merge entity $(bone_hand_left) { transformation: [-0.4349823023033807f,0.1380367708444594f,0.8897956206779647f,0.6714424737247663f,-0.15985339453197037f,0.960645204284564f,-0.227173246095737f,0.43147633328501034f,-0.8861361571110032f,-0.24105319201350997f,-0.39579801626668254f,-0.1972885779444986f,0f,0f,0f,1f], start_interpolation: 0, interpolation_duration: 1 }
$data merge entity $(bone_lowerarm_left) { transformation: [-0.4398965917188009f,-0.1944878276554854f,0.8767356919209076f,0.5854423874333563f,-0.13581549782396068f,0.9794463071079517f,0.14912773733757753f,0.8645752472093077f,-0.8877190654396312f,-0.05347351107273546f,-0.4572695534020842f,-0.2209338961219738f,0f,0f,0f,1f], start_interpolation: 0, interpolation_duration: 1 }
$data merge entity $(bone_arm_left) { transformation: [-0.7865899065765578f,-0.6169966764195396f,0.024319131545435795f,0.279836221144303f,-0.20913087520043985f,0.3032579819268486f,0.9296767574999137f,1.0147827163824499f,-0.5809824402766233f,0.7261884725640426f,-0.367572722607816f,0.13875633169490356f,0f,0f,0f,1f], start_interpolation: 0, interpolation_duration: 1 }
$data merge entity $(bone_bread) { transformation: [-0.00000351752484958053f,-0.000008741186739599503f,0.00000334942880444313f,0.16892090666494441f,0.000008486039337446787f,-0.000004488056302340482f,-0.000002800801133662938f,0.8795794908101092f,0.000003951475078485141f,0.000001857149700608908f,0.00000899649040980088f,0.47370411733419043f,0f,0f,0f,1f], start_interpolation: 0, interpolation_duration: 1 }
$data merge entity $(bone_hand_right) { transformation: [-0.351752484958053f,-0.8741186739599502f,0.334942880444313f,-0.08614494362921216f,0.8486039337446787f,-0.4488056302340482f,-0.2800801133662938f,0.8694510192262404f,0.3951475078485141f,0.18571497006089077f,0.8996490409800878f,0.42656985615303145f,0f,0f,0f,1f], start_interpolation: 0, interpolation_duration: 1 }
$data merge entity $(bone_lowerarm_right) { transformation: [-0.351752484958053f,-0.9351457158440195f,0.042103200168293886f,-0.4996546898539895f,0.8486039337446787f,-0.3375404200328153f,-0.4073546716034171f,0.7201948647429798f,0.3951475078485141f,-0.10755907670971965f,0.9122990146100465f,0.3790085769204523f,0f,0f,0f,1f], start_interpolation: 0, interpolation_duration: 1 }
$data merge entity $(bone_arm_right) { transformation: [-0.3632380142500125f,0.46564489139834636f,-0.8069900743617171f,-0.26901495458324604f,0.8443590546389302f,0.5306625302105406f,-0.07385841779918606f,0.9830386492378882f,0.3938475997806253f,-0.7082175613080838f,-0.5859282840091191f,0.02821956608504203f,0f,0f,0f,1f], start_interpolation: 0, interpolation_duration: 1 }
$data merge entity $(bone_uppertail) { transformation: [-0.9999320498356041f,-0.0044538792548806695f,-0.010773053009717268f,0.029365727651511807f,-0.010874542341148964f,0.023427766108087333f,0.9996663864030118f,0.9830574858823506f,-0.00420000481402023f,0.999715610928812f,-0.023474608086068327f,-0.6676941297849809f,0f,0f,0f,1f], start_interpolation: 0, interpolation_duration: 1 }
$data merge entity $(bone_middletail) { transformation: [-0.9999320498356041f,-0.008466153273829592f,-0.008013735727565464f,0.0324034205765673f,-0.010874542341148964f,0.42975276457661593f,0.9028811138060351f,0.6408005111191801f,-0.00420000481402023f,0.902906908594402f,-0.4298156283478561f,-0.5047415902999862f,0f,0f,0f,1f], start_interpolation: 0, interpolation_duration: 1 }
$data merge entity $(bone_tail) { transformation: [-0.9997810617775963f,0.0208938176054485f,-0.0011299985542511867f,0.032756545124770796f,0.013995849361296046f,0.707901236751564f,0.7061727516735987f,0.42012152622118054f,0.015554572045487727f,0.7060023281770935f,-0.7080386768369403f,-0.28347950378844233f,0f,0f,0f,1f], start_interpolation: 0, interpolation_duration: 1 }
$data merge entity $(bone_hair) { transformation: [-0.6890089345301852f,0.11872297700505796f,0.04889686915889016f,0.11380388183765269f,0.12093821019831638f,0.6877276393258644f,0.07005309096447132f,1.4696894557688582f,-0.025310816889361033f,0.05418070540635395f,-0.9963441476883286f,0.49911138434295155f,0f,0f,0f,1f], start_interpolation: 0, interpolation_duration: 1 }
$data merge entity $(bone_ear_left) { transformation: [-0.3699036779284687f,1.0268935919916733f,-0.48908137258687795f,0.1650858283195612f,-0.09269224218469424f,0.6401413121392768f,0.8654098700643601f,1.4815673284738005f,0.9244346473892925f,0.4750880457547257f,-0.10892735094420904f,0.1513885192270995f,0f,0f,0f,1f], start_interpolation: 0, interpolation_duration: 1 }
$data merge entity $(bone_ear_right) { transformation: [-0.2778078528405073f,-0.3525155532210935f,0.921570344734983f,-0.15824506937773658f,0.04470621271320514f,1.2410372043033837f,0.2943742201493448f,1.4843046173699275f,-0.9595958271298332f,0.15987320686114984f,-0.25308480439668735f,0.13925053808794544f,0f,0f,0f,1f], start_interpolation: 0, interpolation_duration: 1 }
$data merge entity $(bone_head) { transformation: [-0.998796241748755f,-0.003894053803041116f,0.04889686915889016f,0.0042558492913671395f,-0.0004596632305631926f,0.9975431585430468f,0.07005309096447132f,1.1320438320179607f,-0.049049527808910365f,0.06994628788535562f,-0.9963441476883286f,0.18455925279729227f,0f,0f,0f,1f], start_interpolation: 0, interpolation_duration: 1 }
$data merge entity $(bone_body) { transformation: [-0.9993857559703324f,-0.003212667269632846f,0.03489684129863242f,0.007505916097604682f,0.012293050042405f,0.9003745404935208f,0.4349420280356179f,0.29335710227272727f,-0.032817551466589254f,0.4351038561080514f,-0.8997819973280426f,-0.22857603014933756f,0f,0f,0f,1f], start_interpolation: 0, interpolation_duration: 1 }
$data merge entity $(bone_shoe_right) { transformation: [-0.9873509749400085f,0.03739282383968334f,0.1711957320865791f,-0.25447377979726077f,-0.006273484710371017f,1.1077467948852446f,-0.06828026114832753f,0.2576975481578848f,-0.17232844290876453f,-0.0647493133591104f,-0.982936507389246f,0.22420598274023354f,0f,0f,0f,1f], start_interpolation: 0, interpolation_duration: 1 }
$data merge entity $(bone_lowerleg_right) { transformation: [-0.9728781804924053f,0.17035333154914656f,0.17336648472598198f,-0.17505982217700433f,0.1480772811898822f,1.099147872818548f,-0.04185193813076099f,0.7616305854409624f,-0.17771090207750162f,-0.01673623042239114f,-0.9839677216496758f,0.21193705321948045f,0f,0f,0f,1f], start_interpolation: 0, interpolation_duration: 1 }
$data merge entity $(bone_leg_right) { transformation: [-0.9728781804924053f,-0.05272664077283704f,-0.22522865553609958f,-0.19488846202644963f,0.1480772811898822f,-0.8899866841501625f,-0.4312734872801832f,0.3600206611570248f,-0.17771090207750162f,-0.4529278125575973f,0.8736562435503963f,-0.014151803225298323f,0f,0f,0f,1f], start_interpolation: 0, interpolation_duration: 1 }
$data merge entity $(bone_shoe_left) { transformation: [-0.9819961405078511f,-0.13038800809324952f,-0.13668411529200927f,0.26213486631517774f,-0.0148750836675373f,-0.6679535293183664f,0.7440543088760538f,0.2539720518333233f,-0.18831439645860407f,0.7326916472955134f,0.6539882552996029f,-0.7242636144404581f,0f,0f,0f,1f], start_interpolation: 0, interpolation_duration: 1 }
$data merge entity $(bone_lowerleg_left) { transformation: [-0.9698768072197214f,-0.21086307990137945f,-0.12196614428514112f,0.17572697746822596f,0.00603746242127548f,-0.521344644205288f,0.8533248566671274f,0.039754352240504276f,-0.24352110353066125f,0.8268836214927505f,0.5069131569038652f,-0.38358724934217747f,0f,0f,0f,1f], start_interpolation: 0, interpolation_duration: 1 }
$data merge entity $(bone_leg_left) { transformation: [-0.9106383922760782f,-0.14298531441388396f,0.3876763061818483f,0.13210356533402767f,0.11070781090932284f,0.8194901364720528f,0.5622985833422327f,0.2897727272727273f,-0.39809734879361486f,0.5549694731126918f,-0.7304295892120718f,-0.21427152522930268f,0f,0f,0f,1f], start_interpolation: 0, interpolation_duration: 1 }