# This file was generated by Animated Java via MC-Build. It is not recommended to edit this file directly.
$data merge entity $(bone_hammer) { transformation: [-0.000008986729098557163f,-0.000018590700211739183f,0.00000276628695622208f,1.0541453603496342f,-0.0000036107615087506803f,0.000004716747518830656f,0.000019968537050778336f,0.26237636151897287f,-0.00001844529422952771f,0.000008134244664295716f,-0.000005256706412318099f,-0.40069565237534976f,0f,0f,0f,1f], start_interpolation: 0, interpolation_duration: 1 }
$data merge entity $(bone_hand_left) { transformation: [-0.43136299673074374f,0.13278177389865964f,0.8923536101634807f,0.6764294189740299f,-0.17331655242003263f,0.9584897784373599f,-0.22640388090387126f,0.4322371846837259f,-0.8853741230173299f,-0.2523219077912686f,-0.3904437438861944f,-0.2019175499356357f,0f,0f,0f,1f], start_interpolation: 0, interpolation_duration: 1 }
$data merge entity $(bone_lowerarm_left) { transformation: [-0.43743843902842133f,-0.19949513814800346f,0.8768405225100439f,0.5882151625742096f,-0.14452859407095292f,0.9780024208021558f,0.1504086114589067f,0.8646976301321792f,-0.8875579403938942f,-0.06093401972979989f,-0.45664860416223396f,-0.22886181178490658f,0f,0f,0f,1f], start_interpolation: 0, interpolation_duration: 1 }
$data merge entity $(bone_arm_left) { transformation: [-0.7868824547859039f,-0.6166677360053562f,0.02317122612505085f,0.28277192458405653f,-0.21518171398052008f,0.3093814765604731f,0.926272061507669f,1.0179381427410386f,-0.578370843247233f,0.7238812094061359f,-0.3761424761313122f,0.12968559974907015f,0f,0f,0f,1f], start_interpolation: 0, interpolation_duration: 1 }
$data merge entity $(bone_bread) { transformation: [-0.0000035965946890299525f,-0.000008754988771928539f,0.0000032271780623707146f,0.16895401183843545f,0.000008474547466313112f,-0.000004512273575065521f,-0.0000027966823961564626f,0.8827232057772834f,0.000003904683326986654f,0.0000017290340618885103f,0.000009042338709027758f,0.4765624816571161f,0f,0f,0f,1f], start_interpolation: 0, interpolation_duration: 1 }
$data merge entity $(bone_hand_right) { transformation: [-0.3596594689029952f,-0.8754988771928538f,0.3227178062370714f,-0.08537981013357243f,0.8474547466313112f,-0.4512273575065521f,-0.27966823961564624f,0.8719416729391378f,0.39046833269866543f,0.17290340618885103f,0.9042338709027757f,0.4257601386917469f,0f,0f,0f,1f], start_interpolation: 0, interpolation_duration: 1 }
$data merge entity $(bone_lowerarm_right) { transformation: [-0.3596594689029952f,-0.9326027412134035f,0.02995318863929869f,-0.49776508476387427f,0.8474547466313112f,-0.3399187008299633f,-0.4077692107530069f,0.7216338724158884f,0.39046833269866543f,-0.1212740858853032f,0.9125935991733717f,0.3721342538393394f,0f,0f,0f,1f], start_interpolation: 0, interpolation_duration: 1 }
$data merge entity $(bone_arm_right) { transformation: [-0.3733912492537332f,0.4647833100979374f,-0.8028421075374292f,-0.2675521014809896f,0.8422423943199283f,0.5326128830021206f,-0.08337425304255311f,0.9854436910278763f,0.3888530881849479f,-0.7073188754123376f,-0.5903331976896228f,0.021790373361665866f,0f,0f,0f,1f], start_interpolation: 0, interpolation_duration: 1 }
$data merge entity $(bone_uppertail) { transformation: [-0.9999700943702413f,0.002574471111351235f,-0.007292630778236433f,0.02806889198887468f,-0.007220854907979199f,0.026867285385471285f,0.9996129292033058f,0.9833936529025886f,0.002769407801096849f,0.9996356941778903f,-0.02684789202002219f,-0.6678907993721019f,0f,0f,0f,1f], start_interpolation: 0, interpolation_duration: 1 }
$data merge entity $(bone_middletail) { transformation: [-0.9999700943702413f,-0.0005926225938421173f,-0.007710976827363134f,0.030991967241249776f,-0.007220854907979199f,0.42858713700294215f,0.9034715962607895f,0.6409128147283325f,0.002769407801096849f,0.9035002572186035f,-0.42857859907646906f,-0.5054071829934617f,0f,0f,0f,1f], start_interpolation: 0, interpolation_duration: 1 }
$data merge entity $(bone_tail) { transformation: [-0.999580339848191f,0.028760956906735732f,-0.0034571009218627193f,0.032072311279331876f,0.017845583861089784f,0.705392697378674f,0.7085920389204885f,0.41947780256567985f,0.02281839884023123f,0.7082329770934472f,-0.7056099282406116f,-0.2849040804182706f,0f,0f,0f,1f], start_interpolation: 0, interpolation_duration: 1 }
$data merge entity $(bone_hair) { transformation: [-0.6890327308893165f,0.11869123361312481f,0.04836693985174993f,0.11698618400496981f,0.12077066835619489f,0.6879620156282531f,0.06581840691473728f,1.47525268634874f,-0.02546254951901958f,0.051192344311485415f,-0.9966587060978214f,0.4889242601350353f,0f,0f,0f,1f], start_interpolation: 0, interpolation_duration: 1 }
$data merge entity $(bone_ear_left) { transformation: [-0.3575365602152185f,1.028631731939249f,-0.49606738528270683f,0.16883811209416696f,-0.09315609319294144f,0.6478065727777421f,0.8619781593475129f,1.4834347413352869f,0.9292413843617265f,0.4607205273412693f,-0.10445478479539536f,0.13699669060454522f,0f,0f,0f,1f], start_interpolation: 0, interpolation_duration: 1 }
$data merge entity $(bone_ear_right) { transformation: [-0.26683703448082713f,-0.34917312602774137f,0.9255565231461349f,-0.15577885496095495f,0.04670305760312406f,1.2423398644533983f,0.29079108021661204f,1.4861885564498132f,-0.9626093815458047f,0.15706619384809364f,-0.2424575635613239f,0.1250793839153163f,0f,0f,0f,1f], start_interpolation: 0, interpolation_duration: 1 }
$data merge entity $(bone_head) { transformation: [-0.9988218455441891f,-0.00394461570715675f,0.04836693985174993f,0.007302364007792511f,-0.0007535139775250391f,0.9978313332061144f,0.06581840691473728f,1.136262739593143f,-0.0485216763971075f,0.0657044175001279f,-0.9966587060978214f,0.1758689011930795f,0f,0f,0f,1f], start_interpolation: 0, interpolation_duration: 1 }
$data merge entity $(bone_body) { transformation: [-0.9994646847849963f,0.000913775373408433f,0.03270334665129712f,0.006679125126393989f,0.014751496562679182f,0.9048162265797606f,0.4255466948140058f,0.29335710227272727f,-0.029201664623600118f,0.4258013164992921f,-0.9043453442411702f,-0.22860168333334976f,0f,0f,0f,1f], start_interpolation: 0, interpolation_duration: 1 }
$data merge entity $(bone_shoe_right) { transformation: [-0.9882365649208282f,0.03616288427586309f,0.16613015767654113f,-0.2552318801352239f,-0.00936109383586251f,1.1068364726859434f,-0.0813363163177848f,0.2552995734529441f,-0.1672766656535044f,-0.07835916325485937f,-0.9828509899923378f,0.23389712263088142f,0f,0f,0f,1f], start_interpolation: 0, interpolation_duration: 1 }
$data merge entity $(bone_lowerleg_right) { transformation: [-0.9738840845222217f,0.16959200677389671f,0.16824634583852607f,-0.17619101246536906f,0.14635759688210084f,1.0991139488478199f,-0.04814753348677947f,0.7591879379365565f,-0.1735777743526239f,-0.024768608897966837f,-0.9845684243012892f,0.21793884146178552f,0f,0f,0f,1f], start_interpolation: 0, interpolation_duration: 1 }
$data merge entity $(bone_leg_right) { transformation: [-0.9738840845222217f,-0.05020439741018723f,-0.22142562723179526f,-0.1949383732250166f,0.14635759688210084f,-0.884396778359533f,-0.4431949822168301f,0.3600206611570248f,-0.1735777743526239f,-0.46402786221083736f,0.8686477418049451f,-0.013446814118838402f,0f,0f,0f,1f], start_interpolation: 0, interpolation_duration: 1 }
$data merge entity $(bone_shoe_left) { transformation: [-0.9860385745503176f,-0.1283997909302231f,-0.10602557798877016f,0.2566489827590159f,0.010078453522895606f,-0.6815764515857735f,0.7316775009649622f,0.24795936092228393f,-0.1662117753751659f,0.7203936662220322f,0.6733547440939396f,-0.7290243330897226f,0f,0f,0f,1f], start_interpolation: 0, interpolation_duration: 1 }
$data merge entity $(bone_lowerleg_left) { transformation: [-0.9723411817419747f,-0.2064698136335404f,-0.10919176867672367f,0.17112694342061843f,0.011408535460997432f,-0.5089270088808807f,0.8607340733061489f,0.037718462499690075f,-0.23328624393061664f,0.835681467839087f,0.4972062074261079f,-0.38187151622226867f,0f,0f,0f,1f], start_interpolation: 0, interpolation_duration: 1 }
$data merge entity $(bone_leg_left) { transformation: [-0.9139182582594882f,-0.13047486729248575f,0.38435624910355165f,0.13132769764995786f,0.11399106439641649f,0.8263158286032329f,0.5515507126616052f,0.2897727272727273f,-0.38956315849643075f,0.5478854446002017f,-0.740312153849661f,-0.21474793206923942f,0f,0f,0f,1f], start_interpolation: 0, interpolation_duration: 1 }