# This file was generated by Animated Java via MC-Build. It is not recommended to edit this file directly.
$data merge entity $(bone_hammer) { transformation: [-0.00000902554795359977f,-0.00001860336803004692f,0.0000025459693347872775f,1.0597138210650785f,-0.0000037941539529333853f,0.0000045734668357840836f,0.000019967863547740928f,0.27287015676167053f,-0.000018389444192157875f,0.000008186933297541226f,-0.000005369380156302935f,-0.4072233939431892f,0f,0f,0f,1f], start_interpolation: 0, interpolation_duration: 1 }
$data merge entity $(bone_hand_left) { transformation: [-0.43322630177278887f,0.1222065280697891f,0.892961665442252f,0.6811405922412633f,-0.18211938974080247f,0.9584574502915645f,-0.21952640811763577f,0.4399867251471811f,-0.8826933212235779f,-0.25773024750254075f,-0.39297279828197884f,-0.20775126903857424f,0f,0f,0f,1f], start_interpolation: 0, interpolation_duration: 1 }
$data merge entity $(bone_lowerarm_left) { transformation: [-0.4401138455932722f,-0.20735384659662948f,0.8736728135971056f,0.5894513131993162f,-0.15083998639033525f,0.9762187236633083f,0.15570581901439912f,0.8716584420170502f,-0.8851819594992123f,-0.06325650852491599f,-0.4609246280102337f,-0.23572250640193554f,0f,0f,0f,1f], start_interpolation: 0, interpolation_duration: 1 }
$data merge entity $(bone_arm_left) { transformation: [-0.7888059295307016f,-0.6142929440881613f,0.020721592137313602f,0.2851843393306488f,-0.21958966190564802f,0.31314016059954675f,0.9239716555197206f,1.0267606778140133f,-0.5740780312129783f,0.724284073180675f,-0.38189919535846306f,0.1230244485953676f,0f,0f,0f,1f], start_interpolation: 0, interpolation_duration: 1 }
$data merge entity $(bone_bread) { transformation: [-0.0000036624881456119637f,-0.000008798539663687405f,0.000003028511246433033f,0.16603976063611647f,0.000008465044061829766f,-0.000004501859796797731f,-0.0000028418809618379347f,0.8886713501587283f,0.0000038638335386675844f,0.0000015228125808830833f,0.000009096803407184954f,0.48665554874295097f,0f,0f,0f,1f], start_interpolation: 0, interpolation_duration: 1 }
$data merge entity $(bone_hand_right) { transformation: [-0.36624881456119635f,-0.8798539663687405f,0.30285112464330327f,-0.08717523599753318f,0.8465044061829766f,-0.4501859796797731f,-0.2841880961837934f,0.8786232045131882f,0.38638335386675837f,0.1522812580883083f,0.9096803407184952f,0.4304059909766289f,0f,0f,0f,1f], start_interpolation: 0, interpolation_duration: 1 }
$data merge entity $(bone_lowerarm_right) { transformation: [-0.36624881456119635f,-0.9304566913098975f,0.010590157182802429f,-0.49861155418612846f,0.8465044061829766f,-0.3378859026531296f,-0.41141634277345607f,0.7292142819337575f,0.38638335386675837f,-0.14171613311446873f,0.9113860002599106f,0.3677408883650748f,0f,0f,0f,1f], start_interpolation: 0, interpolation_duration: 1 }
$data merge entity $(bone_arm_right) { transformation: [-0.3811585654811064f,0.46713853595247634f,-0.7978093357366548f,-0.26723199809716747f,0.8407492928456194f,0.5340655988812135f,-0.08896382788100946f,0.9937436488796086f,0.3845240883741568f,-0.7046669598610593f,-0.5963100713053537f,0.01871053480889384f,0f,0f,0f,1f], start_interpolation: 0, interpolation_duration: 1 }
$data merge entity $(bone_uppertail) { transformation: [-0.999946979302812f,0.008720550583931567f,-0.005476365646564956f,0.025796619902751648f,-0.005093061351593127f,0.043385642636409205f,0.9990454177559172f,0.986665695512706f,0.008949821744073688f,0.999020339137567f,-0.043338928000244914f,-0.6703586219463904f,0f,0f,0f,1f], start_interpolation: 0, interpolation_duration: 1 }
$data merge entity $(bone_middletail) { transformation: [-0.999946979302812f,0.005838871530545103f,-0.008482108371836324f,0.02901214127511873f,-0.005093061351593127f,0.43547548771730404f,0.9001861809222831f,0.6454304301535352f,0.008949821744073688f,0.9001816523217003f,-0.43542266077240777f,-0.5052806144029464f,0f,0f,0f,1f], start_interpolation: 0, interpolation_duration: 1 }
$data merge entity $(bone_tail) { transformation: [-0.9993747114403941f,0.034792730102335995f,-0.006296988602115847f,0.030979950213279935f,0.020164899714325415f,0.7071298478665068f,0.7067961198788533f,0.42455664269139354f,0.029044155228554566f,0.7062271902074553f,-0.7073892795757811f,-0.2842214645355147f,0f,0f,0f,1f], start_interpolation: 0, interpolation_duration: 1 }
$data merge entity $(bone_hair) { transformation: [-0.6891195000594061f,0.11872268814600717f,0.04560786624910138f,0.11987904190393653f,0.12060091758027598f,0.6881079966626887f,0.06329077064058114f,1.4856973679873156f,-0.023869087051446823f,0.04911525474073198f,-0.9969524566838308f,0.4814398434484255f,0f,0f,0f,1f], start_interpolation: 0, interpolation_duration: 1 }
$data merge entity $(bone_ear_left) { transformation: [-0.3485785163924574f,1.0246673324396804f,-0.5071734283740191f,0.1715017699643417f,-0.09300573773452635f,0.6621598718239334f,0.8555166232156022f,1.4907608894236122f,0.9326537142252153f,0.44900018037531025f,-0.10424212657614217f,0.12522413730470372f,0f,0f,0f,1f], start_interpolation: 0, interpolation_duration: 1 }
$data merge entity $(bone_ear_right) { transformation: [-0.26333612511835f,-0.3445110397332898f,0.9275907418259389f,-0.15442659343249354f,0.047642393249102036f,1.2438178079051685f,0.2868738901288792f,1.4935308378701757f,-0.9635270040705401f,0.15565797197660322f,-0.2393298703487052f,0.11426061414441173f,0f,0f,0f,1f], start_interpolation: 0, interpolation_duration: 1 }
$data merge entity $(bone_head) { transformation: [-0.9989517212209621f,-0.003921888050605067f,0.04560786624910138f,0.009386182214380243f,-0.0010285442929656883f,0.9979945994084131f,0.06329077064058114f,1.145895688464866f,-0.0457646235242333f,0.06317751455826487f,-0.9969524566838308f,0.16955119555601028f,0f,0f,0f,1f], start_interpolation: 0, interpolation_duration: 1 }
$data merge entity $(bone_body) { transformation: [-0.9995610616817677f,0.00422609753974135f,0.029322756848598724f,0.005642371542922367f,0.016062632523245156f,0.9089744434428279f,0.4165422583654924f,0.2990389204545455f,-0.024893288373387678f,0.41683042267496034f,-0.9086433419810952f,-0.22656287129489244f,0f,0f,0f,1f], start_interpolation: 0, interpolation_duration: 1 }
$data merge entity $(bone_shoe_right) { transformation: [-0.9888398257162077f,0.03409786158207482f,0.162472962754578f,-0.25659407317681154f,-0.011901015710189465f,1.1055011394340335f,-0.08822151332986625f,0.25472769657260275f,-0.16349783584743327f,-0.08579792963817638f,-0.9828905439785908f,0.24730365574234656f,0f,0f,0f,1f], start_interpolation: 0, interpolation_duration: 1 }
$data merge entity $(bone_lowerleg_right) { transformation: [-0.9747936449852695f,0.1677326618509225f,0.1643393822487999f,-0.1784242602601788f,0.14427073173622973f,1.0984444229798112f,-0.051606632015032294f,0.7582934657802626f,-0.1701860912666639f,-0.02956382696386589f,-0.9850529544010043f,0.22914186098632602f,0f,0f,0f,1f], start_interpolation: 0, interpolation_duration: 1 }
$data merge entity $(bone_leg_right) { transformation: [-0.9747936449852695f,-0.04407507306570678f,-0.2187115397746196f,-0.1944910081867979f,0.14427073173622973f,-0.8722867858972279f,-0.46722769514806783f,0.3651859504132231f,-0.1701860912666639f,-0.4870042618738933f,0.8566583585397616f,-0.012077293957663916f,0f,0f,0f,1f], start_interpolation: 0, interpolation_duration: 1 }
$data merge entity $(bone_shoe_left) { transformation: [-0.9877737744831203f,-0.12585485544393343f,-0.09199742281475133f,0.25082934035110066f,0.015767872513161835f,-0.6677581748356238f,0.7442112563893434f,0.24409354083316612f,-0.15509463124098852f,0.7336617581020445f,0.661578476115146f,-0.734165803226172f,0f,0f,0f,1f], start_interpolation: 0, interpolation_duration: 1 }
$data merge entity $(bone_lowerleg_left) { transformation: [-0.9749138179668712f,-0.20102297311828024f,-0.0955657460387635f,0.16667548119279837f,0.01525756224186596f,-0.48869468445277076f,0.872321450029771f,0.04119089134197962f,-0.22205912350474116f,0.8489801350245445f,0.47950232116436314f,-0.3786182171647966f,0f,0f,0f,1f], start_interpolation: 0, interpolation_duration: 1 }
$data merge entity $(bone_leg_left) { transformation: [-0.9182444445700787f,-0.1189148543525344f,0.37773853050821166f,0.13034949477782254f,0.11523302461203674f,0.8323442356261495f,0.5421479719215805f,0.2954545454545455f,-0.3788779355609791f,0.5413523167348937f,-0.750592551995298f,-0.2132464727305124f,0f,0f,0f,1f], start_interpolation: 0, interpolation_duration: 1 }