# This file was generated by Animated Java via MC-Build. It is not recommended to edit this file directly.
$data merge entity $(bone_hammer) { transformation: [-0.000009207449168061755f,-0.00001855411511211947f,0.000002235054809519612f,1.0624419344293832f,-0.000003824014787418089f,0.0000043093988205181f,0.000020020833411451757f,0.2929952681138108f,-0.00001829282833519587f,0.00000843810831820231f,-0.0000053102294947693414f,-0.4193094462454159f,0f,0f,0f,1f], start_interpolation: 0, interpolation_duration: 1 }
$data merge entity $(bone_hand_left) { transformation: [-0.44195756006696413f,0.10728263085694115f,0.8905975253817344f,0.6843782914721895f,-0.18355270979606825f,0.9610000037496842f,-0.20685114338486854f,0.4545881828607676f,-0.8780557600894016f,-0.25489101574892825f,-0.40502919927371084f,-0.21439390900502414f,0f,0f,0f,1f], start_interpolation: 0, interpolation_duration: 1 }
$data merge entity $(bone_lowerarm_left) { transformation: [-0.44900626472204325f,-0.2169456494353502f,0.8667917624386106f,0.5884476371124956f,-0.15296756477682694f,0.9744193436294324f,0.16464466856547f,0.8854642363719072f,-0.8803376047668339f,-0.05866453742986766f,-0.4707060374390092f,-0.24033463414979375f,0f,0f,0f,1f], start_interpolation: 0, interpolation_duration: 1 }
$data merge entity $(bone_arm_left) { transformation: [-0.7926870938274546f,-0.6093915539354876f,0.017003095937970805f,0.2866083830538244f,-0.22110426856681267f,0.3133771189502502f,0.923530012365584f,1.040683840601953f,-0.5681197705597993f,0.7283108644737716f,-0.3831490714963939f,0.12040684090987128f,0f,0f,0f,1f], start_interpolation: 0, interpolation_duration: 1 }
$data merge entity $(bone_bread) { transformation: [-0.0000036967803083026873f,-0.000008865343268698479f,0.000002781996419891312f,0.16030006804138602f,0.000008460809655300041f,-0.000004449325579369258f,-0.0000029356774116976905f,0.8967523664646395f,0.000003840379581360042f,0.0000012685387723333564f,0.000009145616111239304f,0.50330643324411f,0f,0f,0f,1f], start_interpolation: 0, interpolation_duration: 1 }
$data merge entity $(bone_hand_right) { transformation: [-0.3696780308302687f,-0.8865343268698479f,0.27819964198913116f,-0.0915091481369264f,0.8460809655300041f,-0.44493255793692577f,-0.293567741169769f,0.8889993974077833f,0.3840379581360042f,0.12685387723333563f,0.9145616111239303f,0.4407378898819111f,0f,0f,0f,1f], start_interpolation: 0, interpolation_duration: 1 }
$data merge entity $(bone_lowerarm_right) { transformation: [-0.3696780308302687f,-0.9290682411513839f,-0.01305208049810841f,-0.5023315110210539f,0.8460809655300041f,-0.3307848591397105f,-0.41800523529226064f,0.7427304675069426f,0.3840379581360042f,-0.16557046912960066f,0.9083508498718615f,0.3675246980636658f,0f,0f,0f,1f], start_interpolation: 0, interpolation_duration: 1 }
$data merge entity $(bone_arm_right) { transformation: [-0.3842670592174606f,0.4725187830316959f,-0.793136070849517f,-0.268287051300667f,0.840440099457722f,0.5345968765928759f,-0.08869396124109025f,1.0075229829443515f,0.3820985035613974f,-0.7006655259247363f,-0.6025517026419843f,0.020476304754069807f,0f,0f,0f,1f], start_interpolation: 0, interpolation_duration: 1 }
$data merge entity $(bone_uppertail) { transformation: [-0.9998916824548251f,0.013312397156661732f,-0.0062772159117250185f,0.022208064198789918f,-0.005298903034394866f,0.07229159302542493f,0.9973694637417363f,0.9927283954406844f,0.013731168351279886f,0.9972946934882336f,-0.07221322147584341f,-0.6750276370242136f,0f,0f,0f,1f], start_interpolation: 0, interpolation_duration: 1 }
$data merge entity $(bone_middletail) { transformation: [-0.9998916824548251f,0.009870955292990279f,-0.010917307326575374f,0.02634680195654107f,-0.005298903034394866f,0.45058767678099004f,0.8927164539537413f,0.6543250563165702f,0.013731168351279886f,0.892677606851832f,-0.45048656499500095f,-0.5042393312290697f,0f,0f,0f,1f], start_interpolation: 0, interpolation_duration: 1 }
$data merge entity $(bone_tail) { transformation: [-0.9992343630885652f,0.037854837285584975f,-0.009884276254296429f,0.029435638286008706f,0.02010747070736441f,0.713609892152998f,0.7002546761308626f,0.4354954700256757f,0.033561544135242725f,0.6995197875081651f,-0.7138246911110527f,-0.2811691152568658f,0f,0f,0f,1f], start_interpolation: 0, interpolation_duration: 1 }
$data merge entity $(bone_hair) { transformation: [-0.6892578385788164f,0.11890580908013225f,0.04002653519490185f,0.12224069376649227f,0.12051164130680231f,0.688122456396805f,0.06331697570303724f,1.4999666175980164f,-0.020014401494892302f,0.04846538527058502f,-0.9971904718097304f,0.4786529755705965f,0f,0f,0f,1f], start_interpolation: 0, interpolation_duration: 1 }
$data merge entity $(bone_ear_left) { transformation: [-0.344948415978787f,1.0148935151135074f,-0.5210929857229629f,0.17259092104179863f,-0.09254118657316479f,0.6814295336359077f,0.8465666295037017f,1.5028129502862013f,0.9340485635668828f,0.44231769540602656f,-0.1085681446883505f,0.1180234681249517f,0f,0f,0f,1f], start_interpolation: 0, interpolation_duration: 1 }
$data merge entity $(bone_ear_right) { transformation: [-0.2703000639124046f,-0.338928457519384f,0.9268041769231959f,-0.15467294902206646f,0.047531566892951106f,1.2452047358562912f,0.2833099308088099f,1.5056362308408164f,-0.9616021139731608f,0.15682049127775113f,-0.24651470695036692f,0.10895446852490825f,0f,0f,0f,1f], start_interpolation: 0, interpolation_duration: 1 }
$data merge entity $(bone_head) { transformation: [-0.9991917718823321f,-0.003698578502221531f,0.04002653519490185f,0.010050506864251171f,-0.0011577312540453346f,0.9979927956885082f,0.06331697570303724f,1.1601568886660878f,-0.04018037656604549f,0.0632194611721621f,-0.9971904718097304f,0.16737963553187443f,0f,0f,0f,1f], start_interpolation: 0, interpolation_duration: 1 }
$data merge entity $(bone_body) { transformation: [-0.9996790269101036f,0.006209789947408832f,0.024561792786308885f,0.004418507189572642f,0.015734851034363825f,0.9120231034999465f,0.40983688602327184f,0.31040255681818174f,-0.019855921509587374f,0.4100918155622409f,-0.9118280787461365f,-0.22245701190622133f,0f,0f,0f,1f], start_interpolation: 0, interpolation_duration: 1 }
$data merge entity $(bone_shoe_right) { transformation: [-0.9891346793711788f,0.03151246573694264f,0.16044785343417403f,-0.25821654108462294f,-0.013279619756412548f,1.104082743334973f,-0.08632635760565999f,0.25615867480414034f,-0.16127212554283926f,-0.08437187879966362f,-0.9833808864294987f,0.2624182415064567f,0f,0f,0f,1f], start_interpolation: 0, interpolation_duration: 1 }
$data merge entity $(bone_lowerleg_right) { transformation: [-0.9755472534688552f,0.1649786637436631f,0.16190602169749377f,-0.1813212499611311f,0.14216142567264525f,1.0971875979054584f,-0.05095877256750381f,0.7591519593563447f,-0.1676236418292305f,-0.029630242448539734f,-0.9854895451685441f,0.24422273166536995f,0f,0f,0f,1f], start_interpolation: 0, interpolation_duration: 1 }
$data merge entity $(bone_leg_right) { transformation: [-0.9755472534688552f,-0.03523747379499927f,-0.21694671394128087f,-0.19353706122855605f,0.14216142567264525f,-0.8539515795728929f,-0.500556519082193f,0.3755165289256198f,-0.1676236418292305f,-0.5191579915454521f,0.8380795275595259f,-0.010043660190985399f,0f,0f,0f,1f], start_interpolation: 0, interpolation_duration: 1 }
$data merge entity $(bone_shoe_left) { transformation: [-0.9893364587965877f,-0.12218372706947775f,-0.07927488968922575f,0.2453738979904595f,0.019212080844069557f,-0.6490113606501949f,0.7605360936185894f,0.24359291316683945f,-0.14437543851177903f,0.7509030500579911f,0.6444380049067074f,-0.7393691270456426f,0f,0f,0f,1f], start_interpolation: 0, interpolation_duration: 1 }
$data merge entity $(bone_lowerleg_left) { transformation: [-0.9773139131969604f,-0.19463956501126495f,-0.08350422027580223f,0.1630276403804989f,0.01645945093503845f,-0.46287335748751035f,0.8862715957330218f,0.05052873810899311f,-0.21115539667875224f,0.8647911277646556f,0.45557623269105446f,-0.37431217140531714f,0f,0f,0f,1f], start_interpolation: 0, interpolation_duration: 1 }
$data merge entity $(bone_leg_left) { transformation: [-0.9232254354569417f,-0.1104191055047959f,0.3680521925826025f,0.1291911531419735f,0.1137552820003248f,0.8363531038313425f,0.5362585398189069f,0.30681818181818177f,-0.36703478192450234f,0.5369554048998858f,-0.7595817019955343f,-0.2097692272971247f,0f,0f,0f,1f], start_interpolation: 0, interpolation_duration: 1 }