# This file was generated by Animated Java via MC-Build. It is not recommended to edit this file directly.
$data merge entity $(bone_hammer) { transformation: [-0.00000956114875745032f,-0.000018416065860283943f,0.0000018603038583436627f,1.0603619164091087f,-0.000003644558623631003f,0.0000039258883831336735f,0.00002013286791840325f,0.32277726994073663f,-0.000018147435208717535f,0.000008914241213397702f,-0.0000050234128550755975f,-0.43725181393754625f,0f,0f,0f,1f], start_interpolation: 0, interpolation_duration: 1 }
$data merge entity $(bone_hand_left) { transformation: [-0.45893514035761523f,0.0892945852004956f,0.8839711612936292f,0.6848981389881625f,-0.17493881393428812f,0.9663776600833559f,-0.18844264239041608f,0.4759988456213109f,-0.8710768900184416f,-0.24112381704362854f,-0.42788357824308976f,-0.22141653828558924f,0f,0f,0f,1f], start_interpolation: 0, interpolation_duration: 1 }
$data merge entity $(bone_lowerarm_left) { transformation: [-0.46512584752568337f,-0.2269911737734509f,0.8556476804108486f,0.5845254793352147f,-0.14916190678272764f,0.9728425188320338f,0.17699762460972415f,0.9061776469173508f,-0.8725873432089508f,-0.04530386938766967f,-0.48635263738366785f,-0.24144934303044943f,0f,0f,0f,1f], start_interpolation: 0, interpolation_duration: 1 }
$data merge entity $(bone_arm_left) { transformation: [-0.798832568102637f,-0.6014308268222106f,0.012144492023047276f,0.2866292729248385f,-0.21848593266831226f,0.3088890257931315f,0.9256627177166787f,1.0591742425055113f,-0.5604733939845881f,0.7367961253240425f,-0.378154788866774f,0.12349498779411541f,0f,0f,0f,1f], start_interpolation: 0, interpolation_duration: 1 }
$data merge entity $(bone_bread) { transformation: [-0.000003680927758454283f,-0.00000895130539788082f,0.000002514935886043722f,0.15198121172182688f,0.000008465822207923086f,-0.000004345009956137683f,-0.0000030742060478928165f,0.9063580468795429f,0.000003844557865460873f,9.975069698674966e-7f,0.000009177382778558863f,0.5259149513288999f,0f,0f,0f,1f], start_interpolation: 0, interpolation_duration: 1 }
$data merge entity $(bone_hand_right) { transformation: [-0.36809277584542827f,-0.895130539788082f,0.25149358860437215f,-0.09827109092270186f,0.8465822207923085f,-0.4345009956137682f,-0.3074206047892816f,0.9026499184872105f,0.38445578654608725f,0.09975069698674965f,0.9177382778558862f,0.4570466182218961f,0f,0f,0f,1f], start_interpolation: 0, interpolation_duration: 1 }
$data merge entity $(bone_lowerarm_right) { transformation: [-0.36809277584542827f,-0.9290028675709545f,-0.038228005641829765f,-0.5090645464267333f,0.8465822207923085f,-0.31786834960040933f,-0.42691715327528773f,0.7620925076482796f,0.38445578654608725f,-0.1895082699178498f,0.903482353908461f,0.3732484301175969f,0f,0f,0f,1f], start_interpolation: 0, interpolation_duration: 1 }
$data merge entity $(bone_arm_right) { transformation: [-0.3804206108011463f,0.48082360343952796f,-0.7899929248120585f,-0.2709066053480921f,0.8419060872092623f,0.5335599177301089f,-0.08067189418768969f,1.0263714043989742f,0.38271960911047276f,-0.6957891035128875f,-0.6077855084115282f,0.02861538978386982f,0f,0f,0f,1f], start_interpolation: 0, interpolation_duration: 1 }
$data merge entity $(bone_uppertail) { transformation: [-0.9998266473116891f,0.015421724858828846f,-0.010432915596581108f,0.01709254750676677f,-0.008627819265442297f,0.11280269492728373f,0.9935799478410708f,1.00132345928178f,0.016499577576097747f,0.9934977213962399f,-0.11265008442202629f,-0.6817340021365615f,0f,0f,0f,1f], start_interpolation: 0, interpolation_duration: 1 }
$data merge entity $(bone_middletail) { transformation: [-0.9998266473116891f,0.010440656027007188f,-0.015416485565540657f,0.022936850413269403f,-0.008627819265442297f,0.4739334180500092f,0.8805184132033572f,0.6675446210166094f,0.016499577576097747f,0.8804987836204891f,-0.4737611803246965f,-0.5021229620336676f,0f,0f,0f,1f], start_interpolation: 0, interpolation_duration: 1 }
$data merge entity $(bone_tail) { transformation: [-0.9992206629063726f,0.03678448895418379f,-0.014316710283045861f,0.027410822376721235f,0.01683395258557792f,0.7251880138827576f,0.6883450897341594f,0.4524367804746846f,0.03570272904548972f,0.687567630050427f,-0.7252420763066244f,-0.2754848131878474f,0f,0f,0f,1f], start_interpolation: 0, interpolation_duration: 1 }
$data merge entity $(bone_hair) { transformation: [-0.6894071199085848f,0.11935703883147707f,0.03102731846757828f,0.12389660094728594f,0.12057703202773394f,0.6879523745946137f,0.06674211161850002f,1.5170342347900019f,-0.013379176608929705f,0.049753668920127246f,-0.9972877197907408f,0.48257448140142045f,0f,0f,0f,1f], start_interpolation: 0, interpolation_duration: 1 }
$data merge entity $(bone_ear_left) { transformation: [-0.3484929359575214f,0.9993608716238773f,-0.5362768133075999f,0.17167292839646703f,-0.09154389418923581f,0.7039416694445493f,0.8357059323644345f,1.5189025609595375f,0.9328303109485546f,0.4424296263664825f,-0.11833331787597791f,0.1173722680264298f,0f,0f,0f,1f], start_interpolation: 0, interpolation_duration: 1 }
$data merge entity $(bone_ear_right) { transformation: [-0.29052770255831617f,-0.3329087270056057f,0.9219624858627398f,-0.1569376335057549f,0.045949208523381024f,1.246280351653812f,0.2807609459058143f,1.5218510276930044f,-0.9557626924515631f,0.16111196282448484f,-0.26675544214855257f,0.11135126049621788f,0f,0f,0f,1f], start_interpolation: 0, interpolation_duration: 1 }
$data merge entity $(bone_head) { transformation: [-0.9995137270751405f,-0.0031007897498783804f,0.03102731846757828f,0.008892617644630224f,-0.0010235431341119672f,0.9977697344057679f,0.06674211161850002f,1.178295305550851f,-0.031165072562310634f,0.06667789893788456f,-0.9972877197907408f,0.17116092393282126f,0f,0f,0f,1f], start_interpolation: 0, interpolation_duration: 1 }
$data merge entity $(bone_body) { transformation: [-0.9998131120263497f,0.006398132861828955f,0.018242941541000774f,0.0030398936129265425f,0.013276438400241801f,0.913173417015026f,0.4073549393839555f,0.3274480113636363f,-0.014052658239300214f,0.40752101093438586f,-0.9130877003023454f,-0.21628117909174036f,0f,0f,0f,1f], start_interpolation: 0, interpolation_duration: 1 }
$data merge entity $(bone_shoe_right) { transformation: [-0.9890988833180452f,0.028682885283566585f,0.1602412315027785f,-0.2597779325940789f,-0.012880130398359238f,1.1027228951694434f,-0.07305249225053921f,0.25985579063035036f,-0.16084907288369313f,-0.07140713196083044f,-0.9844443349597827f,0.27717282041689506f,0f,0f,0f,1f], start_interpolation: 0, interpolation_duration: 1 }
$data merge entity $(bone_lowerleg_right) { transformation: [-0.9760872158590216f,0.16152195843960718f,0.16118611956722245f,-0.1844714683842154f,0.1403735072590022f,1.0953432552402926f,-0.04493083098919498f,0.7620324897832239f,-0.16597899112957296f,-0.023511073879187272f,-0.9859007329774536f,0.2617815805643725f,0f,0f,0f,1f], start_interpolation: 0, interpolation_duration: 1 }
$data merge entity $(bone_leg_right) { transformation: [-0.9760872158590216f,-0.024489145611458735f,-0.21599543695135034f,-0.19206445035045486f,0.1403735072590022f,-0.8296935416374918f,-0.5402813206329105f,0.3910123966942147f,-0.16597899112957296f,-0.5576817270740146f,0.8132908863324073f,-0.007348740080240229f,0f,0f,0f,1f], start_interpolation: 0, interpolation_duration: 1 }
$data merge entity $(bone_shoe_left) { transformation: [-0.9902453613228418f,-0.117864936943075f,-0.07431003309109407f,0.24113040964085425f,0.02126931374477247f,-0.6549389129647335f,0.755382443916589f,0.24775551555347558f,-0.1377016364151892f,0.7464334377049154f,0.6510571268365019f,-0.7443874095353477f,0f,0f,0f,1f], start_interpolation: 0, interpolation_duration: 1 }
$data merge entity $(bone_lowerleg_left) { transformation: [-0.9793129124986462f,-0.18782052427888807f,-0.07529721158862943f,0.16081916023942522f,0.013928008696737895f,-0.4337942368709714f,0.9009043071443683f,0.06609128025215205f,-0.20187181573256527f,0.8812184806942799f,0.42743626343082075f,-0.3694927572007096f,0f,0f,0f,1f], start_interpolation: 0, interpolation_duration: 1 }
$data merge entity $(bone_leg_left) { transformation: [-0.9284889272620256f,-0.10696021381571066f,0.35562314971372533f,0.12788409334969505f,0.1088721454845669f,0.8371437780216319f,0.5360383856192166f,0.32386363636363635f,-0.3550424874425601f,0.536423160928167f,-0.7656337404597798f,-0.20431795008215217f,0f,0f,0f,1f], start_interpolation: 0, interpolation_duration: 1 }