# This file was generated by Animated Java via MC-Build. It is not recommended to edit this file directly.
$data merge entity $(bone_hammer) { transformation: [-0.000010114085824538179f,-0.000018155083932198432f,0.000001458071715137491f,1.0512700183532624f,-0.000003201310369410911f,0.000003413834127202409f,0.0000203008651600967f,0.3626092118196535f,-0.000017929993241224487f,0.000009631533717147871f,-0.00000444709775054087f,-0.46106650141408434f,0f,0f,0f,1f], start_interpolation: 0, interpolation_duration: 1 }
$data merge entity $(bone_hand_left) { transformation: [-0.4854761195778325f,0.06998744232659937f,0.8714440287455247f,0.6814038930554168f,-0.1536628977317237f,0.9744415276846415f,-0.1638640381057154f,0.5042933727201941f,-0.8606396755787752f,-0.21346069202596166f,-0.46231361842309787f,-0.22834475010564279f,0f,0f,0f,1f], start_interpolation: 0, interpolation_duration: 1 }
$data merge entity $(bone_lowerarm_left) { transformation: [-0.4894105271478391f,-0.23603214432948796f,0.8395035215888602f,0.5770334292347213f,-0.137757914142316f,0.9715124052002337f,0.1928377650596863f,0.9338840143946724f,-0.8611039966276037f,-0.02127142179733782f,-0.50798369423308f,-0.2377507069316531f,0f,0f,0f,1f], start_interpolation: 0, interpolation_duration: 1 }
$data merge entity $(bone_arm_left) { transformation: [-0.8075473473339466f,-0.5897683472263103f,0.006370119610539526f,0.2849137947491895f,-0.21054105570128226f,0.2983410774902254f,0.9309484762037912f,1.0816560793390497f,-0.5509444125119118f,0.7504438007552048f,-0.36509499617221075f,0.1339534881299093f,0f,0f,0f,1f], start_interpolation: 0, interpolation_duration: 1 }
$data merge entity $(bone_bread) { transformation: [-0.000003595666743749687f,-0.00000905458332160234f,0.0000022551500038918283f,0.14159762727543954f,0.000008483763717276785f,-0.000004178552247240545f,-0.0000032504544769153424f,0.9169752659234578f,0.000003885477301093202f,7.444608715317317e-7f,0.000009184162681129276f,0.5539233296849835f,0f,0f,0f,1f], start_interpolation: 0, interpolation_duration: 1 }
$data merge entity $(bone_hand_right) { transformation: [-0.3595666743749687f,-0.9054583321602339f,0.22551500038918282f,-0.10713367508169502f,0.8483763717276784f,-0.41785522472405445f,-0.3250454476915342f,0.9192236397094925f,0.38854773010932014f,0.07444608715317316f,0.9184162681129276f,0.4796906108674567f,0f,0f,0f,1f], start_interpolation: 0, interpolation_duration: 1 }
$data merge entity $(bone_lowerarm_right) { transformation: [-0.3595666743749687f,-0.9310441393767396f,-0.06219820906707685f,-0.518829755462347f,0.8483763717276784f,-0.29842946564961287f,-0.43726123304755293f,0.7872618603675543f,0.38854773010932014f,-0.20999205833629292f,0.8971811393818874f,0.3868347475718772f,0f,0f,0f,1f], start_interpolation: 0, interpolation_duration: 1 }
$data merge entity $(bone_arm_right) { transformation: [-0.36721361057107615f,0.4918375356832134f,-0.78946184372927f,-0.27521647606925537f,0.8456090517212242f,0.5300600052028409f,-0.06310089168542696f,1.0498072066945865f,0.3874267619286073f,-0.6907475873120572f,-0.6105475204798445f,0.044698833231373775f,0f,0f,0f,1f], start_interpolation: 0, interpolation_duration: 1 }
$data merge entity $(bone_uppertail) { transformation: [-0.9997378540689195f,0.013798004899838442f,-0.018271239762425222f,0.010498302301476279f,-0.01576368351959973f,0.16394820344283234f,0.9863429894665251f,1.012064849530699f,0.016605102335303254f,0.986372445706312f,-0.1636877177059488f,-0.6901862315864383f,0f,0f,0f,1f], start_interpolation: 0, interpolation_duration: 1 }
$data merge entity $(bone_middletail) { transformation: [-0.9997378540689195f,0.006365551679269356f,-0.021993246542758194f,0.01883565302502702f,-0.01576368351959973f,0.5052845845320384f,0.8628087823592081f,0.6850000076918177f,0.016605102335303254f,0.8629292951256805f,-0.5050517816920658f,-0.49871385161278986f,0f,0f,0f,1f], start_interpolation: 0, interpolation_duration: 1 }
$data merge entity $(bone_tail) { transformation: [-0.9993491353549004f,0.030427099644410587f,-0.019377752001773642f,0.024891200525581282f,0.009593064775809198f,0.7419889276278974f,0.670343497310006f,0.47551766478244084f,0.034774685816269586f,0.6697213023973718f,-0.7417978824056777f,-0.2669020133610156f,0f,0f,0f,1f], start_interpolation: 0, interpolation_duration: 1 }
$data merge entity $(bone_hair) { transformation: [-0.6894877298850808f,0.12020296839720719f,0.017952131725952343f,0.12478288449618351f,0.12081027192352078f,0.6875258974526687f,0.07440949206603337f,1.5358328608360994f,-0.003398313652808266f,0.05347323368193042f,-0.9970661705508661f,0.49518246302095204f,0f,0f,0f,1f], start_interpolation: 0, interpolation_duration: 1 }
$data merge entity $(bone_ear_left) { transformation: [-0.36078408266983175f,0.9783953721901798f,-0.5508269119432955f,0.16838884174385116f,-0.08863489239452925f,0.7283416426546806f,0.8235590133670976f,1.5383174316620558f,0.9284280809746642f,0.44973430739929193f,-0.13542623298617348f,0.12523918307344079f,0f,0f,0f,1f], start_interpolation: 0, interpolation_duration: 1 }
$data merge entity $(bone_ear_right) { transformation: [-0.32639997343522154f,-0.3272595239711718f,0.9110932930741935f,-0.16154856538998275f,0.04143859582754057f,1.246889687582657f,0.27986060698837745f,1.5414708514063533f,-0.9443229850624884f,0.1678311978452925f,-0.3026335275069817f,0.12365803315862085f,0f,0f,0f,1f], start_interpolation: 0, interpolation_duration: 1 }
$data merge entity $(bone_head) { transformation: [-0.9998369834427792f,-0.0019306751508598747f,0.017952131725952343f,0.005600650268369615f,-0.0005896096538291267f,0.9972275968157575f,0.07440949206603337f,1.199523016144465f,-0.018046021736111365f,0.07438677733663973f,-0.9970661705508661f,0.18270899928240095f,0f,0f,0f,1f], start_interpolation: 0, interpolation_duration: 1 }
$data merge entity $(bone_body) { transformation: [-0.9999386914469256f,0.004410359060020058f,0.010156873553018397f,0.0015491666512833493f,0.008195481376079136f,0.9115970053475105f,0.4110033259311476f,0.35017528409090914f,-0.007446303272406086f,0.4110613683799688f,-0.9115772616696638f,-0.20803231045637285f,0f,0f,0f,1f], start_interpolation: 0, interpolation_duration: 1 }
$data merge entity $(bone_shoe_right) { transformation: [-0.9887066281392051f,0.02578900999051632f,0.16202884695141645f,-0.26096752598900164f,-0.010077921093738817f,1.1011043357467514f,-0.04581685615872437f,0.26629682439926117f,-0.16241603422824988f,-0.04425103070121679f,-0.9857383723511587f,0.28951884521349236f,0f,0f,0f,1f], start_interpolation: 0, interpolation_duration: 1 }
$data merge entity $(bone_lowerleg_right) { transformation: [-0.9763564640996711f,0.15751476878983048f,0.16240803376362467f,-0.18749330795992977f,0.1392486495096345f,1.092795060685181f,-0.03225330919378988f,0.7673653452646267f,-0.1653416723652291f,-0.009799866450644568f,-0.9861964077277316f,0.28041549665333143f,0f,0f,0f,1f], start_interpolation: 0, interpolation_duration: 1 }
$data merge entity $(bone_leg_right) { transformation: [-0.9763564640996711f,-0.012536253797656334f,-0.21580291321367404f,-0.19005814260274978f,0.1392486495096345f,-0.8000674858949577f,-0.5835253478842746f,0.41167355371900827f,-0.1653416723652291f,-0.5997790095980698f,0.782896717980748f,-0.003998033576661999f,0f,0f,0f,1f], start_interpolation: 0, interpolation_duration: 1 }
$data merge entity $(bone_shoe_left) { transformation: [-0.9907825404470083f,-0.11284448205284996f,-0.07494051251223377f,0.23910233573497403f,0.01844235632261175f,-0.6604378941641358f,0.7506541596802827f,0.25805532247752544f,-0.13420073412109973f,0.7423529556903953f,0.6564314527344739f,-0.7490942092197913f,0f,0f,0f,1f], start_interpolation: 0, interpolation_duration: 1 }
$data merge entity $(bone_lowerleg_left) { transformation: [-0.9806849339392462f,-0.18146169233166956f,-0.0729980449101395f,0.16066228895425272f,0.006663070802930923f,-0.40398921598157184f,0.9147394803210747f,0.08829450284479046f,-0.19548059707308912f,0.8965848356885818f,0.397395229691081f,-0.36474612117668537f,0f,0f,0f,1f], start_interpolation: 0, interpolation_duration: 1 }
$data merge entity $(bone_leg_left) { transformation: [-0.9336670206355251f,-0.1103214324590594f,0.34072727527710944f,0.12646969021257468f,0.09990161065888882f,0.8333858959180268f,0.5435877267494802f,0.34659090909090917f,-0.34392668225268846f,0.5415691368838228f,-0.7670836376885961f,-0.19689427429990175f,0f,0f,0f,1f], start_interpolation: 0, interpolation_duration: 1 }