# This file was generated by Animated Java via MC-Build. It is not recommended to edit this file directly.
$data merge entity $(bone_hammer) { transformation: [-0.000010889820153924291f,-0.00001772785991426283f,0.0000010782289428666882f,1.032668563164369f,-0.000002443118519466938f,0.0000027479678226235765f,0.000020506282513499153f,0.41341009521319483f,-0.000017591781225697415f,0.000010592423399953216f,-0.000003515334635721254f,-0.4903687963904547f,0f,0f,0f,1f], start_interpolation: 0, interpolation_duration: 1 }
$data merge entity $(bone_hand_left) { transformation: [-0.5227113673883659f,0.05175498925760083f,0.8509372758846159f,0.672537529971758f,-0.117269688934413f,0.9843015606479593f,-0.13190245548593144f,0.5396812046754675f,-0.8444054988334757f,-0.16873606251462006f,-0.5084363231977543f,-0.23464235764821337f,0f,0f,0f,1f], start_interpolation: 0, interpolation_duration: 1 }
$data merge entity $(bone_lowerarm_left) { transformation: [-0.5227113673883659f,-0.24240390756498886f,0.8173207277441393f,0.5653495520953644f,-0.117269688934413f,0.9700542098992465f,0.21270319676482285f,0.9686270506152905f,-0.8444054988334757f,0.015335431326613747f,-0.5354849933339083f,-0.22786122160847636f,0f,0f,0f,1f], start_interpolation: 0, interpolation_duration: 1 }
$data merge entity $(bone_arm_left) { transformation: [-0.8191520818003395f,-0.5735763827792846f,-3.992805343275063e-8f,0.28124999999999994f,-0.19617472638937458f,0.28016651804892845f,0.9396926087239346f,1.1073970290864004f,-0.5389854762498003f,0.7697511645214777f,-0.3420201764656655f,0.15340615206856814f,0f,0f,0f,1f], start_interpolation: 0, interpolation_duration: 1 }
$data merge entity $(bone_bread) { transformation: [-0.00000342020143325669f,-0.000009174181535933481f,0.0000020338670806338556f,0.13009243268969561f,0.000008516507396391465f,-0.000003940991951332211f,-0.0000034550953976329245f,0.9281774290203066f,0.000003971312619671027f,5.504321804472637e-7f,0.0000091610971227015f,0.5867367165954064f,0f,0f,0f,1f], start_interpolation: 0, interpolation_duration: 1 }
$data merge entity $(bone_hand_right) { transformation: [-0.34202014332566893f,-0.917418153593348f,0.20338670806338555f,-0.11739238587462675f,0.8516507396391464f,-0.394099195133221f,-0.3455095397632924f,0.9383850937827728f,0.3971312619671027f,0.055043218044726366f,0.9161097122701499f,0.5090844103818655f,0f,0f,0f,1f], start_interpolation: 0, interpolation_duration: 1 }
$data merge entity $(bone_lowerarm_right) { transformation: [-0.34202014332566893f,-0.9361168066628589f,-0.08189960831908982f,-0.5313315363208596f,0.8516507396391464f,-0.27196236028391174f,-0.44802621827399625f,0.8181267375947305f,0.3971312619671027f,-0.2229838533888388f,0.8902611762265504f,0.4104837377114884f,0f,0f,0f,1f], start_interpolation: 0, interpolation_duration: 1 }
$data merge entity $(bone_arm_right) { transformation: [-0.34202014332566893f,0.5048964771146691f,-0.7925287180643267f,-0.28125000000000006f,0.8516507396391464f,0.5229823518701281f,-0.03435807480759406f,1.0771664337554034f,0.3971312619671027f,-0.6867088225948359f,-0.608865957119324f,0.0703482740199837f,0f,0f,0f,1f], start_interpolation: 0, interpolation_duration: 1 }
$data merge entity $(bone_uppertail) { transformation: [-0.9995422387912742f,0.006885048288078685f,-0.029460295012065107f,0.002885711616042551f,-0.027164568886214765f,0.22444956327079718f,0.9741070165771184f,1.024439108262454f,0.01331912419617658f,0.9744613843850454f,-0.22415978959890998f,-0.6999206463326346f,0f,0f,0f,1f], start_interpolation: 0, interpolation_duration: 1 }
$data merge entity $(bone_middletail) { transformation: [-0.9995422387912742f,-0.003606185252380798f,-0.030038447031306308f,0.014272653794889671f,-0.027164568886214765f,0.5440778197684335f,0.838594903534033f,0.7065540454949013f,0.01331912419617658f,0.8390270087809769f,-0.5439267225157203f,-0.4937119683046771f,0f,0f,0f,1f], start_interpolation: 0, interpolation_duration: 1 }
$data merge entity $(bone_tail) { transformation: [-0.9995468755281369f,0.017726138424319374f,-0.02432750785635315f,0.02187500000000003f,-0.002163625420389368f,0.7638065541523713f,0.645441605847439f,0.5048535436675766f,0.030022697196942533f,0.6452017760750838f,-0.7634221019872153f,-0.2551425614336723f,0f,0f,0f,1f], start_interpolation: 0, interpolation_duration: 1 }
$data merge entity $(bone_hair) { transformation: [-0.6893654271085455f,0.1215537243668512f,1.2199866483456202e-16f,0.12499999999999993f,0.1210911757475626f,0.6867421835332848f,0.08715574274765825f,1.555146184162109f,0.010594105130936959f,0.06008215582420196f,-0.9961946980917455f,0.5183472695454487f,0f,0f,0f,1f], start_interpolation: 0, interpolation_duration: 1 }
$data merge entity $(bone_ear_left) { transformation: [-0.38268343236509006f,0.9528517870878943f,-0.5624222244434796f,0.16247516447368418f,-0.08052140686538051f,0.7539793916007994f,0.8106384470392749f,1.5602170319968334f,0.9203638919632241f,0.46215641171003424f,-0.16293111929217474f,0.14353043182702865f,0f,0f,0f,1f], start_interpolation: 0, interpolation_duration: 1 }
$data merge entity $(bone_ear_right) { transformation: [-0.37940952255126037f,-0.32365883127295586f,0.8911022298164387f,-0.16871003289473685f,0.030761271247261794f,1.2469452777174796f,0.28108865082401985f,1.563602823578818f,-0.9247173397253222f,0.17427689266538537f,-0.3562667348969065f,0.14807221375331306f,0f,0f,0f,1f], start_interpolation: 0, interpolation_duration: 1 }
$data merge entity $(bone_head) { transformation: [-1f,-1.0673500138322977e-17f,1.2199866483456202e-16f,-2.495843810414848e-17f,0f,0.9961946980917455f,0.08715574274765825f,1.2229051606389991f,-1.2246467991473532e-16f,0.08715574274765825f,-0.9961946980917455f,0.20380111328038028f,0f,0f,0f,1f], start_interpolation: 0, interpolation_duration: 1 }
$data merge entity $(bone_body) { transformation: [-1f,-5.175581015019659e-17f,1.1099069304367545e-16f,2.4212185704242533e-17f,0f,0.9063077870366499f,0.42261826174069944f,0.378584375f,-1.2246467991473532e-16f,0.42261826174069944f,-0.9063077870366499f,-0.1977075f,0f,0f,0f,1f], start_interpolation: 0, interpolation_duration: 1 }
$data merge entity $(bone_shoe_right) { transformation: [-0.987919016430611f,0.022847873121445837f,0.16600808100722542f,-0.2614716715066249f,-0.0042381906353033405f,1.0981276668663165f,-0.0020892446464961436f,0.2762665128574052f,-0.16605975717963983f,-0.0003068641051222898f,-0.9861301494470419f,0.29751045966091405f,0f,0f,0f,1f], start_interpolation: 0, interpolation_duration: 1 }
$data merge entity $(bone_lowerleg_right) { transformation: [-0.9762960098842324f,0.15303713309477274f,0.1658023771523212f,-0.1900353356502849f,0.13912465312878036f,1.0892266958233208f,-0.011672015161117266f,0.7757959630204805f,-0.16580238832997363f,0.01283904201815067f,-0.986089922772116f,0.29879271998535817f,0f,0f,0f,1f], start_interpolation: 0, interpolation_duration: 1 }
$data merge entity $(bone_leg_right) { transformation: [-0.9762960098842324f,3.605544116980615e-8f,-0.21643960146915245f,-0.1875f,0.13912465312878036f,-0.7660444973004579f,-0.6275509214776801f,0.4375f,-0.16580238832997363f,-0.6427875451155597f,0.7478861810920088f,-2.296212748401287e-17f,0f,0f,0f,1f], start_interpolation: 0, interpolation_duration: 1 }
$data merge entity $(bone_shoe_left) { transformation: [-0.9907868237795138f,-0.10695739616643296f,-0.083075780045688f,0.24040542391128353f,0.009676978119902951f,-0.6677621809486307f,0.7443117799613242f,0.2762508363740952f,-0.1350845139879836f,0.736650381863761f,0.6626449946846393f,-0.753492966543017f,0f,0f,0f,1f], start_interpolation: 0, interpolation_duration: 1 }
$data merge entity $(bone_lowerleg_left) { transformation: [-0.9811342757231977f,-0.17674415260748635f,-0.07833924635952313f,0.16314436167292715f,-0.006196014728548971f,-0.3762596044075494f,0.9264935614954687f,0.11768759981442639f,-0.1932282132676284f,0.9094999805443298f,0.3680660850815571f,-0.3606807910344104f,0f,0f,0f,1f], start_interpolation: 0, interpolation_duration: 1 }
$data merge entity $(bone_leg_left) { transformation: [-0.9383658529337499f,-0.12206195735336679f,0.3233734754351091f,0.12500000000000003f,0.08617944684946507f,0.8233996805938356f,0.5608797276945297f,0.375f,-0.33472769378800504f,0.5541785313101135f,-0.7621309116197357f,-0.18749999999999997f,0f,0f,0f,1f], start_interpolation: 0, interpolation_duration: 1 }