# This file was generated by Animated Java via MC-Build. It is not recommended to edit this file directly.
$data merge entity $(bone_hammer) { transformation: [-0.000019618729212726834f,-0.000005894839284592865f,0.0000037926391423779086f,0.5174867701400205f,0.000005912578947886217f,-0.000007862421027770623f,0.000018364409153165286f,1.139951251057452f,-0.0000037649239089906f,0.000018370111136535594f,0.00000907701176426581f,-0.8024050063225966f,0f,0f,0f,1f], start_interpolation: 0, interpolation_duration: 1 }
$data merge entity $(bone_hand_left) { transformation: [-0.941699002210888f,0.18204667883413952f,0.2829522856604575f,0.44067414072122224f,0.28380378949853835f,0.8814916393519335f,0.37739620933299f,1.011975160109249f,-0.18071634763154878f,0.43569656468475904f,-0.8817653345537082f,-0.36794360903580925f,0f,0f,0f,1f], start_interpolation: 0, interpolation_duration: 1 }
$data merge entity $(bone_lowerarm_left) { transformation: [-0.9475459058307826f,-0.07675913610807794f,0.3102656786808088f,0.40673221022343153f,0.10336950993854803f,0.8449680091366747f,0.5247321297106446f,1.3856094516493722f,-0.30244255778310325f,0.529279792321175f,-0.7927114233326452f,-0.1339027008687897f,0f,0f,0f,1f], start_interpolation: 0, interpolation_duration: 1 }
$data merge entity $(bone_arm_left) { transformation: [-0.9903151112654155f,-0.13732264925305174f,-0.02045654911002423f,0.33871458551527933f,-0.0203306068174762f,-0.002319783219734084f,0.9997906205962559f,1.3844604340233477f,-0.1373413514779897f,0.9905236537346984f,-0.0004945364117353579f,0.35671604637167814f,0f,0f,0f,1f], start_interpolation: 0, interpolation_duration: 1 }
$data merge entity $(bone_bread) { transformation: [1.764912669163199e-7f,-0.000009805814853138161f,0.0000019531630496907434f,0.2359359080857994f,0.00000880441573879336f,-7.733276533588704e-7f,-0.0000046780581269409444f,1.0711061825527746f,0.00000473826068628458f,0.0000018022095900658792f,0.00000861979850473806f,0.9382167057307043f,0f,0f,0f,1f], start_interpolation: 0, interpolation_duration: 1 }
$data merge entity $(bone_hand_right) { transformation: [0.01764912669163199f,-0.980581485313816f,0.19531630496907432f,-0.0018777595295051408f,0.880441573879336f,-0.07733276533588704f,-0.46780581269409444f,1.1676929650897696f,0.473826068628458f,0.1802209590065879f,0.8619798504738059f,0.8995066884934483f,0f,0f,0f,1f], start_interpolation: 0, interpolation_duration: 1 }
$data merge entity $(bone_lowerarm_right) { transformation: [0.01764912669163199f,-0.9989039797977096f,-0.04335144139839958f,-0.4435806130963048f,0.880441573879336f,0.03607427367982263f,-0.47278037370786746f,1.183644557982566f,0.473826068628458f,-0.02982425058185767f,0.8801132715539117f,0.8863187776892831f,0f,0f,0f,1f], start_interpolation: 0, interpolation_duration: 1 }
$data merge entity $(bone_arm_right) { transformation: [0.12556550767990482f,0.42055959146644994f,-0.8985337685956272f,-0.23527219044807882f,0.8803707016218866f,0.3703039697563389f,0.29634843969301305f,1.3670607430025026f,0.4573628002000977f,-0.8282539465696911f,-0.323750936654794f,0.4760742447789829f,0f,0f,0f,1f], start_interpolation: 0, interpolation_duration: 1 }
$data merge entity $(bone_uppertail) { transformation: [-0.980597971299959f,-0.025748291309540407f,-0.19433127431539038f,-0.1478681958953492f,-0.13780945940870268f,0.7955723017427065f,0.589977343291497f,1.1233277587579906f,0.13941367070659025f,0.6053112738041899f,-0.7836849432174025f,-0.7268019898241647f,0f,0f,0f,1f], start_interpolation: 0, interpolation_duration: 1 }
$data merge entity $(bone_middletail) { transformation: [-0.980597971299959f,-0.05910238855701207f,-0.1869078017345997f,-0.07701609788782325f,-0.13780945940870268f,0.8859342613653305f,0.4428645813751054f,0.9554632646459029f,0.13941367070659025f,0.46002977317334837f,-0.8768902076167757f,-0.3943804407311826f,0f,0f,0f,1f], start_interpolation: 0, interpolation_duration: 1 }
$data merge entity $(bone_tail) { transformation: [-0.9820670476283334f,-0.07113240976932766f,-0.17459809346890606f,-0.022454193678790105f,-0.12321235663761382f,0.9431103046060475f,0.30880684661725666f,0.8589611250780103f,0.1426990859619425f,0.3247816707055633f,-0.9349619442733106f,-0.10220483314577308f,0f,0f,0f,1f], start_interpolation: 0, interpolation_duration: 1 }
$data merge entity $(bone_hair) { transformation: [-0.6110757992985867f,0.1705098926905562f,-0.4226078995327057f,0.32215971364742774f,0.10144040695242607f,0.6697466931504595f,0.25213055757678443f,1.7455807910879853f,0.32603099752771886f,0.11120136468892425f,-0.8705358954049937f,0.7679795705445829f,0f,0f,0f,1f], start_interpolation: 0, interpolation_duration: 1 }
$data merge entity $(bone_ear_left) { transformation: [-0.24986164659663584f,0.7321700332610902f,-0.787633305584275f,0.1941230527555149f,0.35107195634047583f,1.0540121725372111f,0.468387182320389f,1.8126113919272826f,0.9023955003385649f,-0.20732916470637283f,-0.40030890993375934f,0.4155189660680448f,0f,0f,0f,1f], start_interpolation: 0, interpolation_duration: 1 }
$data merge entity $(bone_ear_right) { transformation: [-0.8145312665159343f,-0.6001932860840056f,0.3512602991027432f,-0.1035773517018025f,-0.4158838250667388f,1.1529217066843669f,0.20128320108637412f,1.8074730711131874f,-0.4044495764811805f,0.023228379101629393f,-0.9143857365656319f,0.5635449200274694f,0f,0f,0f,1f], start_interpolation: 0, interpolation_duration: 1 }
$data merge entity $(bone_head) { transformation: [-0.902001309953256f,0.08829609331768132f,-0.4226078995327057f,0.0575784855811753f,-0.023429990755096254f,0.9674095396827735f,0.25213055757678443f,1.4676449676504202f,0.4310970567932774f,0.23732379239258639f,-0.8705358954049937f,0.48923805239945833f,0f,0f,0f,1f], start_interpolation: 0, interpolation_duration: 1 }
$data merge entity $(bone_body) { transformation: [-0.9543436427617471f,0.08117791926208932f,-0.28746887995836395f,-0.020345668037658315f,-0.1088668748519648f,0.8016513702972811f,0.5877951038078304f,0.7223343750000008f,0.2781658050160105f,0.5922543591437459f,-0.7562133025774047f,-0.06980282478776463f,0f,0f,0f,1f], start_interpolation: 0, interpolation_duration: 1 }
$data merge entity $(bone_shoe_right) { transformation: [-0.9971908301954417f,0.07558689522570126f,0.04465808516333908f,-0.1851386695178614f,0.07776540339354793f,0.8950468430939741f,0.5351248116232268f,0.4234292075742721f,-0.0012004431500250226f,0.5357299256191854f,-0.8484573397018083f,0.33799827394908577f,0f,0f,0f,1f], start_interpolation: 0, interpolation_duration: 1 }
$data merge entity $(bone_lowerleg_right) { transformation: [-0.9894861822496637f,0.15019485966412324f,0.021351215273407075f,-0.11689339815350724f,0.14366732690123668f,1.002923277598429f,0.2588811923344806f,0.87366079242583f,0.0166371367139459f,0.2721881764178948f,-0.9656731609928002f,0.45525085594784215f,0f,0f,0f,1f], start_interpolation: 0, interpolation_duration: 1 }
$data merge entity $(bone_leg_right) { transformation: [-0.9894861822496637f,-0.05303066691637967f,-0.1345542400052459f,-0.14126313305933275f,0.14366732690123668f,-0.25338482401844287f,-0.9566377737358044f,0.7500000000000007f,0.0166371367139459f,-0.9659109065144398f,0.258339556317678f,0.0737248413919029f,0f,0f,0f,1f], start_interpolation: 0, interpolation_duration: 1 }
$data merge entity $(bone_shoe_left) { transformation: [-0.9892574034363217f,0.09665824678068166f,-0.10966755707916234f,0.12999252622170798f,-0.14284762409740628f,-0.47981126559119924f,0.8656648922657645f,0.5409199063171084f,0.031053921429548575f,0.8720311535381383f,0.48846424764028623f,-0.7927454634132016f,0f,0f,0f,1f], start_interpolation: 0, interpolation_duration: 1 }
$data merge entity $(bone_lowerleg_left) { transformation: [-0.9873129796160623f,0.020482088812695f,-0.15745972284848467f,0.13711167491834414f,-0.1587061876857509f,-0.09579991940573573f,0.9826671468163112f,0.5033919189798927f,0.005042447015875022f,0.9951898610213645f,0.09783513810675948f,-0.36066607087400004f,0f,0f,0f,1f], start_interpolation: 0, interpolation_duration: 1 }
$data merge entity $(bone_leg_left) { transformation: [-0.9941420960532008f,-0.10063929162775284f,-0.03941098622988995f,0.1025169184213041f,-0.09409455640545536f,0.6264962356948598f,0.77372390496548f,0.7187500000000008f,-0.0531761911931366f,0.7728998639156528f,-0.6322958904258006f,-0.09498174265299433f,0f,0f,0f,1f], start_interpolation: 0, interpolation_duration: 1 }