# This file was generated by Animated Java via MC-Build. It is not recommended to edit this file directly.
$data merge entity $(bone_hammer) { transformation: [-0.000010568322305636764f,0.0000026939995635341404f,0.000017750512887622046f,0.019878584734576654f,0.000006541922558841582f,-0.00001860360130493134f,0.000006718410935560191f,2.0362353230695884f,0.00001671949732067558f,0.000008981991016284363f,0.00000859127606965851f,-0.4364595516410328f,0f,0f,0f,1f], start_interpolation: 0, interpolation_duration: 1 }
$data merge entity $(bone_hand_left) { transformation: [-0.5072794706705646f,0.8520246186058581f,-0.12931197904963854f,0.15328399140780924f,0.31401228282439586f,0.32248372490688887f,0.8929728626367042f,1.6384167054739758f,0.8025358713924278f,0.41238125134360853f,-0.43113556878164927f,-0.2494351933620506f,0f,0f,0f,1f], start_interpolation: 0, interpolation_duration: 1 }
$data merge entity $(bone_lowerarm_left) { transformation: [-0.8357914195868922f,0.5277896930773102f,-0.15129686984959892f,0.3866659963154323f,0.12411429464073426f,0.45004871155224313f,0.8843369262311731f,1.8374226201134833f,0.5348348762101819f,0.7203431106851268f,-0.44165309698644095f,0.06909152589402884f,0f,0f,0f,1f], start_interpolation: 0, interpolation_duration: 1 }
$data merge entity $(bone_arm_left) { transformation: [-0.8897574033129376f,0.38404809793874506f,0.24665526898781384f,0.576889819825717f,0.10261263431401368f,-0.3582562803360016f,0.9279671787724775f,1.6599738062595575f,0.4447498291500033f,0.8509756142625031f,0.2793529906795317f,0.49059038483342493f,0f,0f,0f,1f], start_interpolation: 0, interpolation_duration: 1 }
$data merge entity $(bone_bread) { transformation: [0.0000034067569062515598f,-0.000008685130604888752f,0.0000036003491160902682f,0.7036263476588427f,0.000008996054491772682f,0.0000018983985916764674f,-0.000003932821680190618f,1.29065932848363f,0.00000273221722466642f,0.000004578710425779891f,0.00000845992907027539f,1.2042570252807536f,0f,0f,0f,1f], start_interpolation: 0, interpolation_duration: 1 }
$data merge entity $(bone_hand_right) { transformation: [0.34067569062515596f,-0.8685130604888751f,0.3600349116090268f,0.4899269823898451f,0.899605449177268f,0.18983985916764673f,-0.39328216801906174f,1.4375724092525148f,0.273221722466642f,0.4578710425779891f,0.8459929070275389f,1.2157435601204114f,0f,0f,0f,1f], start_interpolation: 0, interpolation_duration: 1 }
$data merge entity $(bone_lowerarm_right) { transformation: [0.34067569062515596f,-0.9158190761097904f,0.212639351133515f,0.08496323467254717f,0.899605449177268f,0.2518007550956521f,-0.35680024599742766f,1.5489155556463734f,0.273221722466642f,0.3128446892096279f,0.9096582274710059f,1.3540795711302938f,0f,0f,0f,1f], start_interpolation: 0, interpolation_duration: 1 }
$data merge entity $(bone_arm_right) { transformation: [0.5226045472915568f,0.005148411085166504f,-0.8525596641957001f,0.0875133070381687f,0.8412351918421824f,0.159440509861808f,0.5166256631462021f,1.6278884331873003f,0.13859234883799784f,-0.9871941134742979f,0.07899331088935269f,0.8651099868000555f,0f,0f,0f,1f], start_interpolation: 0, interpolation_duration: 1 }
$data merge entity $(bone_uppertail) { transformation: [-0.9481030080774914f,-0.19240036724576728f,-0.2531457776817669f,-0.14861373809129053f,-0.16594427157876696f,0.9785327729820346f,-0.12221338277898419f,1.1966599126376254f,0.2712253395326571f,-0.07386278415943943f,-0.9596776043607618f,-0.6012882163242035f,0f,0f,0f,1f], start_interpolation: 0, interpolation_duration: 1 }
$data merge entity $(bone_middletail) { transformation: [-0.9481030080774914f,-0.18579126162203669f,-0.25803544946248097f,-0.05080093707043532f,-0.16594427157876696f,0.9813653684418913f,-0.09687369278139199f,1.233401927143325f,0.2712253395326571f,-0.049026734827061304f,-0.9612664534184014f,-0.2368910774722764f,0f,0f,0f,1f], start_interpolation: 0, interpolation_duration: 1 }
$data merge entity $(bone_tail) { transformation: [-0.9476362871626932f,-0.18223621590775577f,-0.262250698500743f,0.03115240621104686f,-0.16810098398646356f,0.9828695953529129f,-0.07556068894328682f,1.2570146424381021f,0.2715281319408516f,-0.027519450256559164f,-0.9620369813173962f,0.06374547918940993f,0f,0f,0f,1f], start_interpolation: 0, interpolation_duration: 1 }
$data merge entity $(bone_hair) { transformation: [-0.3403624913823674f,0.25740596865771903f,-0.7926905124249366f,0.7253715451896985f,0.02447592566507524f,0.6402244171890114f,0.40283086210586677f,1.9323681541887803f,0.6111908895940985f,0.11770668177453658f,-0.45756862659773284f,0.8624436084609701f,0f,0f,0f,1f], start_interpolation: 0, interpolation_duration: 1 }
$data merge entity $(bone_ear_left) { transformation: [0.2700436309866625f,-0.8506853283034945f,-0.7063087023741401f,0.43456905056171413f,0.9007557459275576f,0.560113415170907f,-0.054788554214517435f,2.061427709754268f,0.3401698451392017f,-0.8078412185292093f,0.7057805829559505f,0.645338034099155f,0f,0f,0f,1f], start_interpolation: 0, interpolation_duration: 1 }
$data merge entity $(bone_ear_right) { transformation: [-0.30124728928902306f,-1.1941744110172887f,0.25579681233328444f,0.2580948149422594f,-0.907671929227482f,0.4659829459082975f,0.21828055145279207f,2.021724884431871f,-0.2922015393328332f,-0.21635011022446315f,-0.9417651467630324f,0.9258649243817172f,0f,0f,0f,1f], start_interpolation: 0, interpolation_duration: 1 }
$data merge entity $(bone_head) { transformation: [-0.5426995681798717f,0.277702953187164f,-0.7926905124249366f,0.33257255409096664f,-0.12438531712232542f,0.9067830994341606f,0.40283086210586677f,1.7063989370148493f,0.8306656797904675f,0.3172151956822138f,-0.45756862659773284f,0.7224605822955397f,0f,0f,0f,1f], start_interpolation: 0, interpolation_duration: 1 }
$data merge entity $(bone_body) { transformation: [-0.7976659207677533f,0.3084710963173032f,-0.5182418948546454f,0.040521739951206996f,-0.2321880538047612f,0.6359914748635009f,0.7359371926810779f,1.117010300925926f,0.5566127796916719f,0.7073615953935795f,-0.4356854218885002f,0.05807055135743698f,0f,0f,0f,1f], start_interpolation: 0, interpolation_duration: 1 }
$data merge entity $(bone_shoe_right) { transformation: [-0.960915858451355f,0.27164708725236403f,0.05337202416998857f,-0.10498453177028567f,0.15471002852492408f,0.36705005352381403f,0.9172453680896854f,0.650561747264672f,0.229576828209017f,0.889652807670201f,-0.3947307458939774f,0.23744118080043114f,0f,0f,0f,1f], start_interpolation: 0, interpolation_duration: 1 }
$data merge entity $(bone_lowerleg_right) { transformation: [-0.9633275502380367f,0.2440570866514133f,-0.11151757443384112f,0.002386855573102753f,0.14669807988982803f,0.8270156821897738f,0.5427013310918083f,1.0143113776736317f,0.22467688868466285f,0.506439729748178f,-0.8324896971275814f,0.45439415036887676f,0f,0f,0f,1f], start_interpolation: 0, interpolation_duration: 1 }
$data merge entity $(bone_leg_right) { transformation: [-0.9633275502380367f,-0.1405771887152737f,-0.2285565246613911f,-0.06029802238357837f,0.14669807988982803f,0.4372948016050989f,-0.8872727482830715f,1.1087962962962963f,0.22467688868466285f,-0.8882630863106198f,-0.4006357263012277f,0.12393369894399532f,0f,0f,0f,1f], start_interpolation: 0, interpolation_duration: 1 }
$data merge entity $(bone_shoe_left) { transformation: [-0.9262782923905885f,0.3208057279731453f,-0.1977175003523859f,0.010747732283816896f,-0.28588079358906404f,-0.2563730834918228f,0.9233336417123454f,0.8998496385139846f,0.24552127586598751f,0.9117875448592809f,0.3291850180925956f,-0.7794074737782835f,0f,0f,0f,1f], start_interpolation: 0, interpolation_duration: 1 }
$data merge entity $(bone_lowerleg_left) { transformation: [-0.9262782923905885f,0.19326237445779407f,-0.32350916473094055f,0.09239469369230319f,-0.28588079358906404f,0.19894232622137759f,0.9373868586098879f,0.9909093982483963f,0.24552127586598751f,0.9607661554491616f,-0.12902595723564803f,-0.35994008136602684f,0f,0f,0f,1f], start_interpolation: 0, interpolation_duration: 1 }
$data merge entity $(bone_leg_left) { transformation: [-0.9216417521122108f,0.14877143567953632f,-0.35839020730118126f,0.14887273871879383f,-0.29732745252178516f,0.3227264631505662f,0.8985788868870845f,1.113425925925926f,0.24934487510361963f,0.9347270670672676f,-0.2532043509724595f,-0.005089991090490062f,0f,0f,0f,1f], start_interpolation: 0, interpolation_duration: 1 }