# This file was generated by Animated Java via MC-Build. It is not recommended to edit this file directly.
$data merge entity $(bone_hammer) { transformation: [-0.000016670601191295732f,-0.000012230459439849299f,-0.0000025563050656657514f,0.8186163146202068f,-0.0000034444010102186104f,4.0119528959922544e-7f,0.00002054270969950621f,0.8246145231990158f,-0.000012010617610237714f,0.000016860684505902556f,-0.000002343109129093905f,-0.528623662189362f,0f,0f,0f,1f], start_interpolation: 0, interpolation_duration: 1 }
$data merge entity $(bone_hand_left) { transformation: [-0.800188857182195f,-0.12270264315195617f,0.5870620531127663f,0.5789429330367306f,-0.16533124849049327f,0.9860500655762977f,-0.019257373900762598f,0.9019952279071635f,-0.5765096452914101f,-0.11246923819650725f,-0.8093128562833225f,-0.14443144164837826f,0f,0f,0f,1f], start_interpolation: 0, interpolation_duration: 1 }
$data merge entity $(bone_lowerarm_left) { transformation: [-0.800188857182195f,-0.23236667285431034f,0.5529046230481987f,0.4761932948839652f,-0.16533124849049327f,0.9716381033996229f,0.16907091498705087f,1.3316414517541841f,-0.5765096452914101f,0.043876250621512125f,-0.8159114556846047f,-0.12502991207667838f,0f,0f,0f,1f], start_interpolation: 0, interpolation_duration: 1 }
$data merge entity $(bone_arm_left) { transformation: [-0.8271022530214531f,-0.28168554366832926f,0.4863693221566446f,0.33667092403574583f,-0.1251865028649511f,0.9359360219776328f,0.3291688051215177f,1.7952222626399803f,-0.5479326624205567f,0.21136938579879985f,-0.8093780205810869f,-0.02033601317321032f,0f,0f,0f,1f], start_interpolation: 0, interpolation_duration: 1 }
$data merge entity $(bone_bread) { transformation: [-0.000008456304567195855f,1.4087103340507586e-7f,-0.000005335828747136655f,-0.5268129182173169f,0.00000207971559195356f,0.000009293469051892534f,-0.0000030506091257486624f,0.6223439133216393f,0.000004915861686765384f,-0.0000036893886124211896f,-0.00000788813764732393f,0.009420643782626137f,0f,0f,0f,1f], start_interpolation: 0, interpolation_duration: 1 }
$data merge entity $(bone_hand_right) { transformation: [-0.8456304567195855f,0.014087103340507584f,-0.5335828747136655f,-0.5098854085673468f,0.207971559195356f,0.9293469051892532f,-0.3050609125748662f,0.8767693853533565f,0.49158616867653837f,-0.36893886124211894f,-0.7888137647323928f,0.05804112401974537f,0f,0f,0f,1f], start_interpolation: 0, interpolation_duration: 1 }
$data merge entity $(bone_lowerarm_right) { transformation: [-0.8456304567195855f,0.12385723885187834f,-0.5191998796727655f,-0.45511728576253185f,0.207971559195356f,0.97228856961456f,-0.106783743906672f,1.3067032372297946f,0.49158616867653837f,-0.19827839463961258f,-0.8479556102680496f,-0.0296351036099583f,0f,0f,0f,1f], start_interpolation: 0, interpolation_duration: 1 }
$data merge entity $(bone_arm_right) { transformation: [-0.8456304567195855f,0.23944506493208154f,-0.4770484163561354f,-0.3365171520383602f,0.207971559195356f,0.9709092443239682f,0.11867211067522812f,1.7876067223090102f,0.49158616867653837f,0.0011402481889094956f,-0.8708281912065031f,-0.029070324428889065f,0f,0f,0f,1f], start_interpolation: 0, interpolation_duration: 1 }
$data merge entity $(bone_uppertail) { transformation: [-0.999461056149005f,-0.02749415785391641f,-0.017935119888623893f,0.006643159403912977f,0.006580030215881264f,0.36747336425715277f,-0.9300107686279167f,0.5010358649340818f,0.032160541722326054f,-0.929627558673598f,-0.3670944043576431f,-0.46384452997497716f,0f,0f,0f,1f], start_interpolation: 0, interpolation_duration: 1 }
$data merge entity $(bone_middletail) { transformation: [-0.999461056149005f,-0.0263437257934691f,-0.01958584572679711f,0.014067275874647138f,0.006580030215881264f,0.42375973251604715f,-0.9057507340876332f,0.844397195745257f,0.032160541722326054f,-0.9053914607556482f,-0.42335800730218853f,-0.3033749893289065f,0f,0f,0f,1f], start_interpolation: 0, interpolation_duration: 1 }
$data merge entity $(bone_tail) { transformation: [-0.9996270809533198f,-0.008781470256631634f,-0.02585700688163613f,0.02214759052515843f,0.012624245603030106f,0.6910142096646726f,-0.7227309253549776f,1.0702506099186875f,0.02421419929916038f,-0.7227878304327209f,-0.6906456578670865f,-0.08754822124544193f,0f,0f,0f,1f], start_interpolation: 0, interpolation_duration: 1 }
$data merge entity $(bone_hair) { transformation: [-0.6893663180626224f,0.12152914683869138f,0.0031121845608417433f,0.12420495135202185f,0.1215461266264644f,0.6893223381816196f,0.011180630657276064f,2.275885838741125f,-0.0007865258334348916f,0.008085824168541466f,-0.9999326516347814f,0.25564052590727404f,0f,0f,0f,1f], start_interpolation: 0, interpolation_duration: 1 }
$data merge entity $(bone_ear_left) { transformation: [-0.3855568624689885f,-0.08775111132675568f,-0.9202116823836399f,0.14481523040780941f,-0.010329555824825568f,1.2968458160038183f,-0.06884768790990192f,2.3307085874393483f,0.9226262548180229f,-0.022151116773431657f,-0.38531864148277506f,0.010688624694253704f,0f,0f,0f,1f], start_interpolation: 0, interpolation_duration: 1 }
$data merge entity $(bone_ear_right) { transformation: [-0.3797632609124244f,-0.037484125457727606f,0.9246342354746844f,-0.145573195463739f,0.004604280597538055f,1.2992756849406841f,0.033057843658479344f,2.3311220571044524f,-0.9250722492115637f,0.021854858969700554f,-0.3794189103890287f,0.010259410473872903f,0f,0f,0f,1f], start_interpolation: 0, interpolation_duration: 1 }
$data merge entity $(bone_head) { transformation: [-0.9999951565364371f,-0.00003479836119072734f,0.0031121845608417433f,0.00010311016085150678f,0f,0.9999374947956026f,0.011180630657276064f,1.9206966775636602f,-0.003112379100733597f,0.01118057650429885f,-0.9999326516347814f,-0.03312888889945846f,0f,0f,0f,1f], start_interpolation: 0, interpolation_duration: 1 }
$data merge entity $(bone_body) { transformation: [-0.9999951565364371f,0.00021270999894975123f,0.0031051019505050187f,-0.00007381473894254834f,0f,0.9976618689455719f,-0.06834321657654585f,0.987500375f,-0.003112379100733597f,-0.06834288555866659f,-0.9976570368066615f,0.02371638512999641f,0f,0f,0f,1f], start_interpolation: 0, interpolation_duration: 1 }
$data merge entity $(bone_shoe_right) { transformation: [-0.9183147826727586f,-0.001478057953659084f,0.3958554112007539f,-0.17705213817901672f,-0.0016018043206408455f,1.0114258054084482f,0.0009774848767880335f,0.2537759122206879f,-0.3958555444798861f,0.0002911631480311868f,-0.91831277066437f,0.15959475995677327f,0f,0f,0f,1f], start_interpolation: 0, interpolation_duration: 1 }
$data merge entity $(bone_lowerleg_right) { transformation: [-0.957350769877319f,0.015969070590262632f,0.2884964878596202f,-0.16721006764399626f,0.015505432114138608f,1.011303411557066f,-0.003266871268875482f,0.7164426007341185f,-0.28851184549383474f,0.0013611031124545758f,-0.9574753803857187f,0.15597370629818885f,0f,0f,0f,1f], start_interpolation: 0, interpolation_duration: 1 }
$data merge entity $(bone_leg_right) { transformation: [-0.957350769877319f,0.09470958230065056f,0.2729644636866507f,-0.13231564882285116f,0.015505432114138608f,0.9602280792660609f,-0.27878597052930265f,0.99106f,-0.28851184549383474f,-0.26266353155595784f,-0.920743603942104f,0.054944449661343674f,0f,0f,0f,1f], start_interpolation: 0, interpolation_duration: 1 }
$data merge entity $(bone_shoe_left) { transformation: [-0.975057404327704f,0.0005106569490151772f,-0.23674905757194964f,0.09000436514104501f,0.0014481215079833049f,0.9999907055437764f,-0.004331739789324468f,0.2466291365493662f,0.22194810476735f,-0.004281127835124826f,-1.0400523532721655f,-0.08408363277442915f,0f,0f,0f,1f], start_interpolation: 0, interpolation_duration: 1 }
$data merge entity $(bone_lowerleg_left) { transformation: [-0.9911993805276332f,0.039297103342530976f,-0.1264101487639444f,0.1181104165967699f,0.009817886815051935f,0.9741150294202187f,0.22583958589258316f,0.6182099286718525f,0.13201286732785916f,0.22261097710250738f,-0.9659280282367545f,0.008137018732601607f,0f,0f,0f,1f], start_interpolation: 0, interpolation_duration: 1 }
$data merge entity $(bone_leg_left) { transformation: [-0.9936289555144954f,0.018498260513219292f,-0.11117244767098572f,0.12489381021844136f,0.010398283617583111f,0.9972775510301459f,0.0730024787875252f,0.983916f,0.1122202052260701f,0.07138137410627393f,-0.9911162015473862f,0.03431288307793379f,0f,0f,0f,1f], start_interpolation: 0, interpolation_duration: 1 }