# This file was generated by Animated Java via MC-Build. It is not recommended to edit this file directly.
$data merge entity $(bone_hammer) { transformation: [-0.000011770886301433597f,0.0000026580841855220032f,0.000016982597031054428f,0.03411063745330942f,0.0000068502776467212755f,-0.000018152290981762758f,0.000007589190078923005f,1.9828054219615225f,0.00001576539595504444f,0.000009872015921475731f,0.000009382077051728785f,-0.4783770836183674f,0f,0f,0f,1f], start_interpolation: 0, interpolation_duration: 1 }
$data merge entity $(bone_hand_left) { transformation: [-0.5650025424688125f,0.8151646574906124f,-0.12758804090505593f,0.1668843676365007f,0.3288133270426212f,0.36428112378830396f,0.8713099671246123f,1.5967860969456402f,0.756739005842133f,0.45033969848298167f,-0.4738567642308349f,-0.2676759139193746f,0f,0f,0f,1f], start_interpolation: 0, interpolation_duration: 1 }
$data merge entity $(bone_lowerarm_left) { transformation: [-0.8637869167134962f,0.4845577156323564f,-0.1381158308657771f,0.38114973251768325f,0.13154311708738753f,0.48148324235346396f,0.866527723549414f,1.8096919681738126f,0.48638315232080714f,0.7303271236603142f,-0.4796391576847397f,0.055265611074170495f,0f,0f,0f,1f], start_interpolation: 0, interpolation_duration: 1 }
$data merge entity $(bone_arm_left) { transformation: [-0.9078110074915415f,0.35558156407567587f,0.22235315596296001f,0.5572737259739164f,0.09783676369934957f,-0.3360008029001482f,0.9367664746986271f,1.643266570487333f,0.4078077271779314f,0.8721612303582129f,0.27023627793843336f,0.48725797048597286f,0f,0f,0f,1f], start_interpolation: 0, interpolation_duration: 1 }
$data merge entity $(bone_bread) { transformation: [0.000003281322637983767f,-0.000008805456377843158f,0.0000034200672103566177f,0.6624885606515951f,0.000008979976933952949f,0.000001784190082657466f,-0.000004022024367730722f,1.2747860058107041f,0.0000029313710121934842f,0.000004390968426992844f,0.000008492729847465051f,1.1970249907515762f,0f,0f,0f,1f], start_interpolation: 0, interpolation_duration: 1 }
$data merge entity $(bone_hand_right) { transformation: [0.3281322637983767f,-0.8805456377843157f,0.34200672103566176f,0.44762662874421694f,0.8979976933952948f,0.17841900826574658f,-0.4022024367730722f,1.420215324302676f,0.2931371012193484f,0.4390968426992844f,0.849272984746505f,1.2052393708249407f,0f,0f,0f,1f], start_interpolation: 0, interpolation_duration: 1 }
$data merge entity $(bone_lowerarm_right) { transformation: [0.3281322637983767f,-0.9256545291296941f,0.18839562138286686f,0.038313766644680336f,0.8979976933952948f,0.24377716105372443f,-0.3662961075486828f,1.5280105377061197f,0.2931371012193484f,0.289372404438071f,0.9112267837582733f,1.3331962309124001f,0f,0f,0f,1f], start_interpolation: 0, interpolation_duration: 1 }
$data merge entity $(bone_arm_right) { transformation: [0.5087685782922805f,0.041159404226566665f,-0.8599188550009622f,0.058700534050651634f,0.8441683335266114f,0.17213831098658217f,0.5076891042376136f,1.6132727948666612f,0.1689211603481208f,-0.9842125305717262f,0.05283309807538916f,0.8457034618635919f,0f,0f,0f,1f], start_interpolation: 0, interpolation_duration: 1 }
$data merge entity $(bone_uppertail) { transformation: [-0.9503996093495124f,-0.1809387004053945f,-0.2529857095645942f,-0.15270067503107065f,-0.16722782879279716f,0.9830709923739148f,-0.0748750774972114f,1.1919402521923617f,0.2622507117731834f,-0.028854993477271856f,-0.9645682731283903f,-0.6129332729144481f,0f,0f,0f,1f], start_interpolation: 0, interpolation_duration: 1 }
$data merge entity $(bone_middletail) { transformation: [-0.9503996093495124f,-0.177652978893351f,-0.25530374387895866f,-0.0559232546982212f,-0.16722782879279716f,0.983956822341701f,-0.062159673780268494f,1.2155228831920109f,0.2622507117731834f,-0.01638263890650962f,-0.9648607015092476f,-0.24717298952407438f,0f,0f,0f,1f], start_interpolation: 0, interpolation_duration: 1 }
$data merge entity $(bone_tail) { transformation: [-0.9501732688351306f,-0.17591912863098258f,-0.25733872497717547f,0.024495096857146133f,-0.1683107811679745f,0.9843886695614992f,-0.051482309403987014f,1.2316111048807568f,0.2623780481171945f,-0.00560423238788893f,-0.9649488859237848f,0.054373537327108395f,0f,0f,0f,1f], start_interpolation: 0, interpolation_duration: 1 }
$data merge entity $(bone_hair) { transformation: [-0.3628597271764067f,0.25145164103172396f,-0.7760508223099782f,0.6961338093028002f,0.031053670308239897f,0.6422992711218025f,0.39509057570872735f,1.9207911918466973f,0.5978030511413025f,0.1192632321331857f,-0.49157762172230035f,0.8644782802202623f,0f,0f,0f,1f], start_interpolation: 0, interpolation_duration: 1 }
$data merge entity $(bone_ear_left) { transformation: [0.2551180419384582f,-0.7500249613368404f,-0.7759203519625699f,0.4133041009350316f,0.8800150142646583f,0.6123341567435336f,-0.060891899925810705f,2.046409671491691f,0.40060998408209936f,-0.8674730185180723f,0.6278851677924127f,0.6351648619040262f,0f,0f,0f,1f], start_interpolation: 0, interpolation_duration: 1 }
$data merge entity $(bone_ear_right) { transformation: [-0.346178742642852f,-1.1876278622001655f,0.21346802621631744f,0.2266300795146965f,-0.8980664478215978f,0.5050539920842632f,0.20625716775329614f,2.0096761200076325f,-0.27136126001939026f,-0.15639861254376342f,-0.9549289934511875f,0.9094243417215605f,0f,0f,0f,1f], start_interpolation: 0, interpolation_duration: 1 }
$data merge entity $(bone_head) { transformation: [-0.5728731311653399f,0.26374513603254557f,-0.7760508223099782f,0.30929768543921815f,-0.11564600381151281f,0.9113338788767671f,0.39509057570872735f,1.6920821499045093f,0.8114446237367321f,0.31608395155496277f,-0.49157762172230035f,0.712826146898972f,0f,0f,0f,1f], start_interpolation: 0, interpolation_duration: 1 }
$data merge entity $(bone_body) { transformation: [-0.810717045195462f,0.29046075095057566f,-0.5083015097230845f,0.03415496074730066f,-0.22432115680526754f,0.6478537249112108f,0.7279873417362528f,1.0915473379629628f,0.5407567764153178f,0.70421452929906f,-0.4600695659191305f,0.05120603210814283f,0f,0f,0f,1f], start_interpolation: 0, interpolation_duration: 1 }
$data merge entity $(bone_shoe_right) { transformation: [-0.9651814155923901f,0.25758705715586727f,0.04553836822779171f,-0.10828512583879762f,0.15063823327300285f,0.4050124723781115f,0.9018165112119858f,0.6343930090659127f,0.21385265411366378f,0.8772763562321451f,-0.42971297062643127f,0.2482865353437501f,0f,0f,0f,1f], start_interpolation: 0, interpolation_duration: 1 }
$data merge entity $(bone_lowerleg_right) { transformation: [-0.9663316548356977f,0.23491234545878414f,-0.10497296229770256f,-0.004873570427729533f,0.146577697519211f,0.8379042165912359f,0.5257675364727206f,1.0028183912558286f,0.2114665728962114f,0.492679118463204f,-0.844126278928604f,0.45918885257365527f,0f,0f,0f,1f], start_interpolation: 0, interpolation_duration: 1 }
$data merge entity $(bone_leg_right) { transformation: [-0.9663316548356977f,-0.1386122500713724f,-0.21677125499625946f,-0.06609842066098967f,0.146577697519211f,0.39584932323213773f,-0.9065419416037104f,1.085648148148148f,0.2114665728962114f,-0.9077940060535814f,-0.3622042671210838f,0.12199841666810587f,0f,0f,0f,1f], start_interpolation: 0, interpolation_duration: 1 }
$data merge entity $(bone_shoe_left) { transformation: [-0.9324645914922266f,0.30667571969305973f,-0.1909444646068032f,0.01838609699007751f,-0.2788296910539273f,-0.2748811021220996f,0.9201599768969042f,0.8750211615461638f,0.22970369827237513f,0.9112575830394408f,0.34182719077497326f,-0.7826055594948267f,0f,0f,0f,1f], start_interpolation: 0, interpolation_duration: 1 }
$data merge entity $(bone_lowerleg_left) { transformation: [-0.9324645914922266f,0.1838563439033743f,-0.3109768969227763f,0.09597573730219555f,-0.2788296910539273f,0.18106007786825493f,0.9431178354739734f,0.958305079945336f,0.22970369827237513f,0.9661335792781582f,-0.11756750397609056f,-0.36075886210395963f,0f,0f,0f,1f], start_interpolation: 0, interpolation_duration: 1 }
$data merge entity $(bone_leg_left) { transformation: [-0.9302237982005794f,0.12677246367584322f,-0.34440155010517104f,0.14380886595766418f,-0.2845173762369563f,0.34363316235346497f,0.8949671012669658f,1.0879629629629628f,0.23180497811851647f,0.9305079216129833f,-0.2835867767279708f,-0.00966443797683856f,0f,0f,0f,1f], start_interpolation: 0, interpolation_duration: 1 }