# This file was generated by Animated Java via MC-Build. It is not recommended to edit this file directly.
$data merge entity $(bone_hammer) { transformation: [-0.000016463581036933968f,-0.000012173180461642903f,-0.000003846031027742966f,0.8693968688553044f,-0.000004034582637813282f,-9.933470933119427e-7f,0.00002041477852607376f,0.8511956731641328f,-0.00001211199488757908f,0.000016877639549956686f,-0.0000015724633041104792f,-0.5897019574226596f,0f,0f,0f,1f], start_interpolation: 0, interpolation_duration: 1 }
$data merge entity $(bone_hand_left) { transformation: [-0.7902518897728303f,-0.18460948933166246f,0.5843126621588592f,0.6266778060466878f,-0.1936599666150375f,0.9799093692515403f,0.04768066047897346f,0.8990652580439583f,-0.5813757546037958f,-0.07547823859730281f,-0.8101266983979207f,-0.20262221755277193f,0f,0f,0f,1f], start_interpolation: 0, interpolation_duration: 1 }
$data merge entity $(bone_lowerarm_left) { transformation: [-0.7902518897728303f,-0.28751809574797643f,0.5411425831774171f,0.49954089808312946f,-0.1936599666150375f,0.9550123262621008f,0.22460470613527564f,1.321359771062981f,-0.5813757546037958f,0.07269663888315908f,-0.8103810404087441f,-0.17047667254662502f,0f,0f,0f,1f], start_interpolation: 0, interpolation_duration: 1 }
$data merge entity $(bone_arm_left) { transformation: [-0.8291142751502865f,-0.33335155703149244f,0.4488276486210433f,0.33442770499096836f,-0.14477219885462506f,0.9034290785173867f,0.40355533762796714f,1.768839486516124f,-0.540009749153487f,0.26961572564282166f,-0.7973059834876963f,-0.03693263343916488f,0f,0f,0f,1f], start_interpolation: 0, interpolation_duration: 1 }
$data merge entity $(bone_bread) { transformation: [-0.000008490853004343582f,4.461623758386624e-7f,-0.000005263682588551059f,-0.5633112715721698f,0.000002560335395531241f,0.00000906325551538916f,-0.0000033618569459686757f,0.6047845179594953f,0.000004620616616970019f,-0.000004202182599216024f,-0.000007809709564498964f,0.033942022419652496f,0f,0f,0f,1f], start_interpolation: 0, interpolation_duration: 1 }
$data merge entity $(bone_hand_right) { transformation: [-0.849085300434358f,0.044616237583866236f,-0.5263682588551059f,-0.5408232685209582f,0.2560335395531241f,0.9063255515389159f,-0.33618569459686753f,0.8610685404053118f,0.46206166169700186f,-0.4202182599216024f,-0.7809709564498962f,0.06851950147410162f,0f,0f,0f,1f], start_interpolation: 0, interpolation_duration: 1 }
$data merge entity $(bone_lowerarm_right) { transformation: [-0.849085300434358f,0.1503252824085495f,-0.506415305905228f,-0.4743513077059277f,0.2560335395531241f,0.9556387427244907f,-0.14560707409962378f,1.2836400469537974f,0.46206166169700186f,-0.2532921295120405f,-0.8499071231123204f,-0.04348311204450378f,0f,0f,0f,1f], start_interpolation: 0, interpolation_duration: 1 }
$data merge entity $(bone_arm_right) { transformation: [-0.849085300434358f,0.28331117550163887f,-0.44585752255869293f,-0.33402374109027216f,0.2560335395531241f,0.9589676561402376f,0.1217697051848187f,1.7586287141357588f,0.46206166169700186f,-0.010761612926433996f,-0.8867825034793069f,-0.04881347344712812f,0f,0f,0f,1f], start_interpolation: 0, interpolation_duration: 1 }
$data merge entity $(bone_uppertail) { transformation: [-0.9994702706846328f,-0.028755357902683833f,-0.015241634081543151f,0.007439243021578241f,0.0038733356035684195f,0.35989555417978414f,-0.932984559010988f,0.5018778688605865f,0.03231370125642107f,-0.9325493657032394f,-0.3595935278027071f,-0.5080847035530465f,0f,0f,0f,1f], start_interpolation: 0, interpolation_duration: 1 }
$data merge entity $(bone_middletail) { transformation: [-0.9994702706846328f,-0.026888825457888947f,-0.01833491431892395f,0.014389144289245587f,0.0038733356035684195f,0.4610883739886853f,-0.8873457661158767f,0.8382629446492468f,0.03231370125642107f,-0.8869467303271178f,-0.46073997251502435f,-0.33344400343998537f,0f,0f,0f,1f], start_interpolation: 0, interpolation_duration: 1 }
$data merge entity $(bone_tail) { transformation: [-0.9996639427630808f,-0.005038011145608148f,-0.02542872358315718f,0.022335620408982206f,0.012884232251256598f,0.7546334289382037f,-0.6560201098200149f,1.0432692289680014f,0.022494401496095988f,-0.6561272790950438f,-0.7543149180075035f,-0.09772059156264049f,0f,0f,0f,1f], start_interpolation: 0, interpolation_duration: 1 }
$data merge entity $(bone_hair) { transformation: [-0.6893663202679039f,0.12150392406655448f,0.0047105865830518534f,0.12387614993640295f,0.12154019650889428f,0.689288706813656f,0.01491877954582363f,2.2483047748056997f,-0.0014342638770641497f,0.010857029777368786f,-0.9998776127061285f,0.23884488958486183f,0f,0f,0f,1f], start_interpolation: 0, interpolation_duration: 1 }
$data merge entity $(bone_ear_left) { transformation: [-0.3870312001254195f,-0.11997865934960356f,-0.9174361941986664f,0.14544694321690457f,-0.013783155072434475f,1.2940799446564728f,-0.09432425025041402f,2.3016126802624877f,0.9219635973105048f,-0.03101964117413697f,-0.38654076808140725f,-0.009908029632791485f,0f,0f,0f,1f], start_interpolation: 0, interpolation_duration: 1 }
$data merge entity $(bone_ear_right) { transformation: [-0.378250890774715f,-0.049886883240210574f,0.9249073788306905f,-0.1462158805459416f,0.0061703468665174205f,1.2987177848468003f,0.04397263570585472f,2.302127295952398f,-0.9256825538205208f,0.029041594363909892f,-0.3776410304689118f,-0.010686932743841221f,0f,0f,0f,1f], start_interpolation: 0, interpolation_duration: 1 }
$data merge entity $(bone_head) { transformation: [-0.9999889026555242f,-0.00007028402475642699f,0.0047105865830518534f,0.00024238177877048442f,0f,0.9998887088155677f,0.01491877954582363f,1.894196199604388f,-0.004711110888162589f,0.01491861398698785f,-0.9998776127061285f,-0.05144839396275018f,0f,0f,0f,1f], start_interpolation: 0, interpolation_duration: 1 }
$data merge entity $(bone_body) { transformation: [-0.9999889026555242f,0.00036677562948682287f,0.0046968118376382335f,-0.00006733355236906377f,0f,0.9969648240375144f,-0.07785332126407907f,0.9615843749999999f,-0.004711110888162589f,-0.07785245729895442f,-0.9969537603754318f,0.014292341391204073f,0f,0f,0f,1f], start_interpolation: 0, interpolation_duration: 1 }
$data merge entity $(bone_shoe_right) { transformation: [-0.9219117886486169f,-0.001945873523105799f,0.3874124120430111f,-0.1909256305303235f,-0.0022145295784517715f,1.0151897883174623f,0.0014892842925793596f,0.25511731741897337f,-0.3874125788370756f,0.0005624144879641784f,-0.92190632905827f,0.184900255317965f,0f,0f,0f,1f], start_interpolation: 0, interpolation_duration: 1 }
$data merge entity $(bone_lowerleg_right) { transformation: [-0.9582966841587119f,0.02132013855631322f,0.2850025022704208f,-0.17857089165893963f,0.020650106752647633f,1.014974411535f,-0.004236205058403719f,0.7162794442696314f,-0.2850281358419236f,0.0018535428564749878f,-0.9585174115613664f,0.1815018341709138f,0f,0f,0f,1f], start_interpolation: 0, interpolation_duration: 1 }
$data merge entity $(bone_leg_right) { transformation: [-0.9582966841587119f,0.12300385319224245f,0.2579486716970628f,-0.13474819628424062f,0.020650106752647633f,0.9300734804475578f,-0.36679271265834973f,0.9675f,-0.2850281358419236f,-0.34616957270682774f,-0.8938263750362541f,0.05236576742628492f,0f,0f,0f,1f], start_interpolation: 0, interpolation_duration: 1 }
$data merge entity $(bone_shoe_left) { transformation: [-0.9800932549750169f,0.0018639880247254131f,-0.2150730103762128f,0.09233003664663199f,0.0032332520339416262f,0.999973169859929f,-0.007120858165266364f,0.25085279828440726f,0.1985113539164983f,-0.0070841448975287324f,-1.0617457344853403f,-0.11116193992458852f,0f,0f,0f,1f], start_interpolation: 0, interpolation_duration: 1 }
$data merge entity $(bone_lowerleg_left) { transformation: [-0.9929789575882495f,0.046877852311220894f,-0.10860597013811205f,0.11665420497807273f,0.012450448628587261f,0.9544426619868921f,0.2981345188137765f,0.5950818999272809f,0.11763407718811772f,0.2946891106608158f,-0.9483251298695177f,-0.009585671779282934f,0f,0f,0f,1f], start_interpolation: 0, interpolation_duration: 1 }
$data merge entity $(bone_leg_left) { transformation: [-0.9957283237434394f,0.02256596147540985f,-0.08953146194366797f,0.12488319061518054f,0.013855907816962713f,0.9952132894775922f,0.09673945557918939f,0.958f,0.0912859195804478f,0.09508567626030982f,-0.9912747323807218f,0.025088616976080662f,0f,0f,0f,1f], start_interpolation: 0, interpolation_duration: 1 }