# This file was generated by Animated Java via MC-Build. It is not recommended to edit this file directly.
$data merge entity $(bone_hammer) { transformation: [-0.000016214592594856125f,-0.00001202099409140625f,-0.00000515853330075429f,0.9173968929208831f,-0.00000459468269731081f,-0.000002458394311851796f,0.000020171092337706092f,0.8839958137694377f,-0.000012247597955176664f,0.00001683685767118107f,-7.377979848994189e-7f,-0.6530820730893756f,0f,0f,0f,1f], start_interpolation: 0, interpolation_duration: 1 }
$data merge entity $(bone_hand_left) { transformation: [-0.7783004445530938f,-0.24760959843620606f,0.5770077163874998f,0.6735424404240409f,-0.22054476947091886f,0.9682124322098923f,0.1180029269688864f,0.9004121672022933f,-0.5878847018484797f,-0.03541430327517192f,-0.8081691682166912f,-0.26410871286732535f,0f,0f,0f,1f], start_interpolation: 0, interpolation_duration: 1 }
$data merge entity $(bone_lowerarm_left) { transformation: [-0.7783004445530938f,-0.34298302276498727f,0.5259382702403856f,0.5218796350451481f,-0.22054476947091886f,0.9335842931330174f,0.28245419500220537f,1.3132314718220495f,-0.5878847018484797f,0.10384129097000303f,-0.8022521820613563f,-0.21819139201652715f,0f,0f,0f,1f], start_interpolation: 0, interpolation_duration: 1 }
$data merge entity $(bone_arm_left) { transformation: [-0.8308476522581156f,-0.38319584419212377f,0.40355064580677236f,0.3320779434687368f,-0.1653588518493449f,0.8624019983899607f,0.4784550587966114f,1.7403899616495768f,-0.5313648735588793f,0.33079259085851376f,-0.7798895004940561f,-0.054345686856919546f,0f,0f,0f,1f], start_interpolation: 0, interpolation_duration: 1 }
$data merge entity $(bone_bread) { transformation: [-0.000008494023613195936f,7.712215026783394e-7f,-0.000005220802644448113f,-0.602799005991528f,0.0000030700237025474294f,0.000008768622057447495f,-0.00000369948938090681f,0.5900706212250968f,0.000004292611946620243f,-0.000004745153802296807f,-0.000007684855110428651f,0.06082885727399845f,0f,0f,0f,1f], start_interpolation: 0, interpolation_duration: 1 }
$data merge entity $(bone_hand_right) { transformation: [-0.8494023613195936f,0.07712215026783394f,-0.5220802644448113f,-0.5737561501473125f,0.3070023702547429f,0.8768622057447495f,-0.36994893809068097f,0.8473154941340173f,0.4292611946620243f,-0.47451538022968065f,-0.768485511042865f,0.07991813139549045f,0f,0f,0f,1f], start_interpolation: 0, interpolation_duration: 1 }
$data merge entity $(bone_lowerarm_right) { transformation: [-0.8494023613195936f,0.1793384400119946f,-0.4963399566010807f,-0.49445493370450866f,0.3070023702547429f,0.9328930907715957f,-0.1883083265514014f,1.2598291577095821f,0.4292611946620243f,-0.31232708035756956f,-0.8474589203215978f,-0.05818899945012232f,0f,0f,0f,1f], start_interpolation: 0, interpolation_duration: 1 }
$data merge entity $(bone_arm_right) { transformation: [-0.8494023613195936f,0.3294707258227457f,-0.41226771570246873f,-0.3312639648204299f,0.3070023702547429f,0.943882873143103f,0.12179764548254049f,1.7273461433132755f,0.4292611946620243f,-0.023111958224129793f,-0.9028846350140077f,-0.06963664125801161f,0f,0f,0f,1f], start_interpolation: 0, interpolation_duration: 1 }
$data merge entity $(bone_uppertail) { transformation: [-0.9994967047399015f,-0.02940146179821467f,-0.011911811709646223f,0.008734813168106148f,0.0007104788832107618f,0.35465532635814756f,-0.9349968420831979f,0.5044094242644205f,0.031714861403361876f,-0.9345347256950508f,-0.3544559408956797f,-0.5523624836886305f,0f,0f,0f,1f], start_interpolation: 0, interpolation_duration: 1 }
$data merge entity $(bone_middletail) { transformation: [-0.9994967047399015f,-0.02710261747788381f,-0.01648591337856197f,0.014983788705829513f,0.0007104788832107618f,0.5004309736714497f,-0.8657761464778302f,0.8326186239415343f,0.031714861403361876f,-0.8653521183403275f,-0.5001598532969966f,-0.36277802749828114f,0f,0f,0f,1f], start_interpolation: 0, interpolation_duration: 1 }
$data merge entity $(bone_tail) { transformation: [-0.999703096744705f,-0.0012303940401032299f,-0.02433525199279543f,0.022588554953578085f,0.013149012658147063f,0.8135815280370835f,-0.581302159554702f,1.0142755488023787f,0.02051394221408123f,-0.5814495535877128f,-0.8133237945661537f,-0.10861434169635817f,0f,0f,0f,1f], start_interpolation: 0, interpolation_duration: 1 }
$data merge entity $(bone_hair) { transformation: [-0.6893656522462627f,0.12146557346577062f,0.006563965593970836f,0.12355017489709595f,0.12153201532043238f,0.6892423089882692f,0.018898696244489782f,2.2185670524631913f,-0.0022286218250156566f,0.013825844030315948f,-0.9997998567893175f,0.22124252058821406f,0f,0f,0f,1f], start_interpolation: 0, interpolation_duration: 1 }
$data merge entity $(bone_ear_left) { transformation: [-0.3887394987139612f,-0.15250179637300773f,-0.9138491031158574f,0.14615818029470387f,-0.01746011865143203f,1.2904074539361923f,-0.11999358123784715f,2.2704507607030093f,0.9211822547120065f,-0.039897430104201895f,-0.3879192663378027f,-0.031305342540323265f,0f,0f,0f,1f], start_interpolation: 0, interpolation_duration: 1 }
$data merge entity $(bone_ear_right) { transformation: [-0.37648809592537036f,-0.06326199276103697f,0.9251424858435712f,-0.14677836944367867f,0.00781612564934621f,1.2979421775430866f,0.0556981434396243f,2.271065451806354f,-0.9263884832003921f,0.03666093324798342f,-0.37551178104629035f,-0.03251189128032543f,0f,0f,0f,1f], start_interpolation: 0, interpolation_duration: 1 }
$data merge entity $(bone_head) { transformation: [-0.9999784492486242f,-0.000124072550819261f,0.006563965593970836f,0.0004640778427800784f,0f,0.9998214036918086f,0.018898696244489782f,1.8656144572890405f,-0.006565138103398868f,0.01889828896338569f,-0.9997998567893175f,-0.07068668385111579f,0f,0f,0f,1f], start_interpolation: 0, interpolation_duration: 1 }
$data merge entity $(bone_body) { transformation: [-0.9999784492486242f,0.0005749472342946941f,0.0065399139133842255f,-0.0000272354754219502f,0f,0.9961578584307946f,-0.08757580194650216f,0.933688375f,-0.006565138103398868f,-0.08757391462216788f,-0.9961363904804565f,0.004148410596707917f,0f,0f,0f,1f], start_interpolation: 0, interpolation_duration: 1 }
$data merge entity $(bone_shoe_right) { transformation: [-0.9256433608181569f,-0.002369623779457922f,0.3784260777132207f,-0.20471205438529105f,-0.002867448883123975f,1.0192377805339772f,0.0021021608392587654f,0.25558950650370277f,-0.3784261214233156f,0.0009347036677731096f,-0.9256311439570293f,0.20990306603919465f,0f,0f,0f,1f], start_interpolation: 0, interpolation_duration: 1 }
$data merge entity $(bone_lowerleg_right) { transformation: [-0.9592323396523567f,0.027126349343345957f,0.28136279528994207f,-0.18967333651990098f,0.026204039337560478f,1.0188937137717562f,-0.005219479850884279f,0.7153339751630425f,-0.2814012560161407f,0.0024117142163159744f,-0.9595872729755832f,0.2067524497485419f,0f,0f,0f,1f], start_interpolation: 0, interpolation_duration: 1 }
$data merge entity $(bone_leg_right) { transformation: [-0.9592323396523567f,0.1512851788063095f,0.23871764333330903f,-0.13736434990048438f,0.026204039337560478f,0.8886335785867863f,-0.45786866166012874f,0.94214f,-0.2814012560161407f,-0.43294706106126274f,-0.8563703494580799f,0.04956325219774521f,0f,0f,0f,1f], start_interpolation: 0, interpolation_duration: 1 }
$data merge entity $(bone_shoe_left) { transformation: [-0.9847136288885578f,0.00663545371562952f,-0.1914601739278676f,0.09567730940513203f,0.005816930697265563f,0.9999694967072112f,0.005733625082949834f,0.2533212084886257f,0.17408398087816873f,0.004120243817357427f,-1.083194408840315f,-0.1517518272604389f,0f,0f,0f,1f], start_interpolation: 0, interpolation_duration: 1 }
$data merge entity $(bone_lowerleg_left) { transformation: [-0.9946759954925727f,0.05192832119610843f,-0.0890118725149242f,0.11555786564990908f,0.014946656494787922f,0.9273227780410533f,0.3739639859476449f,0.5704738438391244f,0.10196205887724187f,0.37064257011840573f,-0.9231618621701921f,-0.028532310951482537f,0f,0f,0f,1f], start_interpolation: 0, interpolation_duration: 1 }
$data merge entity $(bone_leg_left) { transformation: [-0.9974909727360979f,0.025787161311580587f,-0.06593012681228215f,0.12490305703346563f,0.01758594318225703f,0.9923650002232502f,0.12207555420434885f,0.930104f,0.06857473231725743f,0.12060981984647438f,-0.9903286209356051f,0.015176332880338109f,0f,0f,0f,1f], start_interpolation: 0, interpolation_duration: 1 }