# This file was generated by Animated Java via MC-Build. It is not recommended to edit this file directly.
$data merge entity $(bone_hammer) { transformation: [-0.000015933815391887573f,-0.00001177424032282318f,-0.000006442714463285592f,0.960375031774941f,-0.000005097123026067131f,-0.000003942854116632437f,0.000019811638398927764f,0.9218231635140792f,-0.000012416144397201603f,0.000016728686260825666f,1.3487799108744765e-7f,-0.7166598844475359f,0f,0f,0f,1f], start_interpolation: 0, interpolation_duration: 1 }
$data merge entity $(bone_hand_left) { transformation: [-0.7648231388106034f,-0.3092502942377085f,0.5651635354955125f,0.7174621447631307f,-0.24466190525122222f,0.9509586431485324f,0.18925699759835715f,0.9058991326472838f,-0.5959749310656769f,0.006474143572197666f,-0.8029769405196319f,-0.3270773897310241f,0f,0f,0f,1f], start_interpolation: 0, interpolation_duration: 1 }
$data merge entity $(bone_lowerarm_left) { transformation: [-0.7648231388106034f,-0.39666829077655963f,0.5076414417995239f,0.5420603849353708f,-0.24466190525122222f,0.9077735040543371f,0.3407166233921567f,1.307305228971311f,-0.5959749310656769f,0.13638743501259074f,-0.7913358004740769f,-0.26676857081139416f,0f,0f,0f,1f], start_interpolation: 0, interpolation_duration: 1 }
$data merge entity $(bone_arm_left) { transformation: [-0.8322238011335442f,-0.42882783875509384f,0.35144022185212453f,0.3296565960519884f,-0.18638059886123592f,0.8133563831468034f,0.5511022285950926f,1.710170812498712f,-0.5221741253595032f,0.3931387524818508f,-0.7568197302542079f,-0.0720420324727274f,0f,0f,0f,1f], start_interpolation: 0, interpolation_duration: 1 }
$data merge entity $(bone_bread) { transformation: [-0.000008459489406186768f,0.000001100689283765282f,-0.000005217808168878781f,-0.6440232398954931f,0.0000035958038951757905f,0.000008402940217485763f,-0.00000405718992022791f,0.5792124347535279f,0.000003937922464200187f,-0.000005308397008699012f,-0.0000075042446564583f,0.08999383836833388f,0f,0f,0f,1f], start_interpolation: 0, interpolation_duration: 1 }
$data merge entity $(bone_hand_right) { transformation: [-0.8459489406186768f,0.1100689283765282f,-0.521780816887878f,-0.6075948684908101f,0.35958038951757904f,0.8402940217485763f,-0.40571899202279094f,0.8362154003587264f,0.3937922464200187f,-0.5308397008699012f,-0.75042446564583f,0.09228772741002292f,0f,0f,0f,1f], start_interpolation: 0, interpolation_duration: 1 }
$data merge entity $(bone_lowerarm_right) { transformation: [-0.8459489406186768f,0.2096517943227354f,-0.4903228681220121f,-0.5148894656887256f,0.35958038951757904f,0.9032537484763399f,-0.23416790842860405f,1.235622917263108f,0.3937922464200187f,-0.37440458197075854f,-0.839493225499037f,-0.07326929868017185f,0f,0f,0f,1f], start_interpolation: 0, interpolation_duration: 1 }
$data merge entity $(bone_arm_right) { transformation: [-0.8459489406186768f,0.37681443213521715f,-0.37733443203708883f,-0.3282485672717509f,0.35958038951757904f,0.9256002124267518f,0.11817863694398437f,1.6940842724807335f,0.3937922464200187f,-0.03570896932376809f,-0.9185055994218596f,-0.09095639754835073f,0f,0f,0f,1f], start_interpolation: 0, interpolation_duration: 1 }
$data merge entity $(bone_uppertail) { transformation: [-0.9995378715218314f,-0.029284822347958303f,-0.008151231419572795f,0.010518724003525996f,-0.00272976877440909f,0.3535381084148661f,-0.9354161396196222f,0.5081778877957731f,0.030275266407501188f,-0.9349616062055633f,-0.3534546691804594f,-0.5954939815170266f,0f,0f,0f,1f], start_interpolation: 0, interpolation_duration: 1 }
$data merge entity $(bone_middletail) { transformation: [-0.9995378715218314f,-0.02693389808555617f,-0.014092853775008891f,0.01586053878434818f,-0.00272976877440909f,0.5412670472951779f,-0.8408463188209828f,0.8269374484413712f,0.030275266407501188f,-0.8404192695591151f,-0.5410904356922958f,-0.39039302591509406f,0f,0f,0f,1f], start_interpolation: 0, interpolation_duration: 1 }
$data merge entity $(bone_tail) { transformation: [-0.9997423921854921f,0.00241132046135088f,-0.022568447019288465f,0.022913178477875825f,0.013403418762353037f,0.8651642001685089f,-0.5013095402166861f,0.9835966797590856f,0.018316594462693177f,-0.5014828933078543f,-0.8649736470476268f,-0.12008876121271068f,0f,0f,0f,1f], start_interpolation: 0, interpolation_duration: 1 }
$data merge entity $(bone_hair) { transformation: [-0.6893639130351739f,0.12141191737353738f,0.00863567877985593f,0.12324744518393294f,0.12152142176379709f,0.6891822299431183f,0.023052645301127203f,2.186996381825439f,-0.0031526904920316577f,0.016941081733820498f,-0.9996969543799921f,0.2034218753347027f,0f,0f,0f,1f], start_interpolation: 0, interpolation_duration: 1 }
$data merge entity $(bone_ear_left) { transformation: [-0.39064748208719635f,-0.18343754035074245f,-0.9096613094273891f,0.1469629590084756f,-0.021297867163953908f,1.2860936304912f,-0.14431349638499202f,2.2375320733484223f,0.9202939452116375f,-0.04810241574011112f,-0.3894738975746469f,-0.05291915175957211f,0f,0f,0f,1f], start_interpolation: 0, interpolation_duration: 1 }
$data merge entity $(bone_ear_right) { transformation: [-0.3745064394004321f,-0.07748690035029451f,0.9253065081962806f,-0.14724637147758957f,0.009498526275638469f,1.2969224924569376f,0.06810874257197587f,2.2382457329586316f,-0.9271756601886192f,0.044585074109930845f,-0.3730537026687588f,-0.054621528319165294f,0f,0f,0f,1f], start_interpolation: 0, interpolation_duration: 1 }
$data merge entity $(bone_head) { transformation: [-0.9999626920040507f,-0.00019912815766424832f,0.00863567877985593f,0.0007793967501622531f,0f,0.9997342524614331f,0.023052645301127203f,1.8352563728467715f,-0.00863797430026443f,0.023051785253129675f,-0.9996969543799921f,-0.09022574568294292f,0f,0f,0f,1f], start_interpolation: 0, interpolation_duration: 1 }
$data merge entity $(bone_body) { transformation: [-0.9999626920040507f,0.0008374777933589321f,0.008597280439630862f,0.000057179070880600335f,0f,0.9952889578946394f,-0.09695303137603627f,0.904076375f,-0.00863797430026443f,-0.09694941425273443f,-0.99525182565823f,-0.006619253039720808f,0f,0f,0f,1f], start_interpolation: 0, interpolation_duration: 1 }
$data merge entity $(bone_shoe_right) { transformation: [-0.9294613994687113f,-0.002709960672593104f,0.3689779950102607f,-0.21790334160266642f,-0.003538398926242198f,1.023529900451872f,0.0028115295243162537f,0.25572955056287994f,-0.36897757290790034f,0.0014156709316216851f,-0.9294374462494118f,0.2336999370915638f,0f,0f,0f,1f], start_interpolation: 0, interpolation_duration: 1 }
$data merge entity $(bone_lowerleg_right) { transformation: [-0.9601462536783875f,0.03334192600531756f,0.2775933812405975f,-0.20013235857060627f,0.03211721980835128f,1.0230171013347489f,-0.00619488923845446f,0.7144440664907683f,-0.27764663826371094f,0.0030374571509915738f,-0.960678686158247f,0.2308170628378621f,0f,0f,0f,1f], start_interpolation: 0, interpolation_duration: 1 }
$data merge entity $(bone_leg_right) { transformation: [-0.9601462536783875f,0.17847247746098643f,0.21509706259336878f,-0.1401354403366142f,0.03211721980835128f,0.8349368223731353f,-0.5494078510880906f,0.91522f,-0.27764663826371094f,-0.5206035703242815f,-0.8073935018480586f,0.04656325084939016f,0f,0f,0f,1f], start_interpolation: 0, interpolation_duration: 1 }
$data merge entity $(bone_shoe_left) { transformation: [-0.9887949759163857f,0.005868509027121497f,-0.16656705548380413f,0.09367960292271293f,0.006036950843837048f,0.9999815486335158f,-0.0007553959269116506f,0.2542097755474243f,0.14915780511600274f,-0.0015693929762832792f,-1.104173577771581f,-0.16236098630426776f,0f,0f,0f,1f], start_interpolation: 0, interpolation_duration: 1 }
$data merge entity $(bone_lowerleg_left) { transformation: [-0.9962203422508552f,0.053767332690731494f,-0.06822099105783395f,0.11492832932310026f,0.01721294303115331f,0.892017827072352f,0.4516723489182461f,0.5446468205914345f,0.0851395576556229f,0.4487908979919755f,-0.8895717990144253f,-0.04847723539580561f,0f,0f,0f,1f], start_interpolation: 0, interpolation_duration: 1 }
$data merge entity $(bone_leg_left) { transformation: [-0.9987847866475678f,0.027883100654758824f,-0.04063843819894089f,0.124964343448717f,0.021549406159134907f,0.988646172750381f,0.14870900510800433f,0.9004920000000001f,0.044323504549631326f,0.14765255772894834f,-0.9880456209814091f,0.004667612926443595f,0f,0f,0f,1f], start_interpolation: 0, interpolation_duration: 1 }