# This file was generated by Animated Java via MC-Build. It is not recommended to edit this file directly.
$data merge entity $(bone_hammer) { transformation: [-0.000015634770777496055f,-0.00001144639009003104f,-0.000007652573058767391f,0.9967464781559685f,-0.00000552033365989302f,-0.0000053964609176609215f,0.000019350242986210487f,0.962918771573904f,-0.000012613787567435302f,0.00001654950577052908f,0.0000010168577740358518f,-0.778391653116089f,0f,0f,0f,1f], start_interpolation: 0, interpolation_duration: 1 }
$data merge entity $(bone_hand_left) { transformation: [-0.7504689973198104f,-0.3673235068208348f,0.5494267243214896f,0.7567247069075832f,-0.2649760156748649f,0.9288116633381032f,0.2590301240477244f,0.9148579562395921f,-0.6054618032368944f,0.04880917315372106f,-0.7943762769853957f,-0.38965720264740605f,0f,0f,0f,1f], start_interpolation: 0, interpolation_duration: 1 }
$data merge entity $(bone_lowerarm_left) { transformation: [-0.7504689973198104f,-0.44677922049982205f,0.4870160286801345f,0.5591645203428182f,-0.2649760156748649f,0.8784746410271473f,0.397580200952334f,1.3033084615687838f,-0.6054618032368944f,0.169324047913449f,-0.7776537607568886f,-0.31478422521067784f,0f,0f,0f,1f], start_interpolation: 0, interpolation_duration: 1 }
$data merge entity $(bone_arm_left) { transformation: [-0.8331844649640076f,-0.4683352157217246f,0.29405063009204063f,0.3271922338056514f,-0.2072913641381895f,0.7574762493091087f,0.6190799803630653f,1.6784959163047017f,-0.5126733245414363f,0.45485366597125554f,-0.7281992892444626f,-0.0894895187842903f,0f,0f,0f,1f], start_interpolation: 0, interpolation_duration: 1 }
$data merge entity $(bone_bread) { transformation: [-0.000008383327117559581f,0.00000141697680539052f,-0.000005264219141807782f,-0.6855752201013747f,0.0000041247037521127195f,0.000007962618486358034f,-0.000004425327761648458f,0.5730175822106343f,0.000003564638186029186f,-0.000005881231467447491f,-0.000007259784502931749f,0.12128435035346856f,0f,0f,0f,1f], start_interpolation: 0, interpolation_duration: 1 }
$data merge entity $(bone_hand_right) { transformation: [-0.838332711755958f,0.141697680539052f,-0.5264219141807781f,-0.6411719076956072f,0.4124703752112719f,0.7962618486358034f,-0.44253277616484576f,0.8282958570710264f,0.3564638186029186f,-0.5881231467447491f,-0.7259784502931749f,0.10565870695238397f,0f,0f,0f,1f], start_interpolation: 0, interpolation_duration: 1 }
$data merge entity $(bone_lowerarm_right) { transformation: [-0.838332711755958f,0.23975491053253914f,-0.4896078505042949f,-0.5351552831945f,0.4124703752112719f,0.8661952102498786f,-0.28208872241413935f,1.2113165516033946f,0.3564638186029186f,-0.43843293742110995f,-0.8250515774249042f,-0.08821085756351307f,0f,0f,0f,1f], start_interpolation: 0, interpolation_duration: 1 }
$data merge entity $(bone_arm_right) { transformation: [-0.838332711755958f,0.4242981911748202f,-0.3423000282875792f,-0.32499508537822186f,0.4124703752112719f,0.904226501966303f,0.11064638590959963f,1.6591912408585792f,0.3564638186029186f,-0.048430136357015936f,-0.9330530895503569f,-0.11219890947784754f,0f,0f,0f,1f], start_interpolation: 0, interpolation_duration: 1 }
$data merge entity $(bone_uppertail) { transformation: [-0.9995886372463338f,-0.02836659193137275f,-0.004229982294997157f,0.012729421232048945f,-0.006217829606801225f,0.35831911783639886f,-0.9335784639696472f,0.5124968723921094f,0.027998122847751723f,-0.9331681232527953f,-0.35834809733254946f,-0.6365951691081669f,0f,0f,0f,1f], start_interpolation: 0, interpolation_duration: 1 }
$data merge entity $(bone_middletail) { transformation: [-0.9995886372463338f,-0.02637071956736431f,-0.011275701198437287f,0.017003317204287435f,-0.006217829606801225f,0.5830599858297523f,-0.8124053123405768f,0.8204757904880411f,0.027998122847751723f,-0.8120010086654503f,-0.5829841053093074f,-0.4156125582569259f,0f,0f,0f,1f], start_interpolation: 0, interpolation_duration: 1 }
$data merge entity $(bone_tail) { transformation: [-0.9997799038142792f,0.005682906568351212f,-0.02019525939536311f,0.023314335765338406f,0.013632560408493508f,0.9076650220685315f,-0.4194739098085137f,0.9515613873032016f,0.01594669952746921f,-0.41965689829462793f,-0.9075427210263509f,-0.1320054579361912f,0f,0f,0f,1f], start_interpolation: 0, interpolation_duration: 1 }
$data merge entity $(bone_hair) { transformation: [-0.6893606907679384f,0.12134141037416458f,0.01088906513473607f,0.12298150085595591f,0.12150837672488274f,0.6891082478510872f,0.027312893318083162f,2.1539361851703633f,-0.004189559599119032f,0.0201515476331981f,-0.9995676235848611f,0.18597006142833136f,0f,0f,0f,1f], start_interpolation: 0, interpolation_duration: 1 }
$data merge entity $(bone_ear_left) { transformation: [-0.3927209114400097f,-0.21094080977573756f,-0.9052299579148813f,0.14786789357597097f,-0.0252338231102413f,1.2815951960322067f,-0.1657645957884357f,2.2031845454150947f,0.919311448796853f,-0.054933853663525184f,-0.39125544351039865f,-0.07416631064292033f,0f,0f,0f,1f], start_interpolation: 0, interpolation_duration: 1 }
$data merge entity $(bone_ear_right) { transformation: [-0.3723378313703965f,-0.09243702565250202f,0.9253694185582786f,-0.14761301855508646f,0.011174480495486456f,1.2956386025715663f,0.08107846623899188f,2.20399606244585f,-0.9280299942976231f,0.05268783365178224f,-0.370294101370041f,-0.07642276387920843f,0f,0f,0f,1f], start_interpolation: 0, interpolation_duration: 1 }
$data merge entity $(bone_head) { transformation: [-0.99994066811018f,-0.00029752287022219285f,0.01088906513473607f,0.0011923153918763677f,0f,0.999626933339931f,0.027312893318083162f,1.8034462210099618f,-0.010893128997989051f,0.027311272792506128f,-0.9995676235848611f,-0.10944923628197215f,0f,0f,0f,1f], start_interpolation: 0, interpolation_duration: 1 }
$data merge entity $(bone_body) { transformation: [-0.99994066811018f,0.0011484557703705584f,0.01083241933781796f,0.00019515585256347291f,0f,0.9944267932398214f,-0.1054293739275989f,0.873012375f,-0.010893128997989051f,-0.10542311860360123f,-0.9943677920188909f,-0.01791443703952794f,0f,0f,0f,1f], start_interpolation: 0, interpolation_duration: 1 }
$data merge entity $(bone_shoe_right) { transformation: [-0.9333206293490377f,-0.002929691770794235f,0.35915162734729345f,-0.23043933026297422f,-0.004205069964982379f,1.0280261284628975f,0.0036111777012021937f,0.2571012694871257f,-0.35915014584283467f,0.0020102215048735973f,-0.933278030473252f,0.2562767912064526f,0f,0f,0f,1f], start_interpolation: 0, interpolation_duration: 1 }
$data merge entity $(bone_lowerleg_right) { transformation: [-0.9610279876347809f,0.03991968297064233f,0.27371060918921625f,-0.20981019765856246f,0.0383389149822501f,1.0273011043921931f,-0.007142305844641095f,0.7148334227115581f,-0.2737797190820152f,0.0037317486978029613f,-0.9617855737556524f,0.25368814187650446f,0f,0f,0f,1f], start_interpolation: 0, interpolation_duration: 1 }
$data merge entity $(bone_leg_right) { transformation: [-0.9610279876347809f,0.2034645271109367f,0.18715606639958607f,-0.14303316648264403f,0.0383389149822501f,0.7685440624983703f,-0.6386471260379122f,0.88698f,-0.2737797190820152f,-0.6065824018268449f,-0.7463929629982781f,0.04339249582529504f,0f,0f,0f,1f], start_interpolation: 0, interpolation_duration: 1 }
$data merge entity $(bone_shoe_left) { transformation: [-0.9923395058461134f,0.006679777231602943f,-0.13980798214571558f,0.09511806474723589f,0.00704629848147852f,0.9999719610690874f,-0.002873118104261052f,0.25129963369283015f,0.12333959143276464f,-0.003384915328334015f,-1.1246732493329548f,-0.18949909763779246f,0f,0f,0f,1f], start_interpolation: 0, interpolation_duration: 1 }
$data merge entity $(bone_lowerleg_left) { transformation: [-0.9975481556546453f,0.05187386399160057f,-0.046976370491945904f,0.11485408116833841f,0.01916581043466775f,0.8480849480156313f,0.5295135434148087f,0.5178520160628526f,0.06730786625943525f,0.527314918415841f,-0.8469997803752354f,-0.06919095537377337f,0f,0f,0f,1f], start_interpolation: 0, interpolation_duration: 1 }
$data merge entity $(bone_leg_left) { transformation: [-0.9994932379570134f,0.028610723303291518f,-0.013953271668951413f,0.125076547752089f,0.025705289313427585f,0.9839937469198957f,0.17633928695516832f,0.869428f,0.018775126617896775f,0.17589125201273287f,-0.984230543158398f,-0.006345901545044642f,0f,0f,0f,1f], start_interpolation: 0, interpolation_duration: 1 }