# This file was generated by Animated Java via MC-Build. It is not recommended to edit this file directly.
$data merge entity $(bone_hammer) { transformation: [-0.00001533216839619757f,-0.000011062946411482581f,-0.000008750063242347624f,1.0256962210916907f,-0.000005850187108417441f,-0.0000067722744053581016f,0.000018813276906291893f,1.0050840248116604f,-0.000012834628971845065f,0.000016302616165909508f,0.0000018774405662707579f,-0.8363653130831281f,0f,0f,0f,1f], start_interpolation: 0, interpolation_duration: 1 }
$data merge entity $(bone_hand_left) { transformation: [-0.7359440830174832f,-0.42000303563268593f,0.5310214277511638f,0.7901045704431446f,-0.28080898120403713f,0.9030372915020107f,0.32506917145718905f,0.9261612689151688f,-0.616062190648563f,0.09011714718099653f,-0.7825255759636564f,-0.4499684466732201f,0f,0f,0f,1f], start_interpolation: 0, interpolation_duration: 1 }
$data merge entity $(bone_lowerarm_left) { transformation: [-0.7359440830174832f,-0.4919133554767229f,0.4651962568370332f,0.5725866335682813f,-0.28080898120403713f,0.8469897331315024f,0.4513919671914611f,1.300689541534255f,-0.616062190648563f,0.20156796043383882f,-0.7614707706667642f,-0.36083761416888205f,0f,0f,0f,1f], start_interpolation: 0, interpolation_duration: 1 }
$data merge entity $(bone_arm_left) { transformation: [-0.8336933910797988f,-0.5004530996475416f,0.23345668703858868f,0.32470595764910837f,-0.22756845317060326f,0.696537130689901f,0.6804767627860768f,1.6456930890790966f,-0.5031579561046458f,0.5141816027664229f,-0.6945857402690814f,-0.1061570390486382f,0f,0f,0f,1f], start_interpolation: 0, interpolation_duration: 1 }
$data merge entity $(bone_bread) { transformation: [-0.0000082643995742607f,0.0000017004355819665923f,-0.000005367328805704147f,-0.7258873255478756f,0.000004644299543954898f,0.000007447949421948815f,-0.000004791506146725965f,0.572014764568632f,0.0000031827945932748944f,-0.0000064526404083657335f,-0.000006945016222972113f,0.15451748655950703f,0f,0f,0f,1f], start_interpolation: 0, interpolation_duration: 1 }
$data merge entity $(bone_hand_right) { transformation: [-0.8264399574260699f,0.17004355819665923f,-0.5367328805704147f,-0.673251184460184f,0.46442995439548973f,0.7447949421948814f,-0.47915061467259645f,0.823859357157555f,0.3182794593274894f,-0.6452640408365733f,-0.6945016222972112f,0.12007114662162613f,0f,0f,0f,1f], start_interpolation: 0, interpolation_duration: 1 }
$data merge entity $(bone_lowerarm_right) { transformation: [-0.8264399574260699f,0.2678778044015967f,-0.4952155880811665f,-0.554798967826353f,0.46442995439548973f,0.8215684727804697f,-0.33065096702318925f,1.1871466662151688f,0.3182794593274894f,-0.5032561240980051f,-0.8033874901490902f,-0.1024624207529605f,0f,0f,0f,1f], start_interpolation: 0, interpolation_duration: 1 }
$data merge entity $(bone_arm_right) { transformation: [-0.8264399574260699f,0.470955259187824f,-0.3085419592420538f,-0.32152894100988383f,0.46442995439548973f,0.8800280552339358f,0.099274566034712f,1.6230355623232278f,0.3182794593274894f,-0.06125165993266313f,-0.9460160780481981f,-0.1328011335633577f,0f,0f,0f,1f], start_interpolation: 0, interpolation_duration: 1 }
$data merge entity $(bone_uppertail) { transformation: [-0.9996425975176952f,-0.0267298277142344f,-0.00043993004254121084f,0.015262250363346663f,-0.009504266325627085f,0.3707255393685275f,-0.9286938372690571f,0.5165204658559021f,0.024986919571778652f,-0.9283577385740271f,-0.3708470885419375f,-0.675114822029292f,0f,0f,0f,1f], start_interpolation: 0, interpolation_duration: 1 }
$data merge entity $(bone_middletail) { transformation: [-0.9996425975176952f,-0.025441540901791508f,-0.008210068490424018f,0.018374040459427244f,-0.009504266325627085f,0.6252627940317814f,-0.7803563976294303f,0.8123510589813979f,0.024986919571778652f,-0.7799994656383507f,-0.6252811267375666f,-0.4380975833938534f,0f,0f,0f,1f], start_interpolation: 0, interpolation_duration: 1 }
$data merge entity $(bone_tail) { transformation: [-0.9998140230372875f,0.008429447115306599f,-0.01734542473751133f,0.023794485689899534f,0.013821790429000419f,0.9404409920610717f,-0.33967587279717715f,0.9184997692305158f,0.013449068641776394f,-0.3398524457356715f,-0.940382601753218f,-0.14422802034597282f,0f,0f,0f,1f], start_interpolation: 0, interpolation_duration: 1 }
$data merge entity $(bone_hair) { transformation: [-0.6893555904062016f,0.12125327701434985f,0.013287464477516725f,0.12275785931684868f,0.12149297481231494f,0.6890208992643541f,0.031611721159774855f,2.1197463748100644f,-0.0053223159405551695f,0.023406050290939274f,-0.9994118982547062f,0.16947272974045982f,0f,0f,0f,1f], start_interpolation: 0, interpolation_duration: 1 }
$data merge entity $(bone_ear_left) { transformation: [-0.39492563088344235f,-0.2332102365790999f,-0.9010283462350552f,0.1488710543270223f,-0.029205422166969926f,1.2775181770098332f,-0.18285346837185992f,2.167751559145451f,0.9182487622574637f,-0.05966819055571505f,-0.3933351349489423f,-0.09446486276581575f,0f,0f,0f,1f], start_interpolation: 0, interpolation_duration: 1 }
$data merge entity $(bone_ear_right) { transformation: [-0.3700146123458771f,-0.10798555473025463f,0.9253049538603255f,-0.14788002789386784f,0.012800933188294117f,1.2940776449645233f,0.09448120200042646f,2.168659851047608f,-0.9289377389039802f,0.06084544989292108f,-0.3672656325197007f,-0.09732354878369995f,0f,0f,0f,1f], start_interpolation: 0, interpolation_duration: 1 }
$data merge entity $(bone_head) { transformation: [-0.9999116294343158f,-0.00042024965239870226f,0.013287464477516725f,0.0016983746772166203f,0f,0.9995002246549605f,0.031611721159774855f,1.7705243763306238f,-0.013294108545201893f,0.0316089276140937f,-0.9994118982547062f,-0.1277426451808665f,0f,0f,0f,1f], start_interpolation: 0, interpolation_duration: 1 }
$data merge entity $(bone_body) { transformation: [-0.9999116294343158f,0.0014949394069370709f,0.013209787211806125f,0.00039408390665969224f,0f,0.9936572404904727f,-0.11245127131721999f,0.840760375f,-0.013294108545201893f,-0.11244133393476177f,-0.9935694304380343f,-0.029640880387136137f,0f,0f,0f,1f], start_interpolation: 0, interpolation_duration: 1 }
$data merge entity $(bone_shoe_right) { transformation: [-0.9371789184847159f,-0.0029941790808437224f,0.34903234605303746f,-0.24210631719409081f,-0.004844806360856201f,1.032686386210496f,0.004492907356538347f,0.25878873757967813f,-0.34902890168379774f,0.002720084125515672f,-0.9371086856099414f,0.2772975425376063f,0f,0f,0f,1f], start_interpolation: 0, interpolation_duration: 1 }
$data merge entity $(bone_lowerleg_right) { transformation: [-0.9618683523955475f,0.04681078980028176f,0.2697311468295538f,-0.21842414419409112f,0.04481762185802868f,1.031703208978593f,-0.008043630023018111f,0.7184681907289471f,-0.26981596214988035f,0.004494422867066583f,-0.9629020762497433f,0.27503713951086517f,0f,0f,0f,1f], start_interpolation: 0, interpolation_duration: 1 }
$data merge entity $(bone_leg_right) { transformation: [-0.9618683523955475f,0.22520056867413651f,0.1552223454555446f,-0.1460297087612572f,0.04481762185802868f,0.6896145039044026f,-0.7227885007218054f,0.85766f,-0.26981596214988035f,-0.6882706879371882f,-0.673411320587651f,0.040078206934722055f,0f,0f,0f,1f], start_interpolation: 0, interpolation_duration: 1 }
$data merge entity $(bone_shoe_left) { transformation: [-0.9951093430746591f,0.00640133399533474f,-0.11335767787747857f,0.0984473225618141f,0.006494650093897977f,0.9999787137018963f,-0.0007197045642435285f,0.2511445217015593f,0.098565789428575f,-0.001262959295133148f,-1.144399195600716f,-0.21930614936611692f,0f,0f,0f,1f], start_interpolation: 0, interpolation_duration: 1 }
$data merge entity $(bone_lowerleg_left) { transformation: [-0.9986027040817202f,0.04593121546751398f,-0.026133557858681475f,0.11540189650778289f,0.020733995446967433f,0.7954151713227157f,0.6057101672107378f,0.4903301705030883f,0.04860803260245554f,0.6043219577967788f,-0.7952560785628658f,-0.09044274139821969f,0f,0f,0f,1f], start_interpolation: 0, interpolation_duration: 1 }
$data merge entity $(bone_leg_left) { transformation: [-0.9995189677840858f,0.027771685650939903f,0.013804583149850402f,0.12524733797297402f,0.03001082702397557f,0.9783708917658709f,0.20466985221715375f,0.837176f,-0.007821975528776132f,0.20498568638165915f,-0.9787337151020533f,-0.017772518861535122f,0f,0f,0f,1f], start_interpolation: 0, interpolation_duration: 1 }