# This file was generated by Animated Java via MC-Build. It is not recommended to edit this file directly.
$data merge entity $(bone_hammer) { transformation: [0.000008252892173147263f,-0.000017989751305436555f,-0.000006502799129969037f,1.0604555784428666f,-0.000004396380551022971f,0.000005108818086498283f,-0.00001971292960438485f,12.320851918078837f,0.000018616911306840597f,0.000009181318179073716f,-0.0000017725088619295907f,-0.21149378423855394f,0f,0f,0f,1f], start_interpolation: 0, interpolation_duration: 1 }
$data merge entity $(bone_hand_left) { transformation: [0.3961388243110685f,-0.312134358238514f,0.8635080626609546f,0.6328341901264942f,-0.21102626644910255f,-0.9462206210104727f,-0.24522326815191775f,12.381798538971108f,0.8936117427283485f,-0.08508042537262026f,-0.4407032725955383f,-0.0550961394954442f,0f,0f,0f,1f], start_interpolation: 0, interpolation_duration: 1 }
$data merge entity $(bone_lowerarm_left) { transformation: [0.3961388243110685f,-0.312134358238514f,0.8635080626609546f,0.49481227859290133f,-0.21102626644910255f,-0.9462206210104727f,-0.24522326815191775f,11.96339160811804f,0.8936117427283485f,-0.08508042537262026f,-0.4407032725955383f,-0.09271764008989972f,0f,0f,0f,1f], start_interpolation: 0, interpolation_duration: 1 }
$data merge entity $(bone_arm_left) { transformation: [0.3961388243110685f,-0.5573497107238385f,0.729681664720649f,0.21875000000000003f,-0.21102626644910255f,-0.8286865864985286f,-0.5184076159027458f,11.552932783242987f,0.8936117427283485f,0.05137938607525347f,-0.44589035865841886f,-0.06726878792450072f,0f,0f,0f,1f], start_interpolation: 0, interpolation_duration: 1 }
$data merge entity $(bone_bread) { transformation: [0.000003961388243110687f,0.0000031213435823851412f,-0.000008635080626609545f,-0.8338107653432303f,0.000002110262664491026f,-0.000009462206210104727f,-0.0000024522326815191777f,12.54494224964509f,-0.000008936117427283486f,-8.508042537262024e-7f,-0.000004407032725955386f,-0.03572197159910419f,0f,0f,0f,1f], start_interpolation: 0, interpolation_duration: 1 }
$data merge entity $(bone_hand_right) { transformation: [0.3961388243110687f,0.3121343582385141f,-0.8635080626609544f,-0.6328341901264942f,0.21102626644910255f,-0.9462206210104727f,-0.24522326815191775f,12.381798538971108f,-0.8936117427283485f,-0.08508042537262023f,-0.44070327259553854f,-0.05509613949544433f,0f,0f,0f,1f], start_interpolation: 0, interpolation_duration: 1 }
$data merge entity $(bone_lowerarm_right) { transformation: [0.3961388243110687f,0.3121343582385141f,-0.8635080626609544f,-0.4948122785929012f,0.21102626644910255f,-0.9462206210104727f,-0.24522326815191775f,11.96339160811804f,-0.8936117427283485f,-0.08508042537262023f,-0.44070327259553854f,-0.09271764008989983f,0f,0f,0f,1f], start_interpolation: 0, interpolation_duration: 1 }
$data merge entity $(bone_arm_right) { transformation: [0.3961388243110687f,0.5573497107238385f,-0.7296816647206488f,-0.21874999999999997f,0.21102626644910255f,-0.8286865864985286f,-0.5184076159027458f,11.552932783242987f,-0.8936117427283485f,0.05137938607525358f,-0.4458903586584191f,-0.06726878792450078f,0f,0f,0f,1f], start_interpolation: 0, interpolation_duration: 1 }
$data merge entity $(bone_uppertail) { transformation: [-1f,-1.2199866483456197e-16f,1.067350013832297e-17f,0.02187500000000006f,0f,0.0871557427476582f,0.9961946980917455f,11.425980869764238f,-1.2246467991473532e-16f,0.9961946980917455f,-0.0871557427476582f,-0.48713713976797623f,0f,0f,0f,1f], start_interpolation: 0, interpolation_duration: 1 }
$data merge entity $(bone_middletail) { transformation: [-1f,-1.0605752387249067e-16f,6.123233995736765e-17f,0.021875000000000037f,0f,0.5f,0.8660254037844386f,11.09769656466588f,-1.2246467991473532e-16f,0.8660254037844386f,-0.5f,-0.297579735525778f,0f,0f,0f,1f], start_interpolation: 0, interpolation_duration: 1 }
$data merge entity $(bone_tail) { transformation: [-1f,-8.27359385291814e-17f,9.029043306084033e-17f,0.02187500000000001f,0f,0.737277336810124f,0.6755902076156602f,10.886574624785986f,-1.2246467991473532e-16f,0.6755902076156602f,-0.737277336810124f,-0.06718056777261425f,0f,0f,0f,1f], start_interpolation: 0, interpolation_duration: 1 }
$data merge entity $(bone_hair) { transformation: [-0.6893654271085455f,0.12155372436685118f,1.1099069304367543e-16f,0.12499999999999997f,0.11016508693698383f,0.6247772547023209f,0.42261826174069933f,11.94263066884019f,0.051370823700026665f,0.2913384185087483f,-0.9063077870366499f,0.30611641842722603f,0f,0f,0f,1f], start_interpolation: 0, interpolation_duration: 1 }
$data merge entity $(bone_ear_left) { transformation: [-0.3297978457454558f,0.25772802752481444f,-0.9230002139984395f,0.14264437499999996f,0.025809889631108807f,1.2729977871535796f,0.20110764246746435f,12.095886516896783f,0.9436986969043069f,0.05525303367470574f,-0.32806450752864735f,0.1242617745080504f,0f,0f,0f,1f], start_interpolation: 0, interpolation_duration: 1 }
$data merge entity $(bone_ear_right) { transformation: [-0.32979784574545556f,-0.25772802752481444f,0.9230002139984395f,-0.14264437500000002f,-0.025809889631108807f,1.2729977871535796f,0.20110764246746435f,12.095886516896783f,-0.9436986969043069f,0.05525303367470563f,-0.32806450752864713f,0.12426177450805034f,0f,0f,0f,1f], start_interpolation: 0, interpolation_duration: 1 }
$data merge entity $(bone_head) { transformation: [-1f,-5.175581015019658e-17f,1.1099069304367543e-16f,1.262530096657969e-17f,0f,0.9063077870366499f,0.42261826174069933f,11.738007352161484f,-1.2246467991473532e-16f,0.42261826174069933f,-0.9063077870366499f,-0.10309340599567088f,0f,0f,0f,1f], start_interpolation: 0, interpolation_duration: 1 }
$data merge entity $(bone_body) { transformation: [-1f,2.1265768495757713e-17f,1.2060416625018976e-16f,-6.403984274441296e-18f,0f,0.984807753012208f,-0.17364817766693033f,10.816084374999999f,-1.2246467991473532e-16f,-0.17364817766693033f,-0.984807753012208f,0.0522925f,0f,0f,0f,1f], start_interpolation: 0, interpolation_duration: 1 }
$data merge entity $(bone_shoe_right) { transformation: [-1f,-8.659560562354932e-17f,8.659560562354932e-17f,-0.12632812499999999f,0f,0.7071067811865476f,0.7071067811865475f,10.012092242953823f,-1.2246467991473532e-16f,0.7071067811865475f,-0.7071067811865476f,-0.07373658829976773f,0f,0f,0f,1f], start_interpolation: 0, interpolation_duration: 1 }
$data merge entity $(bone_lowerleg_right) { transformation: [-1f,-2.1265768495757713e-17f,1.2060416625018976e-16f,-0.12499999999999999f,0f,0.984807753012208f,0.17364817766693033f,10.443197092620421f,-1.2246467991473532e-16f,0.17364817766693033f,-0.984807753012208f,-0.0026180666250988915f,0f,0f,0f,1f], start_interpolation: 0, interpolation_duration: 1 }
$data merge entity $(bone_leg_right) { transformation: [-1f,-2.1265768495757713e-17f,1.2060416625018976e-16f,-0.125f,0f,0.984807753012208f,0.17364817766693033f,10.8125f,-1.2246467991473532e-16f,0.17364817766693033f,-0.984807753012208f,0.062499999999999986f,0f,0f,0f,1f], start_interpolation: 0, interpolation_duration: 1 }
$data merge entity $(bone_shoe_left) { transformation: [-1f,-5.175581015019657e-17f,1.1099069304367548e-16f,0.12632812499999996f,0f,0.90630778703665f,0.42261826174069933f,10.742882600493278f,-1.2246467991473532e-16f,0.42261826174069933f,-0.90630778703665f,0.3477420353159986f,0f,0f,0f,1f], start_interpolation: 0, interpolation_duration: 1 }
$data merge entity $(bone_lowerleg_left) { transformation: [-1f,-1.0673500138322958e-17f,1.2199866483456202e-16f,0.12499999999999994f,0f,0.9961946980917455f,0.08715574274765814f,11.178545353632453f,-1.2246467991473532e-16f,0.08715574274765814f,-0.9961946980917455f,0.38101666616961677f,0f,0f,0f,1f], start_interpolation: 0, interpolation_duration: 1 }
$data merge entity $(bone_leg_left) { transformation: [-1f,9.381338752702731e-17f,-7.871877887341985e-17f,0.12499999999999999f,0f,-0.6427876096865393f,-0.766044443118978f,10.9375f,-1.2246467991473532e-16f,-0.766044443118978f,0.6427876096865393f,0.09375000000000001f,0f,0f,0f,1f], start_interpolation: 0, interpolation_duration: 1 }
$data merge entity $(bone_string2) { transformation: [-0.00001f,0f,1.2246467991473532e-21f,1.164062734375f,0f,0.00001f,0f,-0.0007752815375f,-1.2246467991473532e-21f,0f,-0.00001f,0.22031097598750013f,0f,0f,0f,1f], start_interpolation: 0, interpolation_duration: 1 }
$data merge entity $(bone_string) { transformation: [-0.00001f,0f,1.2246467991473532e-21f,1.164062734375f,0f,0.00001f,0f,-0.00077696231875f,-1.2246467991473532e-21f,0f,-0.00001f,0.22031194351875014f,0f,0f,0f,1f], start_interpolation: 0, interpolation_duration: 1 }
$data merge entity $(bone_flame) { transformation: [-0.00001f,0f,1.2246467991473532e-21f,1.164062734375f,0f,0.00001f,0f,-0.00077432483125f,-1.2246467991473532e-21f,0f,-0.00001f,0.22030866628750012f,0f,0f,0f,1f], start_interpolation: 0, interpolation_duration: 1 }
$data merge entity $(bone_bomb) { transformation: [-0.00001f,0f,1.2246467991473532e-21f,1.1640625f,0f,0.00001f,0f,-0.000783125f,-1.2246467991473532e-21f,0f,-0.00001f,0.22031250000000013f,0f,0f,0f,1f], start_interpolation: 0, interpolation_duration: 1 }
$data merge entity $(bone_gg) { transformation: [-0.000010833333333333334f,0f,1.3267006990762992e-21f,-1.1481063742006437e-16f,0f,0.000010833333333333334f,0f,1.09375f,-1.3267006990762992e-21f,0f,-0.000010833333333333334f,0.9375f,0f,0f,0f,1f], start_interpolation: 0, interpolation_duration: 1 }