# This file was generated by Animated Java via MC-Build. It is not recommended to edit this file directly.
$data merge entity $(bone_hammer) { transformation: [0.000008297675204053463f,-0.000017928094667071513f,-0.000006615117957703876f,1.0489909632368053f,-0.000003988556879166933f,0.000005428170761077796f,-0.000019714313429283007f,11.23832455017183f,0.0000186887072321085f,0.000009118451709302404f,-0.000001270369314582758f,-0.22734245957433624f,0f,0f,0f,1f], start_interpolation: 0, interpolation_duration: 1 }
$data merge entity $(bone_hand_left) { transformation: [0.39828840979456615f,-0.30831459063582245f,0.8638914606733773f,0.6169974780349161f,-0.19145073020001274f,-0.9490164403910989f,-0.2504284603899691f,11.307400776027146f,0.8970579471412079f,-0.06564989770345127f,-0.43700930242081626f,-0.06976661192319611f,0f,0f,0f,1f], start_interpolation: 0, interpolation_duration: 1 }
$data merge entity $(bone_lowerarm_left) { transformation: [0.39828840979456615f,-0.2940753755876152f,0.8688417670072723f,0.48696102289226756f,-0.19145073020001274f,-0.953003923845353f,-0.234798081425814f,10.885994353451778f,0.8970579471412079f,-0.07282303624790898f,-0.435871362746439f,-0.10196804826406836f,0f,0f,0f,1f], start_interpolation: 0, interpolation_duration: 1 }
$data merge entity $(bone_arm_left) { transformation: [0.39828840979456615f,-0.5437058773055574f,0.7387491195302437f,0.21765670553935862f,-0.19145073020001274f,-0.836924088199328f,-0.5127423217344227f,10.47145539101555f,0.8970579471412079f,0.06278526558929536f,-0.4374300514318646f,-0.0708697214018705f,0f,0f,0f,1f], start_interpolation: 0, interpolation_duration: 1 }
$data merge entity $(bone_bread) { transformation: [0.000003920229974111303f,0.000003000078732900481f,-0.000008696627193715825f,-0.8158334775767576f,0.0000018512505772866374f,-0.000009517193943333013f,-0.0000024486508009680394f,11.473410942417413f,-0.000009011363284774132f,-6.500361846726516e-7f,-0.000004286348645227196f,-0.052805407918983624f,0f,0f,0f,1f], start_interpolation: 0, interpolation_duration: 1 }
$data merge entity $(bone_hand_right) { transformation: [0.39202299741113034f,0.3000078732900481f,-0.8696627193715825f,-0.6169974780349161f,0.18512505772866372f,-0.9517193943333011f,-0.24486508009680394f,11.307400776027146f,-0.9011363284774132f,-0.06500361846726516f,-0.4286348645227196f,-0.06976661192319625f,0f,0f,0f,1f], start_interpolation: 0, interpolation_duration: 1 }
$data merge entity $(bone_lowerarm_right) { transformation: [0.39828840979456637f,0.2940753755876153f,-0.8688417670072721f,-0.4869610228922675f,0.19145073020001274f,-0.953003923845353f,-0.234798081425814f,10.885994353451778f,-0.8970579471412078f,-0.07282303624790892f,-0.4358713627464392f,-0.10196804826406847f,0f,0f,0f,1f], start_interpolation: 0, interpolation_duration: 1 }
$data merge entity $(bone_arm_right) { transformation: [0.39828840979456637f,0.5437058773055574f,-0.7387491195302435f,-0.21765670553935856f,0.19145073020001274f,-0.836924088199328f,-0.5127423217344227f,10.47145539101555f,-0.8970579471412078f,0.06278526558929547f,-0.43743005143186475f,-0.07086972140187056f,0f,0f,0f,1f], start_interpolation: 0, interpolation_duration: 1 }
$data merge entity $(bone_uppertail) { transformation: [-1f,-1.2191075533032506e-16f,1.1634670661784794e-17f,0.02187500000000006f,0f,0.09500429568660373f,0.9954768625141885f,10.329417055816062f,-1.2246467991473532e-16f,0.9954768625141885f,-0.09500429568660373f,-0.5078071374018871f,0f,0f,0f,1f], start_interpolation: 0, interpolation_duration: 1 }
$data merge entity $(bone_middletail) { transformation: [-1f,-1.0262996145312474e-16f,6.681832711725656e-17f,0.021875000000000037f,0f,0.5456130466660108f,0.8380372326500974f,10.011743425369302f,-1.2246467991473532e-16f,0.8380372326500974f,-0.5456130466660108f,-0.30095922468404485f,0f,0f,0f,1f], start_interpolation: 0, interpolation_duration: 1 }
$data merge entity $(bone_tail) { transformation: [-1f,-8.076414187650309e-17f,9.205841196528787e-17f,0.02187500000000001f,0f,0.7517139801400904f,0.6594892660703007f,9.805653029722333f,-1.2246467991473532e-16f,0.6594892660703007f,-0.7517139801400904f,-0.06604860589026659f,0f,0f,0f,1f], start_interpolation: 0, interpolation_duration: 1 }
$data merge entity $(bone_hair) { transformation: [-0.6893002867909473f,0.12192051123283885f,-0.0010137530198418637f,0.12547895050311428f,0.11036147547456085f,0.6256596778116456f,0.41984037853982104f,10.862671510350932f,0.051821417975538395f,0.2892842140548819f,-0.907597393590547f,0.3003037639217636f,0f,0f,0f,1f], start_interpolation: 0, interpolation_duration: 1 }
$data merge entity $(bone_ear_left) { transformation: [-0.34210725490867433f,0.29455285755156446f,-0.9117335392450708f,0.14082016021774754f,0.029041567222651277f,1.2595988411894807f,0.23161305887303182f,11.01537520220936f,0.9392120173379934f,0.06834233795732425f,-0.3392599952472059f,0.12006874442061485f,0f,0f,0f,1f], start_interpolation: 0, interpolation_duration: 1 }
$data merge entity $(bone_ear_right) { transformation: [-0.34425768827809244f,-0.29425120547716266f,0.9109818394308876f,-0.14025672859397295f,-0.029002175938578678f,1.2596326333409302f,0.23150845111300897f,11.015391333539613f,-0.9384271510630173f,0.06901564223404688f,-0.3413442914278366f,0.12039015910371223f,0f,0f,0f,1f], start_interpolation: 0, interpolation_duration: 1 }
$data merge entity $(bone_head) { transformation: [-0.9999993445443808f,0.0005321800668160637f,-0.0010137530198418637f,1.324261866835508e-17f,0.00005739112791877733f,0.9075979579383142f,0.41984037853982104f,10.656802972452848f,0.0011435108513656786f,0.4198400451726564f,-0.907597393590547f,-0.10813418756800006f,0f,0f,0f,1f], start_interpolation: 0, interpolation_duration: 1 }
$data merge entity $(bone_body) { transformation: [-1f,2.2139703015238657e-17f,1.204467989488123e-16f,-6.6048192087037995e-18f,0f,0.983522751479627f,-0.18078439457526185f,9.73603092504859f,-1.2246467991473532e-16f,-0.18078439457526185f,-0.983522751479627f,0.0539324416909621f,0f,0f,0f,1f], start_interpolation: 0, interpolation_duration: 1 }
$data merge entity $(bone_shoe_right) { transformation: [-0.9999964317535042f,0.0018788591617954768f,-0.001899044104110767f,-0.1266948948990347f,0f,0.710874632387235f,0.7033187449715197f,8.93161397560803f,0.002671419147049124f,0.7033162353568725f,-0.710872095811319f,-0.0747917655535442f,0f,0f,0f,1f], start_interpolation: 0, interpolation_duration: 1 }
$data merge entity $(bone_lowerleg_right) { transformation: [-0.9999964317535042f,0.00044982437360654797f,-0.0026332752025054547f,-0.12518294308982558f,0f,0.9857214677128436f,0.16838404939315815f,9.363092645537309f,0.002671419147049124f,0.16838344855736398f,-0.9857179504156706f,-0.0059813677560233425f,0f,0f,0f,1f], start_interpolation: 0, interpolation_duration: 1 }
$data merge entity $(bone_leg_right) { transformation: [-0.9999964317535042f,0.00048495615201292274f,-0.0026270321257733957f,-0.125f,0f,0.9833844788734264f,0.18153502888103884f,9.732227891156462f,0.002671419147049124f,0.1815343811193082f,-0.9833809699152056f,0.062499999999999986f,0f,0f,0f,1f], start_interpolation: 0, interpolation_duration: 1 }
$data merge entity $(bone_shoe_left) { transformation: [-0.9999964317535042f,-0.001138222065741198f,0.0024168017685118094f,0.1256498717110307f,-2.168404344971009e-19f,0.9046883455863574f,0.42607393414784256f,9.666584773899553f,-0.0026714191470493683f,0.4260724138110199f,-0.9046851174353383f,0.34791669284585586f,0f,0f,0f,1f], start_interpolation: 0, interpolation_duration: 1 }
$data merge entity $(bone_lowerleg_left) { transformation: [-0.9999964317535042f,-0.0002165753781772639f,0.0026626256523945204f,0.12423980166792471f,-2.168404344971009e-19f,0.9967083058963027f,0.08107128318537177f,10.10321311180687f,-0.0026714191470493683f,0.0810709939030495f,-0.9967047493953827f,0.3785895326804399f,0f,0f,0f,1f], start_interpolation: 0, interpolation_duration: 1 }
$data merge entity $(bone_leg_left) { transformation: [-0.9999964317535042f,0.002023307690947148f,-0.001744335474321409f,0.12499999999999999f,-2.168404344971009e-19f,-0.6529621067693778f,-0.7573905776567967f,9.858321185617104f,-0.0026714191470493683f,-0.757387875100522f,0.6529597768396285f,0.09402332361516037f,0f,0f,0f,1f], start_interpolation: 0, interpolation_duration: 1 }