# This file was generated by Animated Java via MC-Build. It is not recommended to edit this file directly.
$data merge entity $(bone_hammer) { transformation: [-0.000020655101389463426f,0.000001255631327659233f,-0.0000024120436019617598f,0.37469746975673324f,-0.0000027089470236874075f,-0.00000789058644738387f,0.000019089998148690193f,0.5301779146562168f,2.3700293588705933e-7f,0.00001924031738987537f,0.000007986350488365648f,-0.08335357883275352f,0f,0f,0f,1f], start_interpolation: 0, interpolation_duration: 1 }
$data merge entity $(bone_hand_left) { transformation: [-0.9914448666942443f,-0.12504267347570175f,-0.03743535916324519f,0.46611826731937356f,-0.13002945713699554f,0.9711760801721488f,0.19977327543522416f,0.4006837427390185f,0.011376140922578847f,0.20293188786267363f,-0.9791267702939189f,0.44633675729423106f,0f,0f,0f,1f], start_interpolation: 0, interpolation_duration: 1 }
$data merge entity $(bone_lowerarm_left) { transformation: [-0.9914448666942443f,-0.1305261518073319f,-3.848848386818579e-8f,0.408401234567069f,-0.13002945713699554f,0.9876721206206903f,-0.08715573661719894f,0.83742000857598f,0.011376140922578847f,-0.08641010266744081f,-0.9961946986280904f,0.4081272900209721f,0f,0f,0f,1f], start_interpolation: 0, interpolation_duration: 1 }
$data merge entity $(bone_arm_left) { transformation: [-0.9914448666942443f,-0.1305261518073319f,-3.848848386818579e-8f,0.34374999999999994f,-0.13002945713699554f,0.9876721206206903f,-0.08715573661719894f,1.3266263558209157f,0.011376140922578847f,-0.08641010266744081f,-0.9961946986280904f,0.3653272860435053f,0f,0f,0f,1f], start_interpolation: 0, interpolation_duration: 1 }
$data merge entity $(bone_bread) { transformation: [-0.000009677761783155339f,0.0000018648826424186086f,0.0000016920814396783008f,-0.4252755459815811f,0.000001917765831715889f,0.000009813190251838303f,1.532034462039128e-7f,0.1759492126093803f,-0.0000016319010641583232f,4.7276824262155933e-7f,-0.00000985461258018637f,0.3230116763855443f,0f,0f,0f,1f], start_interpolation: 0, interpolation_duration: 1 }
$data merge entity $(bone_hand_right) { transformation: [-0.9677761783155338f,0.18648826424186085f,0.16920814396783007f,-0.46611826731937367f,0.19177658317158888f,0.9813190251838302f,0.01532034462039128f,0.4006837427390185f,-0.16319010641583231f,0.04727682426215593f,-0.9854612580186368f,0.44633675729423095f,0f,0f,0f,1f], start_interpolation: 0, interpolation_duration: 1 }
$data merge entity $(bone_lowerarm_right) { transformation: [-0.9914448666942443f,0.1305261518073319f,3.848848411218312e-8f,-0.4084012345670691f,0.13002945713699554f,0.9876721206206903f,-0.08715573661719894f,0.83742000857598f,-0.011376140922579082f,-0.08641010266744081f,-0.9961946986280904f,0.408127290020972f,0f,0f,0f,1f], start_interpolation: 0, interpolation_duration: 1 }
$data merge entity $(bone_arm_right) { transformation: [-0.9914448666942443f,0.1305261518073319f,3.848848411218312e-8f,-0.34375000000000006f,0.13002945713699554f,0.9876721206206903f,-0.08715573661719894f,1.3266263558209157f,-0.011376140922579082f,-0.08641010266744081f,-0.9961946986280904f,0.3653272860435052f,0f,0f,0f,1f], start_interpolation: 0, interpolation_duration: 1 }
$data merge entity $(bone_uppertail) { transformation: [-1f,1.3863395339406034e-17f,1.216774592777229e-16f,0.02187500000000005f,0f,0.9935718556765875f,-0.11320321376790654f,0.18805875733683775f,-1.2246467991473532e-16f,-0.11320321376790654f,-0.9935718556765875f,-0.42222136475604355f,0f,0f,0f,1f], start_interpolation: 0, interpolation_duration: 1 }
$data merge entity $(bone_middletail) { transformation: [-1f,1.1679664110263902e-16f,3.682583948479541e-17f,0.021875000000000037f,0f,0.30070579950427323f,-0.9537169507482268f,0.5496007973475294f,-1.2246467991473532e-16f,-0.9537169507482268f,-0.30070579950427323f,-0.30824791266363494f,0f,0f,0f,1f], start_interpolation: 0, interpolation_duration: 1 }
$data merge entity $(bone_tail) { transformation: [-1f,1.0862749776607362e-16f,5.654789612090137e-17f,0.02187500000000002f,0f,0.461748613235034f,-0.8870108331782217f,0.8267916827157238f,-1.2246467991473532e-16f,-0.8870108331782217f,-0.461748613235034f,-0.16395147102768684f,0f,0f,0f,1f], start_interpolation: 0, interpolation_duration: 1 }
$data merge entity $(bone_hair) { transformation: [-0.6899105058424206f,0.11819179916175304f,0.010516511717282153f,0.1202572166579553f,0.04749270932586539f,0.23629142684964463f,0.9388560170394171f,1.2838231745739532f,0.10848012024856857f,0.6482260872629755f,-0.34414936038031835f,0.8749112451734897f,0f,0f,0f,1f], start_interpolation: 0, interpolation_duration: 1 }
$data merge entity $(bone_ear_left) { transformation: [-0.5814530068808861f,0.7516887604299377f,-0.5500040991693331f,0.09968748687578961f,-0.5769062590432185f,0.21673832740389953f,0.7983100947855921f,1.4927856245353162f,0.5736650321101466f,0.9798564600962003f,0.24534971665023275f,0.8822206220500202f,0f,0f,0f,1f], start_interpolation: 0, interpolation_duration: 1 }
$data merge entity $(bone_ear_right) { transformation: [-0.5624438025108307f,-0.7639768541400699f,0.558929621947506f,-0.10585495284083889f,0.5862862096757477f,0.2291667811974274f,0.7892168413789721f,1.4944710719651912f,-0.5830312593345257f,0.96744618984657f,0.25442966610326057f,0.8805376405268328f,0f,0f,0f,1f], start_interpolation: 0, interpolation_duration: 1 }
$data merge entity $(bone_head) { transformation: [-0.9999328651111493f,-0.0048650027655003725f,0.010516511717282153f,-5.382668288031911e-17f,0.008199446692725522f,0.34421235936964123f,0.9388560170394171f,1.4284890174964915f,-0.008187450429847596f,0.9388792166222856f,-0.34414936038031835f,0.4395282208535175f,0f,0f,0f,1f], start_interpolation: 0, interpolation_duration: 1 }
$data merge entity $(bone_body) { transformation: [-1f,-7.455177354798984e-17f,9.71577628780522e-17f,1.6558143209571577e-17f,0f,0.7933533402912352f,0.6087614290087207f,0.691084375f,-1.2246467991473532e-16f,0.6087614290087207f,-0.7933533402912352f,-0.1352075f,0f,0f,0f,1f], start_interpolation: 0, interpolation_duration: 1 }
$data merge entity $(bone_shoe_right) { transformation: [-0.9537169507482269f,-5.551115123125783e-17f,0.3007057995042732f,-0.12773125672687302f,1.3877787807814457e-17f,1f,2.220446049250313e-16f,0.24843428494513842f,-0.3007057995042732f,2.220446049250313e-16f,-0.9537169507482268f,0.06674574730307362f,0f,0f,0f,1f], start_interpolation: 0, interpolation_duration: 1 }
$data merge entity $(bone_lowerleg_right) { transformation: [-0.9537169507482269f,-0.21263110997159398f,0.21263110997159387f,-0.19954471784890376f,1.3877787807814457e-17f,0.7071067811865474f,0.7071067811865478f,0.4982829530678548f,-0.3007057995042732f,0.674379723206628f,-0.6743797232066275f,0.2989256396732152f,0f,0f,0f,1f], start_interpolation: 0, interpolation_duration: 1 }
$data merge entity $(bone_leg_right) { transformation: [-0.9537169507482269f,0.203153893518325f,0.2217035710218697f,-0.125f,1.3877787807814457e-17f,0.7372773368101242f,-0.6755902076156601f,0.7125f,-0.3007057995042732f,-0.6443218327625688f,-0.703153893518325f,0.062499999999999986f,0f,0f,0f,1f], start_interpolation: 0, interpolation_duration: 1 }
$data merge entity $(bone_shoe_left) { transformation: [-0.9537169507482269f,5.551115123125783e-17f,-0.30070579950427295f,0.12773125672687297f,-1.3877787807814457e-17f,1f,2.220446049250313e-16f,0.24843428494513842f,0.30070579950427295f,2.220446049250313e-16f,-0.9537169507482268f,0.06674574730307367f,0f,0f,0f,1f], start_interpolation: 0, interpolation_duration: 1 }
$data merge entity $(bone_lowerleg_left) { transformation: [-0.9537169507482269f,0.21263110997159382f,-0.2126311099715937f,0.19954471784890368f,-1.3877787807814457e-17f,0.7071067811865474f,0.7071067811865478f,0.4982829530678548f,0.30070579950427295f,0.674379723206628f,-0.6743797232066275f,0.2989256396732153f,0f,0f,0f,1f], start_interpolation: 0, interpolation_duration: 1 }
$data merge entity $(bone_leg_left) { transformation: [-0.9537169507482269f,-0.20315389351832483f,-0.22170357102186952f,0.12499999999999999f,-1.3877787807814457e-17f,0.7372773368101242f,-0.6755902076156601f,0.7125f,0.30070579950427295f,-0.6443218327625688f,-0.703153893518325f,0.06250000000000001f,0f,0f,0f,1f], start_interpolation: 0, interpolation_duration: 1 }