# This file was generated by Animated Java via MC-Build. It is not recommended to edit this file directly.
$data merge entity $(bone_hammer) { transformation: [-0.00002023326516159395f,-0.000004838507554645773f,-0.000001109776248638545f,0.3779188031259783f,-4.792657143542926e-7f,-0.0000027317182409916724f,0.000020647900561671053f,0.3907829676440896f,-0.000004940957706098174f,0.000020078703590452423f,0.0000025417271393837525f,0.008207510456430311f,0f,0f,0f,1f], start_interpolation: 0, interpolation_duration: 1 }
$data merge entity $(bone_hand_left) { transformation: [-0.9711967277565094f,-0.0025953718170573514f,0.23826493665703247f,0.31363625095227116f,-0.023004754289006044f,0.9962908334882555f,-0.08291776882779561f,0.39691012447984114f,-0.23716596989271232f,-0.08601069208190648f,-0.9676541032685391f,0.5709894589889843f,0f,0f,0f,1f], start_interpolation: 0, interpolation_duration: 1 }
$data merge entity $(bone_lowerarm_left) { transformation: [-0.9711967277565094f,0.07477756454425637f,0.22624153428554633f,0.3467019552741845f,-0.023004754289006044f,0.9156203894786038f,-0.4013852060691233f,0.8017860154524112f,-0.23716596989271232f,-0.3950286296104115f,-0.8875272866300897f,0.39631273683313056f,0f,0f,0f,1f], start_interpolation: 0, interpolation_duration: 1 }
$data merge entity $(bone_arm_left) { transformation: [-0.9711967277565094f,-0.013846218850088765f,0.23787643476940692f,0.33984374999999994f,-0.023004754289006044f,0.9990952935976427f,-0.035768360196446025f,1.2966504030624937f,-0.23716596989271232f,-0.04021040331301956f,-0.9706366087214378f,0.37639602144215056f,0f,0f,0f,1f], start_interpolation: 0, interpolation_duration: 1 }
$data merge entity $(bone_bread) { transformation: [-0.000009971693753064077f,4.167146279843377e-7f,-6.258375299762245e-7f,-0.27723659773057674f,5.264468596171015e-7f,0.000009812435265241097f,-0.0000018544454344768989f,0.14167127532968785f,5.368215710104796e-7f,-0.0000018821432156658004f,-0.000009806597754400915f,0.4508004860573186f,0f,0f,0f,1f], start_interpolation: 0, interpolation_duration: 1 }
$data merge entity $(bone_hand_right) { transformation: [-0.9971693753064076f,0.04167146279843377f,-0.06258375299762245f,-0.322621082075367f,0.052644685961710146f,0.9812435265241096f,-0.18544454344768987f,0.38278915756040494f,0.053682157101047956f,-0.18821432156658002f,-0.9806597754400914f,0.5355662099634562f,0f,0f,0f,1f], start_interpolation: 0, interpolation_duration: 1 }
$data merge entity $(bone_lowerarm_right) { transformation: [-0.9711967277565094f,-0.05445851182771497f,-0.23197238302125311f,-0.3467019552741847f,0.023004754289006044f,0.9475547316285656f,-0.31876450845164606f,0.8017860154524112f,0.23716596989271205f,-0.31491951520639f,-0.919009250044319f,0.39631273683313056f,0f,0f,0f,1f], start_interpolation: 0, interpolation_duration: 1 }
$data merge entity $(bone_arm_right) { transformation: [-0.9711967277565094f,0.013846218850088776f,-0.23787643476940665f,-0.33984375000000006f,0.023004754289006044f,0.9990952935976427f,-0.035768360196446025f,1.2966504030624937f,0.23716596989271205f,-0.04021040331301956f,-0.9706366087214379f,0.37639602144215056f,0f,0f,0f,1f], start_interpolation: 0, interpolation_duration: 1 }
$data merge entity $(bone_uppertail) { transformation: [-1f,2.255544574594976e-17f,1.203696377572853e-16f,0.02187500000000004f,0f,0.9828926825358247f,-0.18417919159755886f,0.13209786028499915f,-1.2246467991473532e-16f,-0.18417919159755886f,-0.9828926825358247f,-0.3306436874528702f,0f,0f,0f,1f], start_interpolation: 0, interpolation_duration: 1 }
$data merge entity $(bone_middletail) { transformation: [-1f,1.205677452197133e-16f,2.147129803372092e-17f,0.021875000000000033f,0f,0.1753264537062448f,-0.9845103527291076f,0.5053106723855307f,-1.2246467991473532e-16f,-0.9845103527291076f,-0.1753264537062448f,-0.2641997911119238f,0f,0f,0f,1f], start_interpolation: 0, interpolation_duration: 1 }
$data merge entity $(bone_tail) { transformation: [-1f,1.158034984277545e-16f,3.9839020802620545e-17f,0.02187500000000002f,0f,0.32531029216226287f,-0.9456073253805213f,0.8008129615669436f,-1.2246467991473532e-16f,-0.9456073253805213f,-0.32531029216226287f,-0.16254032481121666f,0f,0f,0f,1f], start_interpolation: 0, interpolation_duration: 1 }
$data merge entity $(bone_hair) { transformation: [-0.6900803753195849f,0.1169414061372461f,0.015238453603067968f,0.11825986975014842f,0.05085943778098462f,0.24033543522407652f,0.9363980012055486f,1.2519222878267833f,0.1058413585862483f,0.6469649033033378f,-0.3506088602275198f,0.8860641348585541f,0f,0f,0f,1f], start_interpolation: 0, interpolation_duration: 1 }
$data merge entity $(bone_ear_left) { transformation: [-0.6118013912057987f,0.7701893161282098f,-0.49556912806784315f,0.09387150702570111f,-0.5659715751614686f,0.12053881354432033f,0.8187586781905363f,1.4578968599281104f,0.552607667181605f,0.9761435993460121f,0.2899059609490008f,0.8950274531921403f,0f,0f,0f,1f], start_interpolation: 0, interpolation_duration: 1 }
$data merge entity $(bone_ear_right) { transformation: [-0.5851531654879722f,-0.7895048214818368f,0.5081150501951858f,-0.10262333910034484f,0.5802565676697916f,0.13915290289837007f,0.8067802610593019f,1.460241917548834f,-0.566478674440158f,0.9580689543372072f,0.3015372383806493f,0.8927503563536345f,0f,0f,0f,1f], start_interpolation: 0, interpolation_duration: 1 }
$data merge entity $(bone_head) { transformation: [-0.9998616655512041f,-0.006666280294068391f,0.015238453603067968f,-5.502211165949667e-17f,0.011932797550151704f,0.35073692660009503f,0.9363980012055486f,1.394017410533035f,-0.011586979925719783f,0.9364503024860211f,-0.3506088602275198f,0.44928963761474094f,0f,0f,0f,1f], start_interpolation: 0, interpolation_duration: 1 }
$data merge entity $(bone_body) { transformation: [-1f,-7.590235120080281e-17f,9.610635207315157e-17f,1.6617940416561194e-17f,0f,0.7847679195345512f,0.6197897324653033f,0.6647171875f,-1.2246467991473532e-16f,0.6197897324653033f,-0.7847679195345512f,-0.13569578125f,0f,0f,0f,1f], start_interpolation: 0, interpolation_duration: 1 }
$data merge entity $(bone_shoe_right) { transformation: [-0.9470396482450751f,0.0002189274390122231f,0.3211165780874927f,-0.1284370119255444f,1.3877787807814457e-17f,0.9999997675953612f,-0.0006817691862449071f,0.2519367930374281f,-0.32111665271649237f,-0.0006456624503257125f,-0.9470394281486678f,0.06850050339551489f,0f,0f,0f,1f], start_interpolation: 0, interpolation_duration: 1 }
$data merge entity $(bone_lowerleg_right) { transformation: [-0.9470396482450751f,-0.23660407026395186f,0.21710462589814922f,-0.20865494815828833f,1.3877787807814457e-17f,0.676092703575316f,0.7368165688773698f,0.49442247007998097f,-0.32111665271649237f,0.6977945042107675f,-0.6402865961750291f,0.30921580252093367f,0f,0f,0f,1f], start_interpolation: 0, interpolation_duration: 1 }
$data merge entity $(bone_leg_right) { transformation: [-0.9470396482450751f,0.2317358894922044f,0.22229345958237554f,-0.125f,1.3877787807814457e-17f,0.6922514223472368f,-0.7216564059566212f,0.6878906250000001f,-0.32111665271649237f,-0.6834372288509637f,-0.6555895435168801f,0.062499999999999986f,0f,0f,0f,1f], start_interpolation: 0, interpolation_duration: 1 }
$data merge entity $(bone_shoe_left) { transformation: [-0.9470396482450751f,0.0013590975889880286f,-0.3211137765739549f,0.11760111494599097f,1.3877787807814457e-17f,0.9999910433092991f,0.00423241079990927f,0.25409179754163747f,0.3211166527164922f,0.004008260835174748f,-0.9470311659038644f,0.034345928870075315f,0f,0f,0f,1f], start_interpolation: 0, interpolation_duration: 1 }
$data merge entity $(bone_lowerleg_left) { transformation: [-0.9470396482450751f,0.2379317452005024f,-0.2156487636822605f,0.19680219806869673f,1.3877787807814457e-17f,0.6715589548470186f,0.7409511253549589f,0.4439439813179178f,0.3211166527164922f,0.7017100931229528f,-0.6359929563741508f,0.27206231715265583f,0f,0f,0f,1f], start_interpolation: 0, interpolation_duration: 1 }
$data merge entity $(bone_leg_left) { transformation: [-0.9470396482450751f,-0.19032048114651862f,-0.2586387811369399f,0.12499999999999999f,1.3877787807814457e-17f,0.8054355915489914f,-0.5926833116143279f,0.6791015625f,0.3211166527164922f,-0.5612945949519593f,-0.7627794393046208f,0.060302734375000014f,0f,0f,0f,1f], start_interpolation: 0, interpolation_duration: 1 }