# This file was generated by Animated Java via MC-Build. It is not recommended to edit this file directly.
$data merge entity $(bone_hammer) { transformation: [-0.00001618479930121467f,-0.000013092914437203684f,8.097165536423314e-7f,0.5330507667955581f,-0.0000026708750495725474f,0.00000454804181981549f,0.0000201546401568611f,0.337226169473825f,-0.000012843148984059556f,0.000015553735400959172f,-0.000005211776763060497f,0.16797137251754857f,0f,0f,0f,1f], start_interpolation: 0, interpolation_duration: 1 }
$data merge entity $(bone_hand_left) { transformation: [-0.776870366458304f,0.18744338256845747f,0.6011134768496174f,0.23621017918095752f,-0.12820200237948226f,0.8875785879423086f,-0.4424573389743115f,0.551795608085173f,-0.6164711512348586f,-0.42079594646055296f,-0.6655028858972256f,0.6185163150409376f,0f,0f,0f,1f], start_interpolation: 0, interpolation_duration: 1 }
$data merge entity $(bone_lowerarm_left) { transformation: [-0.776870366458304f,0.39213532958521236f,0.49264826906225645f,0.4096075202319186f,-0.12820200237948226f,0.667507198001618f,-0.7334837334269385f,0.8469589472015134f,-0.6164711512348586f,-0.6329802713411579f,-0.46829402706851003f,0.3386203513072694f,0f,0f,0f,1f], start_interpolation: 0, interpolation_duration: 1 }
$data merge entity $(bone_arm_left) { transformation: [-0.776870366458304f,-0.18028016702974106f,0.6033005014871687f,0.32031249999999994f,-0.12820200237948226f,0.9833536098022782f,0.12876305632719415f,1.3340262820567044f,-0.6164711512348586f,0.02268787042799769f,-0.7870505576077121f,0.349857937128637f,0f,0f,0f,1f], start_interpolation: 0, interpolation_duration: 1 }
$data merge entity $(bone_bread) { transformation: [-0.000008912401684241035f,-0.0000012579086357239192f,-0.000004357380185720399f,-0.2587182134840025f,9.866367542197728e-7f,0.000008839806734851908f,-0.0000045699414444486675f,0.23193118937613888f,0.000004426696751976607f,-0.000004502830526972796f,-0.00000775428095386037f,0.5409667484901248f,0f,0f,0f,1f], start_interpolation: 0, interpolation_duration: 1 }
$data merge entity $(bone_hand_right) { transformation: [-0.8912401684241035f,-0.12579086357239191f,-0.4357380185720399f,-0.28747022309546466f,0.09866367542197728f,0.8839806734851907f,-0.45699414444486675f,0.48859270947050626f,0.44266967519766065f,-0.45028305269727953f,-0.7754280953860369f,0.5670626973357034f,0f,0f,0f,1f], start_interpolation: 0, interpolation_duration: 1 }
$data merge entity $(bone_lowerarm_right) { transformation: [-0.776870366458304f,-0.27621155536159225f,-0.5658441573469416f,-0.4096075202319187f,0.12820200237948226f,0.8104395482255994f,-0.5716222399957666f,0.8469589472015134f,0.6164711512348584f,-0.5166187330678367f,-0.5941955943446163f,0.3386203513072693f,0f,0f,0f,1f], start_interpolation: 0, interpolation_duration: 1 }
$data merge entity $(bone_arm_right) { transformation: [-0.776870366458304f,0.18028016702974106f,-0.6033005014871685f,-0.32031250000000006f,0.12820200237948226f,0.9833536098022782f,0.12876305632719415f,1.3340262820567044f,0.6164711512348584f,0.02268787042799769f,-0.7870505576077124f,0.3498579371286369f,0f,0f,0f,1f], start_interpolation: 0, interpolation_duration: 1 }
$data merge entity $(bone_uppertail) { transformation: [-1f,1.85637222909702e-17f,1.2104951896361387e-16f,0.021875000000000037f,0f,0.98844433389197f,-0.15158429601004123f,0.12981464888711547f,-1.2246467991473532e-16f,-0.15158429601004123f,-0.98844433389197f,-0.31492492629015423f,0f,0f,0f,1f], start_interpolation: 0, interpolation_duration: 1 }
$data merge entity $(bone_middletail) { transformation: [-1f,1.1991207464737233e-16f,2.487352368245376e-17f,0.021875000000000026f,0f,0.20310773440776292f,-0.9791563962022337f,0.5009984147173077f,-1.2246467991473532e-16f,-0.9791563962022337f,-0.20310773440776292f,-0.23794956360136776f,0f,0f,0f,1f], start_interpolation: 0, interpolation_duration: 1 }
$data merge entity $(bone_tail) { transformation: [-1f,1.1775735777148142e-16f,3.3627407234247215e-17f,0.021875000000000016f,0f,0.2745886181849324f,-0.961561797682962f,0.8014864764932332f,-1.2246467991473532e-16f,-0.961561797682962f,-0.2745886181849324f,-0.15214062041857637f,0f,0f,0f,1f], start_interpolation: 0, interpolation_duration: 1 }
$data merge entity $(bone_hair) { transformation: [-0.6902184636894784f,0.11572584482858324f,0.02050391803508021f,0.11612382820587035f,0.06334777589276418f,0.2997633190638813f,0.8991254388358312f,1.3359648309321583f,0.09790572849213781f,0.6218918566620054f,-0.4372105151794552f,0.8645840276308525f,0f,0f,0f,1f], start_interpolation: 0, interpolation_duration: 1 }
$data merge entity $(bone_ear_left) { transformation: [-0.640225219355195f,0.7791606552594375f,-0.4452011420970531f,0.08827415120279962f,-0.5078814423922344f,0.11184636296112332f,0.8567268330387203f,1.5393616331576312f,0.5763402718665214f,0.9640884399313968f,0.2604132804350115f,0.8572190347661253f,0f,0f,0f,1f], start_interpolation: 0, interpolation_duration: 1 }
$data merge entity $(bone_ear_right) { transformation: [-0.6055564229013651f,-0.8069622578795537f,0.46144030869913155f,-0.0997461864623835f,0.5262737442803578f,0.13526334910107002f,0.8433414830691024f,1.5421375022940402f,-0.5969400009750023f,0.9378609685711398f,0.2754051278434318f,0.8541100083594011f,0f,0f,0f,1f], start_interpolation: 0, interpolation_duration: 1 }
$data merge entity $(bone_head) { transformation: [-0.9997543948243186f,-0.008410670286671022f,0.02050391803508021f,-5.0934307821513214e-17f,0.01476003821205776f,0.4374420950368774f,0.8991254388358312f,1.4367389478298995f,-0.016531524474136472f,0.8992072475881612f,-0.4372105151794552f,0.41591018616123165f,0f,0f,0f,1f], start_interpolation: 0, interpolation_duration: 1 }
$data merge entity $(bone_body) { transformation: [-1f,-6.886850373972908e-17f,1.012656260498571e-16f,1.4166254929986903e-17f,0f,0.8268965886356963f,0.562354009234973f,0.667646875f,-1.2246467991473532e-16f,0.562354009234973f,-0.8268965886356963f,-0.11567625000000001f,0f,0f,0f,1f], start_interpolation: 0, interpolation_duration: 1 }
$data merge entity $(bone_shoe_right) { transformation: [-0.9478031974340073f,-0.00009738899782840704f,0.3188559070320878f,-0.12834496630644365f,0f,0.999999953355458f,0.00030543261434989866f,0.2524781905371789f,-0.3188559219049763f,0.00028949000848155215f,-0.9478031532241611f,0.06827767146223904f,0f,0f,0f,1f], start_interpolation: 0, interpolation_duration: 1 }
$data merge entity $(bone_lowerleg_right) { transformation: [-0.9478031974340073f,-0.23390684244457627f,0.21669491916397235f,-0.2076446973491034f,0f,0.6796013631151897f,0.7335816159446582f,0.4948137300312127f,-0.3188559219049763f,0.6952910011711531f,-0.6441283449410865f,0.30816239174880306f,0f,0f,0f,1f], start_interpolation: 0, interpolation_duration: 1 }
$data merge entity $(bone_leg_right) { transformation: [-0.9478031974340073f,0.228518434545845f,0.22237001597919784f,-0.125f,0f,0.6973996739676904f,-0.7166824225204349f,0.690625f,-0.3188559219049763f,-0.6792738916096184f,-0.6609976408760112f,0.062499999999999986f,0f,0f,0f,1f], start_interpolation: 0, interpolation_duration: 1 }
$data merge entity $(bone_shoe_left) { transformation: [-0.9478031974340073f,-0.002782507521370464f,-0.31884378084849896f,0.11836057314545967f,0f,0.9999619230641712f,-0.008726535498373766f,0.2490865937616971f,0.318855921904976f,-0.008271038247879892f,-0.9477671079924802f,0.036645813491304774f,0f,0f,0f,1f], start_interpolation: 0, interpolation_duration: 1 }
$data merge entity $(bone_lowerleg_left) { transformation: [-0.9478031974340073f,0.2350852449282376f,-0.21541593847926546f,0.19718492559860562f,0f,0.6755902076156601f,0.7372773368101241f,0.44985111137771516f,0.318855921904976f,0.6987938172242651f,-0.6403265589332274f,0.2751174650023513f,0f,0f,0f,1f], start_interpolation: 0, interpolation_duration: 1 }
$data merge entity $(bone_leg_left) { transformation: [-0.9478031974340073f,-0.19203114531959783f,-0.2545449629458726f,0.12499999999999999f,0f,0.7983071520990315f,-0.6022505217162819f,0.6828125f,0.318855921904976f,-0.5708149701389911f,-0.7566380712938985f,0.060546875000000014f,0f,0f,0f,1f], start_interpolation: 0, interpolation_duration: 1 }