# This file was generated by Animated Java via MC-Build. It is not recommended to edit this file directly.
$data merge entity $(bone_hammer) { transformation: [-0.000009117509975597219f,-0.000018055503949830948f,0.000004989746159906567f,0.6796941254790578f,-0.000004929281062761117f,0.000007666354994691304f,0.00001873384549625235f,0.4428854851291612f,-0.000018072104963920716f,0.000007018087773089538f,-0.000007627138648275733f,0.28244191424237575f,0f,0f,0f,1f], start_interpolation: 0, interpolation_duration: 1 }
$data merge entity $(bone_hand_left) { transformation: [-0.4376404788286664f,0.4594442162862207f,0.7729047958265987f,0.2297058246550569f,-0.2366054910125336f,0.7704547817514434f,-0.5919605315382553f,0.7563976113766866f,-0.8674610382681942f,-0.4419394091925684f,-0.22847517521426747f,0.5140425160603608f,0f,0f,0f,1f], start_interpolation: 0, interpolation_duration: 1 }
$data merge entity $(bone_lowerarm_left) { transformation: [-0.4376404788286664f,0.7296094521609504f,0.5254910642513473f,0.5523300042824771f,-0.2366054910125336f,0.4703859643540493f,-0.8501499198149872f,0.9643964049894928f,-0.8674610382681942f,-0.49639408926387224f,-0.03323033599826282f,0.29454325471399223f,0f,0f,0f,1f], start_interpolation: 0, interpolation_duration: 1 }
$data merge entity $(bone_arm_left) { transformation: [-0.4376404788286664f,-0.5157451190561053f,0.7365309114086247f,0.29687499999999994f,-0.2366054910125336f,0.8563281536539182f,0.45904241076657526f,1.3885464435961992f,-0.8674610382681942f,0.026628282510802848f,-0.496791990331156f,0.30773257589512426f,0f,0f,0f,1f], start_interpolation: 0, interpolation_duration: 1 }
$data merge entity $(bone_bread) { transformation: [-0.000006323524320815847f,-0.000003299995196472431f,-0.000007008785334657452f,-0.3040885653088294f,0.0000017810170025999323f,0.000008185682326013116f,-0.000005461005703535424f,0.38229656980896043f,0.000007539298283030087f,-0.000004701556823101828f,-0.000004588501371760087f,0.49427011318550185f,0f,0f,0f,1f], start_interpolation: 0, interpolation_duration: 1 }
$data merge entity $(bone_hand_right) { transformation: [-0.6323524320815846f,-0.32999951964724306f,-0.7008785334657451f,-0.3281881705535447f,0.17810170025999322f,0.8185682326013116f,-0.5461005703535423f,0.6407522982509397f,0.7539298283030087f,-0.4701556823101828f,-0.45885013717600864f,0.4959004390960885f,0f,0f,0f,1f], start_interpolation: 0, interpolation_duration: 1 }
$data merge entity $(bone_lowerarm_right) { transformation: [-0.43764047882866663f,-0.5068931928852185f,-0.7426507269889688f,-0.5523300042824772f,0.2366054910125336f,0.7319160011048549f,-0.6389967206092655f,0.9643964049894928f,0.867461038268194f,-0.4553660706874267f,-0.20038235639237353f,0.29454325471399206f,0f,0f,0f,1f], start_interpolation: 0, interpolation_duration: 1 }
$data merge entity $(bone_arm_right) { transformation: [-0.43764047882866663f,0.5157451190561053f,-0.7365309114086245f,-0.29687500000000006f,0.2366054910125336f,0.8563281536539182f,0.45904241076657526f,1.3885464435961992f,0.867461038268194f,0.02662828251080296f,-0.4967919903311562f,0.30773257589512415f,0f,0f,0f,1f], start_interpolation: 0, interpolation_duration: 1 }
$data merge entity $(bone_uppertail) { transformation: [-1f,9.799897278220169e-18f,1.2207194534353463e-16f,0.021875000000000037f,0f,0.9967930788577234f,-0.08002223404367076f,0.14809942552785954f,-1.2246467991473532e-16f,-0.08002223404367076f,-0.9967930788577234f,-0.3327297202994293f,0f,0f,0f,1f], start_interpolation: 0, interpolation_duration: 1 }
$data merge entity $(bone_middletail) { transformation: [-1f,1.1720350342247045e-16f,3.550966927637502e-17f,0.021875000000000023f,0f,0.2899584541526441f,-0.9570392337127087f,0.5109006724877645f,-1.2246467991473532e-16f,-0.9570392337127087f,-0.2899584541526441f,-0.22283044968633042f,0f,0f,0f,1f], start_interpolation: 0, interpolation_duration: 1 }
$data merge entity $(bone_tail) { transformation: [-1f,1.1798388058873184e-16f,3.2823798498078185e-17f,0.021875000000000012f,0f,0.2680266548765847f,-0.9634114968567004f,0.8119667652554833f,-1.2246467991473532e-16f,-0.9634114968567004f,-0.2680266548765847f,-0.1390721200373977f,0f,0f,0f,1f], start_interpolation: 0, interpolation_duration: 1 }
$data merge entity $(bone_hair) { transformation: [-0.6903104286432014f,0.11460141901732428f,0.02626500992261896f,0.11389160071496436f,0.07753898701634789f,0.3728330227156499f,0.8390753446566002f,1.453502156589593f,0.08636676211899026f,0.5812590230972137f,-0.5433808197233063f,0.8228047353433671f,0f,0f,0f,1f], start_interpolation: 0, interpolation_duration: 1 }
$data merge entity $(bone_ear_left) { transformation: [-0.6661318886173059f,0.7799375129683883f,-0.4008118262907645f,0.08303472398556608f,-0.4349839206388807f,0.1350439314204125f,0.8938279396109172f,1.6526204441994516f,0.6058525363095949f,0.9544949515063997f,0.20105097432334051f,0.7937616106059198f,0f,0f,0f,1f], start_interpolation: 0, interpolation_duration: 1 }
$data merge entity $(bone_ear_right) { transformation: [-0.6231670145017744f,-0.8175130271827709f,0.4207214722971315f,-0.09727662504953555f,0.4563933069806995f,0.16157031385454423f,0.8801860108544537f,1.655614594992544f,-0.6351126052757621f,0.9182415172858426f,0.21969530956362615f,0.7896695242050191f,0f,0f,0f,1f], start_interpolation: 0, interpolation_duration: 1 }
$data merge entity $(bone_head) { transformation: [-0.9996048424048686f,-0.010015402862725441f,0.02626500992261896f,-4.4660533128104486e-17f,0.01659888657969499f,0.5437619359183962f,0.8390753446566002f,1.4993242324510931f,-0.02268559025135522f,0.8391797475819918f,-0.5433808197233063f,0.36468092807819275f,0f,0f,0f,1f], start_interpolation: 0, interpolation_duration: 1 }
$data merge entity $(bone_body) { transformation: [-1f,-5.872104955296429e-17f,1.0746830307591578e-16f,1.0997002959537202e-17f,0f,0.8775452902072614f,0.47949375766015284f,0.6822953125f,-1.2246467991473532e-16f,0.47949375766015284f,-0.8775452902072614f,-0.08979734374999995f,0f,0f,0f,1f], start_interpolation: 0, interpolation_duration: 1 }
$data merge entity $(bone_shoe_right) { transformation: [-0.9515399068949143f,0.0013938234486995382f,0.30752213390683225f,-0.12795551601742045f,1.3877787807814457e-17f,0.999989728684086f,-0.004532386383351739f,0.2526232376700209f,-0.30752529259626404f,-0.004312746517226296f,-0.9515301333279258f,0.0673261605525603f,0f,0f,0f,1f], start_interpolation: 0, interpolation_duration: 1 }
$data merge entity $(bone_lowerleg_right) { transformation: [-0.9515399068949143f,-0.22054413816296886f,0.21431772840428093f,-0.2025834477557753f,1.3877787807814457e-17f,0.6969108998967735f,0.7171577215683237f,0.4969088185393938f,-0.30752529259626404f,0.6824041916100917f,-0.6631385328018268f,0.3025574796006672f,0f,0f,0f,1f], start_interpolation: 0, interpolation_duration: 1 }
$data merge entity $(bone_leg_right) { transformation: [-0.9515399068949143f,0.2125820165812208f,0.2222176676429653f,-0.125f,1.3877787807814457e-17f,0.7225996462499256f,-0.6912667728449577f,0.704296875f,-0.30752529259626404f,-0.6577679206724389f,-0.6875824001149523f,0.062499999999999986f,0f,0f,0f,1f], start_interpolation: 0, interpolation_duration: 1 }
$data merge entity $(bone_shoe_left) { transformation: [-0.9515399068949143f,-0.00033545798903272805f,-0.30752510963229535f,0.12439651736433562f,-1.3877787807814457e-17f,0.999999405044161f,-0.0010908305661646023f,0.2501606933494231f,0.3075252925962638f,-0.0010379688153662747f,-0.9515393407706907f,0.055581541214369895f,0f,0f,0f,1f], start_interpolation: 0, interpolation_duration: 1 }
$data merge entity $(bone_lowerleg_left) { transformation: [-0.9515399068949143f,0.22098202226199823f,-0.21386619981524757f,0.1988058289761484f,-1.3877787807814457e-17f,0.6954426350096118f,0.718581617779698f,0.47987911244982817f,0.3075252925962638f,0.6837590856784908f,-0.6617414201677998f,0.2901364093172589f,0f,0f,0f,1f], start_interpolation: 0, interpolation_duration: 1 }
$data merge entity $(bone_leg_left) { transformation: [-0.9515399068949143f,-0.19951436667332792f,-0.2340209885402558f,0.12499999999999999f,-1.3877787807814457e-17f,0.7609812726769485f,-0.6487738455232084f,0.7013671875f,0.3075252925962638f,-0.6173342045650092f,-0.724104049351797f,0.061767578125000014f,0f,0f,0f,1f], start_interpolation: 0, interpolation_duration: 1 }