# This file was generated by Animated Java via MC-Build. It is not recommended to edit this file directly.
$data merge entity $(bone_hammer) { transformation: [-0.000004232373617413957f,-0.000019038358874573457f,0.000007325003938793918f,0.7538396743241615f,-0.000004618825526952885f,0.00000818111428398849f,0.000018594719616107844f,0.5737998095110171f,-0.000019869102699718595f,0.000002153610506346855f,-0.000005882898730453013f,0.28880262513761945f,0f,0f,0f,1f], start_interpolation: 0, interpolation_duration: 1 }
$data merge entity $(bone_hand_left) { transformation: [-0.20315393363586987f,0.6005129415029717f,0.7733774539871986f,0.25844865956996643f,-0.22170362529373844f,0.741123378717973f,-0.633706272692065f,0.9123326354321896f,-0.9537169295864925f,-0.3002005073365213f,-0.01742623352904725f,0.4012529261050598f,0f,0f,0f,1f], start_interpolation: 0, interpolation_duration: 1 }
$data merge entity $(bone_lowerarm_left) { transformation: [-0.20315393363586987f,0.8774196130606741f,0.43458405615568796f,0.6464326447202332f,-0.22170362529373844f,0.3910921938624635f,-0.8932493484080799f,1.0852687149057476f,-0.9537169295864925f,-0.27781597959135246f,0.11507519152193882f,0.2784061726295086f,0f,0f,0f,1f], start_interpolation: 0, interpolation_duration: 1 }
$data merge entity $(bone_arm_left) { transformation: [-0.20315393363586987f,-0.7372772637884835f,0.644321903669928f,0.28124999999999994f,-0.22170362529373844f,0.6755902873047877f,0.7031537998411502f,1.4198970290864004f,-0.9537169295864925f,-4.15110470997071e-8f,-0.3007058666207095f,0.2784061520685681f,0f,0f,0f,1f], start_interpolation: 0, interpolation_duration: 1 }
$data merge entity $(bone_bread) { transformation: [-0.000004402259133253361f,-0.000004290972355925751f,-0.000007887183956544214f,-0.3532239501729174f,0.000001557952237447641f,0.000008285877107689182f,-0.000005377455288712707f,0.5033991219708632f,0.000008842674897875603f,-0.0000035960807550656285f,-0.0000029791448191599165f,0.39740623056235785f,0f,0f,0f,1f], start_interpolation: 0, interpolation_duration: 1 }
$data merge entity $(bone_hand_right) { transformation: [-0.4402259133253361f,-0.42909723559257507f,-0.7887183956544213f,-0.3760132905848241f,0.1557952237447641f,0.8285877107689182f,-0.5377455288712707f,0.7616080762945207f,0.8842674897875602f,-0.3596080755065628f,-0.2979144819159916f,0.4112479923965187f,0f,0f,0f,1f], start_interpolation: 0, interpolation_duration: 1 }
$data merge entity $(bone_lowerarm_right) { transformation: [-0.2031539336358701f,-0.6115490694228337f,-0.7646804659047719f,-0.6464326447202333f,0.22170362529373844f,0.7319533876720328f,-0.6442761370771455f,1.0852687149057476f,0.9537169295864925f,-0.30041966307733786f,-0.013116564207620205f,0.2784061726295084f,0f,0f,0f,1f], start_interpolation: 0, interpolation_duration: 1 }
$data merge entity $(bone_arm_right) { transformation: [-0.2031539336358701f,0.7372772637884835f,-0.6443219036699278f,-0.28125000000000006f,0.22170362529373844f,0.6755902873047877f,0.7031537998411502f,1.4198970290864004f,0.9537169295864925f,-4.1511046877662494e-8f,-0.30070586662070975f,0.278406152068568f,0f,0f,0f,1f], start_interpolation: 0, interpolation_duration: 1 }
$data merge entity $(bone_uppertail) { transformation: [-1f,4.273955692857115e-18f,1.2239007774061617e-16f,0.021875000000000044f,0f,0.9993908270190958f,-0.03489949670250064f,0.15927524300866763f,-1.2246467991473532e-16f,-0.03489949670250064f,-0.9993908270190958f,-0.3406587299407561f,0f,0f,0f,1f], start_interpolation: 0, interpolation_duration: 1 }
$data merge entity $(bone_middletail) { transformation: [-1f,1.1507915602278503e-16f,4.1885387376769924e-17f,0.021875000000000026f,0f,0.3420201433256689f,-0.9396926207859084f,0.5155017229522427f,-1.2246467991473532e-16f,-0.9396926207859084f,-0.3420201433256689f,-0.21102351302821004f,0f,0f,0f,1f], start_interpolation: 0, interpolation_duration: 1 }
$data merge entity $(bone_tail) { transformation: [-1f,1.1829179713786698e-16f,3.1696191514317656e-17f,0.021875000000000016f,0f,0.25881904510252085f,-0.9659258262890683f,0.8173535436675766f,-1.2246467991473532e-16f,-0.9659258262890683f,-0.25881904510252085f,-0.13014256143367228f,0f,0f,0f,1f], start_interpolation: 0, interpolation_duration: 1 }
$data merge entity $(bone_hair) { transformation: [-0.6903435407049737f,0.11361912594121115f,0.032466309925116024f,0.11160513589087008f,0.0877821498411531f,0.4232241726160954f,0.7865911910270809f,1.5305887559766573f,0.0756312764415982f,0.5458681103836132f,-0.6166200101508584f,0.7897452292225642f,0f,0f,0f,1f], start_interpolation: 0, interpolation_duration: 1 }
$data merge entity $(bone_ear_left) { transformation: [-0.6890266368758367f,0.7742700731890395f,-0.363914923752207f,0.07829421872246134f,-0.38351867283731755f,0.13681081300107184f,0.9168692956785609f,1.7249463167745058f,0.6149436732422543f,0.9528713465829577f,0.16406286268477976f,0.7456291173540857f,0f,0f,0f,1f], start_interpolation: 0, interpolation_duration: 1 }
$data merge entity $(bone_ear_right) { transformation: [-0.6375485469294693f,-0.8226269878904524f,0.38746082032564266f,-0.09526616489638862f,0.40808706016733076f,0.16638560529457724f,0.9029536951636106f,1.7281606831986251f,-0.6534499228189622f,0.9065185144684209f,0.18587290577962512f,0.7405912125825779f,0f,0f,0f,1f], start_interpolation: 0, interpolation_duration: 1 }
$data merge entity $(bone_head) { transformation: [-0.999407750422797f,-0.011405573843114015f,0.032466309925116024f,-4.0266523093490396e-17f,0.01850919345752517f,0.6171966525801564f,0.7865911910270809f,1.5354051606389991f,-0.02900962172101389f,0.7867262579380192f,-0.6166200101508584f,0.3288011132803803f,0f,0f,0f,1f], start_interpolation: 0, interpolation_duration: 1 }
$data merge entity $(bone_body) { transformation: [-1f,-5.175581015019659e-17f,1.1099069304367545e-16f,8.90410071490062e-18f,0f,0.9063077870366499f,0.42261826174069944f,0.691084375f,-1.2246467991473532e-16f,0.42261826174069944f,-0.9063077870366499f,-0.07270750000000001f,0f,0f,0f,1f], start_interpolation: 0, interpolation_duration: 1 }
$data merge entity $(bone_shoe_right) { transformation: [-0.9537169507482269f,-5.551115123125783e-17f,0.3007057995042732f,-0.12773125672687302f,1.3877787807814457e-17f,1f,2.220446049250313e-16f,0.24843428494513842f,-0.3007057995042732f,2.220446049250313e-16f,-0.9537169507482268f,0.06674574730307362f,0f,0f,0f,1f], start_interpolation: 0, interpolation_duration: 1 }
$data merge entity $(bone_lowerleg_right) { transformation: [-0.9537169507482269f,-0.21263110997159398f,0.21263110997159387f,-0.19954471784890376f,1.3877787807814457e-17f,0.7071067811865474f,0.7071067811865478f,0.4982829530678548f,-0.3007057995042732f,0.674379723206628f,-0.6743797232066275f,0.2989256396732152f,0f,0f,0f,1f], start_interpolation: 0, interpolation_duration: 1 }
$data merge entity $(bone_leg_right) { transformation: [-0.9537169507482269f,0.203153893518325f,0.2217035710218697f,-0.125f,1.3877787807814457e-17f,0.7372773368101242f,-0.6755902076156601f,0.7125f,-0.3007057995042732f,-0.6443218327625688f,-0.703153893518325f,0.062499999999999986f,0f,0f,0f,1f], start_interpolation: 0, interpolation_duration: 1 }
$data merge entity $(bone_shoe_left) { transformation: [-0.9537169507482269f,5.551115123125783e-17f,-0.30070579950427295f,0.12773125672687297f,-1.3877787807814457e-17f,1f,2.220446049250313e-16f,0.24843428494513842f,0.30070579950427295f,2.220446049250313e-16f,-0.9537169507482268f,0.06674574730307367f,0f,0f,0f,1f], start_interpolation: 0, interpolation_duration: 1 }
$data merge entity $(bone_lowerleg_left) { transformation: [-0.9537169507482269f,0.21263110997159382f,-0.2126311099715937f,0.19954471784890368f,-1.3877787807814457e-17f,0.7071067811865474f,0.7071067811865478f,0.4982829530678548f,0.30070579950427295f,0.674379723206628f,-0.6743797232066275f,0.2989256396732153f,0f,0f,0f,1f], start_interpolation: 0, interpolation_duration: 1 }
$data merge entity $(bone_leg_left) { transformation: [-0.9537169507482269f,-0.20315389351832483f,-0.22170357102186952f,0.12499999999999999f,-1.3877787807814457e-17f,0.7372773368101242f,-0.6755902076156601f,0.7125f,0.30070579950427295f,-0.6443218327625688f,-0.703153893518325f,0.06250000000000001f,0f,0f,0f,1f], start_interpolation: 0, interpolation_duration: 1 }