# This file was generated by Animated Java via MC-Build. It is not recommended to edit this file directly.
$data merge entity $(bone_hammer) { transformation: [-0.0000024620374824036473f,-0.000019694349596938063f,0.000006332356841382425f,0.8315738143475925f,-0.0000030196975264178793f,0.000006650870766128794f,0.000019510897536478863f,0.6554371347368833f,-0.000020465765953463922f,0.0000013879084204718466f,-0.000003640592250197499f,0.23610549757831986f,0f,0f,0f,1f], start_interpolation: 0, interpolation_duration: 1 }
$data merge entity $(bone_hand_left) { transformation: [-0.11817779915537506f,0.5851444381466621f,0.8022717708437827f,0.29529115611820766f,-0.14494548126805817f,0.7891147354782022f,-0.5968992726676234f,0.9602797092785802f,-0.9823567657662682f,-0.18682591029403323f,-0.008441800521394566f,0.3423218592612493f,0f,0f,0f,1f], start_interpolation: 0, interpolation_duration: 1 }
$data merge entity $(bone_lowerarm_left) { transformation: [-0.11817779915537506f,0.8942396175400857f,0.4317053557793243f,0.6907127369992143f,-0.14494548126805817f,0.4145606958795248f,-0.8984042725253789f,1.1435932669878075f,-0.9823567657662682f,-0.16874518023826754f,0.08062412107794892f,0.2677048498746404f,0f,0f,0f,1f], start_interpolation: 0, interpolation_duration: 1 }
$data merge entity $(bone_arm_left) { transformation: [-0.11817779915537506f,-0.8355477970962055f,0.5365574401259104f,0.27685546874999994f,-0.14494548126805817f,0.5490715410058035f,0.8231107157105193f,1.4155552646422447f,-0.9823567657662682f,0.019501836456867455f,-0.18599694386749144f,0.27736435324468256f,0f,0f,0f,1f], start_interpolation: 0, interpolation_duration: 1 }
$data merge entity $(bone_bread) { transformation: [-0.000003837440969715258f,-0.000003980853676596094f,-0.000008332277648367351f,-0.42024445915067593f,9.027889508564924e-7f,0.000008818137635817463f,-0.000004628760173738864f,0.54188916928377f,0.00000919015880788587f,-0.000002528488212610639f,-0.000003024521192606659f,0.310425822010081f,0f,0f,0f,1f], start_interpolation: 0, interpolation_duration: 1 }
$data merge entity $(bone_hand_right) { transformation: [-0.3837440969715258f,-0.3980853676596094f,-0.833227764836735f,-0.42715616878234397f,0.09027889508564924f,0.8818137635817461f,-0.4628760173738864f,0.7982878631818657f,0.919015880788587f,-0.2528488212610639f,-0.3024521192606659f,0.3503601498160932f,0f,0f,0f,1f], start_interpolation: 0, interpolation_duration: 1 }
$data merge entity $(bone_lowerarm_right) { transformation: [-0.11817779915537531f,-0.5960289881936292f,-0.7942187689923161f,-0.6907127369992143f,0.14494548126805817f,0.7809026799851686f,-0.6076033342995676f,1.1435932669878075f,0.9823567657662681f,-0.18692364651070661f,-0.005893651531742317f,0.26770484987464016f,0f,0f,0f,1f], start_interpolation: 0, interpolation_duration: 1 }
$data merge entity $(bone_arm_right) { transformation: [-0.11817779915537531f,0.8355477970962055f,-0.5365574401259102f,-0.27685546875000006f,0.14494548126805817f,0.5490715410058035f,0.8231107157105193f,1.4155552646422447f,0.9823567657662681f,0.019501836456867677f,-0.18599694386749155f,0.27736435324468245f,0f,0f,0f,1f], start_interpolation: 0, interpolation_duration: 1 }
$data merge entity $(bone_uppertail) { transformation: [-1f,7.851270224807627e-18f,1.2221274639936548e-16f,0.021875000000000037f,0f,0.9979428067297017f,-0.06411048663397467f,0.13981685440326247f,-1.2246467991473532e-16f,-0.06411048663397467f,-0.9979428067297017f,-0.30348416726950556f,0f,0f,0f,1f], start_interpolation: 0, interpolation_duration: 1 }
$data merge entity $(bone_middletail) { transformation: [-1f,1.1703270357356552e-16f,3.6068602979329727e-17f,0.021875000000000023f,0f,0.2945224941954047f,-0.9556445471057309f,0.5020894902491119f,-1.2246467991473532e-16f,-0.9556445471057309f,-0.2945224941954047f,-0.1918547276298939f,0f,0f,0f,1f], start_interpolation: 0, interpolation_duration: 1 }
$data merge entity $(bone_tail) { transformation: [-1f,1.1998782121351526e-16f,2.4505521562539118e-17f,0.021875000000000016f,0f,0.20010276905635827f,-0.9797749138531653f,0.808269150828226f,-1.2246467991473532e-16f,-0.9797749138531653f,-0.20010276905635827f,-0.12932261229978192f,0f,0f,0f,1f], start_interpolation: 0, interpolation_duration: 1 }
$data merge entity $(bone_hair) { transformation: [-0.6903071976700405f,0.11282274874454755f,0.039044720844656614f,0.1093048897326397f,0.09319820461474594f,0.44036672242725905f,0.7658412000835624f,1.538446867987089f,0.0692103135488018f,0.5323045905723507f,-0.6418432565889679f,0.7873597883547516f,0f,0f,0f,1f], start_interpolation: 0, interpolation_duration: 1 }
$data merge entity $(bone_ear_left) { transformation: [-0.7085165287515145f,0.7640557708055403f,-0.3355853198149683f,0.07419406650656953f,-0.3701367731201672f,0.09596252599447119f,0.9256994750389201f,1.7302847683540887f,0.6008353332403931f,0.9601056567439836f,0.17453645761660475f,0.7391635619819561f,0f,0f,0f,1f], start_interpolation: 0, interpolation_duration: 1 }
$data merge entity $(bone_ear_right) { transformation: [-0.6483164551970833f,-0.8238255051626525f,0.3628296339841355f,-0.09376582113534969f,0.39984429029527613f,0.1307287874547292f,0.9104078551558603f,1.7339622078811932f,-0.6479277100409854f,0.9049941549990259f,0.1987767440457867f,0.7333340822966966f,0f,0f,0f,1f], start_interpolation: 0, interpolation_duration: 1 }
$data merge entity $(bone_head) { transformation: [-0.9991590642063592f,-0.012516956037127446f,0.039044720844656614f,-3.9916564864728677e-17f,0.021876336595382115f,0.6426575154401716f,0.7658412000835624f,1.528658073275779f,-0.03467838392194897f,0.7660513322616378f,-0.6418432565889679f,0.3259434874816163f,0f,0f,0f,1f], start_interpolation: 0, interpolation_duration: 1 }
$data merge entity $(bone_body) { transformation: [-1f,-5.1187610730806e-17f,1.1125388233356196e-16f,8.72470909393177e-18f,0f,0.9084568906808171f,0.41797856138149225f,0.6822953125f,-1.2246467991473532e-16f,0.41797856138149225f,-0.9084568906808171f,-0.07124265625000001f,0f,0f,0f,1f], start_interpolation: 0, interpolation_duration: 1 }
$data merge entity $(bone_shoe_right) { transformation: [-0.9537169507482269f,0.0005330308275430518f,0.3007053270789213f,-0.12178322896633378f,0f,0.999998428944993f,-0.0017725990932723756f,0.24854238988783925f,-0.3007057995042732f,-0.0016905578021347845f,-0.9537154524064364f,0.047881013373435394f,0f,0f,0f,1f], start_interpolation: 0, interpolation_duration: 1 }
$data merge entity $(bone_lowerleg_right) { transformation: [-0.9537169507482269f,-0.22486177807483906f,0.1996525948154092f,-0.19798103995956634f,0f,0.6639466054347648f,0.7477799844417157f,0.4837198559063467f,-0.3007057995042732f,0.7131704465923098f,-0.6332171319948802f,0.2939662870068225f,0f,0f,0f,1f], start_interpolation: 0, interpolation_duration: 1 }
$data merge entity $(bone_leg_right) { transformation: [-0.9537169507482269f,0.19788348228539643f,0.22642019630348645f,-0.125f,0f,0.7529625191025586f,-0.6580634048682003f,0.70224609375f,-0.3007057995042732f,-0.627606223889896f,-0.7181131177461959f,0.062499999999999986f,0f,0f,0f,1f], start_interpolation: 0, interpolation_duration: 1 }
$data merge entity $(bone_shoe_left) { transformation: [-0.9515399068949143f,-0.0023901145825747094f,-0.30751600436188664f,0.12742722003293794f,0f,0.9999697968440292f,-0.00777209107711524f,0.24800868767798054f,0.3075252925962638f,-0.007395454819897229f,-0.9515111673866938f,0.06569151545510046f,0f,0f,0f,1f], start_interpolation: 0, interpolation_duration: 1 }
$data merge entity $(bone_lowerleg_left) { transformation: [-0.9515399068949143f,0.22141898193086768f,-0.2134137765635475f,0.20232191189899396f,0f,0.6939714608896539f,0.7200025079613817f,0.4958785632174465f,0.3075252925962638f,0.6851111193896777f,-0.660341539282669f,0.301748239480252f,0f,0f,0f,1f], start_interpolation: 0, interpolation_duration: 1 }
$data merge entity $(bone_leg_left) { transformation: [-0.9515399068949143f,-0.21167123351598807f,-0.2230853972994148f,0.12499999999999999f,0f,0.725421299223975f,-0.6883051203007283f,0.704296875f,0.3075252925962638f,-0.6549497900862479f,-0.6902673155231689f,0.06250000000000001f,0f,0f,0f,1f], start_interpolation: 0, interpolation_duration: 1 }