# This file was generated by Animated Java via MC-Build. It is not recommended to edit this file directly.
$data merge entity $(bone_hammer) { transformation: [-0.0000018614112465651019f,-0.000020528208007092508f,0.0000030258225272613075f,0.9370051212177375f,-0.0000016948324048393075f,0.0000031782345513181278f,0.000020519603944377007f,0.738048284110606f,-0.000020680678641390024f,0.0000015872236553582295f,-0.0000019539779367238738f,0.19331004069437357f,0f,0f,0f,1f], start_interpolation: 0, interpolation_duration: 1 }
$data merge entity $(bone_hand_left) { transformation: [-0.08934773983512488f,0.4698167880641698f,0.8782307026285419f,0.3448782524203636f,-0.08135195543228674f,0.875368700890711f,-0.4765621647259176f,0.9514156839564989f,-0.9926725747867211f,-0.11402553728869803f,-0.0399917005430582f,0.3183750071022576f,0f,0f,0f,1f], start_interpolation: 0, interpolation_duration: 1 }
$data merge entity $(bone_lowerarm_left) { transformation: [-0.08934773983512488f,0.849637789946291f,0.5197428280231846f,0.7205774626622391f,-0.08135195543228674f,0.5138609240604513f,-0.8540075000086842f,1.1786385613144796f,-0.9926725747867211f,-0.11858573530961403f,0.023207383466906983f,0.26593787727003765f,0f,0f,0f,1f], start_interpolation: 0, interpolation_duration: 1 }
$data merge entity $(bone_arm_left) { transformation: [-0.08934773983512488f,-0.8948567069521547f,0.4373196261421397f,0.27734374999999994f,-0.08135195543228674f,0.44416534692495474f,0.8922438029700055f,1.3986392097132463f,-0.9926725747867211f,0.04414316044168698f,-0.11248351280308322f,0.2878025364263107f,0f,0f,0f,1f], start_interpolation: 0, interpolation_duration: 1 }
$data merge entity $(bone_bread) { transformation: [-0.0000038126433359706382f,-0.00000280223024967466f,-0.000008809725104705994f,-0.5225722771681602f,5.993708722795111e-7f,0.000009434550208996631f,-0.0000032603706708570087f,0.549350157663183f,0.000009225210314683435f,-0.0000017710923131587412f,-0.000003429099979313587f,0.2552421075787945f,0f,0f,0f,1f], start_interpolation: 0, interpolation_duration: 1 }
$data merge entity $(bone_hand_right) { transformation: [-0.3812643335970638f,-0.280223024967466f,-0.8809725104705993f,-0.49757852092078503f,0.0599370872279511f,0.943455020899663f,-0.32603706708570085f,0.8002316448224438f,0.9225210314683434f,-0.1771092313158741f,-0.3429099979313587f,0.31702077743663837f,0f,0f,0f,1f], start_interpolation: 0, interpolation_duration: 1 }
$data merge entity $(bone_lowerarm_right) { transformation: [-0.08934773983512513f,-0.5043085608287303f,-0.8588887336909304f,-0.7205774626622392f,0.08135195543228674f,0.855761224575629f,-0.510935011386148f,1.1786385613144796f,0.9926725747867211f,-0.11552316645450386f,-0.03543384368971202f,0.2659378772700374f,0f,0f,0f,1f], start_interpolation: 0, interpolation_duration: 1 }
$data merge entity $(bone_arm_right) { transformation: [-0.08934773983512513f,0.8948567069521547f,-0.4373196261421397f,-0.27734375000000006f,0.08135195543228674f,0.44416534692495474f,0.8922438029700055f,1.3986392097132463f,0.9926725747867211f,0.0441431604416872f,-0.11248351280308333f,0.2878025364263106f,0f,0f,0f,1f], start_interpolation: 0, interpolation_duration: 1 }
$data merge entity $(bone_uppertail) { transformation: [-1f,1.4990984156418645e-17f,1.2154368852655648e-16f,0.02187500000000003f,0f,0.99247953459871f,-0.12241067519921628f,0.11399241613873695f,-1.2246467991473532e-16f,-0.12241067519921628f,-0.99247953459871f,-0.2512648616967784f,0f,0f,0f,1f], start_interpolation: 0, interpolation_duration: 1 }
$data merge entity $(bone_middletail) { transformation: [-1f,1.1977462773799904e-16f,2.552716938562368e-17f,0.02187500000000002f,0f,0.20844515662309077f,-0.9780340570145679f,0.4847508276393002f,-1.2246467991473532e-16f,-0.9780340570145679f,-0.20844515662309077f,-0.172266160577506f,0f,0f,0f,1f], start_interpolation: 0, interpolation_duration: 1 }
$data merge entity $(bone_tail) { transformation: [-1f,1.214601179731687e-16f,1.5653675880205214e-17f,0.021875000000000016f,0f,0.1278219637784863f,-0.9917971292435823f,0.7946874305279197f,-1.2246467991473532e-16f,-0.9917971292435823f,-0.1278219637784863f,-0.13232179689672902f,0f,0f,0f,1f], start_interpolation: 0, interpolation_duration: 1 }
$data merge entity $(bone_hair) { transformation: [-0.6901933708574973f,0.11224716641667691f,0.04592994789743587f,0.10702882329116901f,0.09712549836646175f,0.4449490852275619f,0.7594129702823798f,1.5201426256043864f,0.06480546575275553f,0.5286027669115841f,-0.6489856550441097f,0.7982190981845613f,0f,0f,0f,1f], start_interpolation: 0, interpolation_duration: 1 }
$data merge entity $(bone_ear_left) { transformation: [-0.724303280229168f,0.7510763410882586f,-0.3164987353897323f,0.07087475077723225f,-0.3725470296905854f,0.04728940881603938f,0.9272115595722398f,1.7108544376135726f,0.5801667595769249f,0.9680399248528819f,0.20026800616252993f,0.7498299130554106f,0f,0f,0f,1f], start_interpolation: 0, interpolation_duration: 1 }
$data merge entity $(bone_ear_right) { transformation: [-0.6551332762692155f,-0.822432234373331f,0.34771578836765915f,-0.09282735568023028f,0.4088191175347645f,0.08866459276621097f,0.9097461332431993f,1.7151589611943996f,-0.6353481875813136f,0.9050950581519943f,0.22683849666426603f,0.7432813581696536f,0f,0f,0f,1f], start_interpolation: 0, interpolation_duration: 1 }
$data merge entity $(bone_head) { transformation: [-0.998856140849466f,-0.013298487637721788f,0.04592994789743587f,-4.119342245199294e-17f,0.026264780003046138f,0.6500785351773161f,0.7594129702823798f,1.5064146174354316f,-0.03995711724716137f,0.7597506487843656f,-0.6489856550441097f,0.33636982092039436f,0f,0f,0f,1f], start_interpolation: 0, interpolation_duration: 1 }
$data merge entity $(bone_body) { transformation: [-1f,-5.326435281944692e-17f,1.1027468678415756e-16f,9.382478370817554e-18f,0f,0.9004611522353636f,0.4349364474437171f,0.667646875f,-1.2246467991473532e-16f,0.4349364474437171f,-0.9004611522353636f,-0.07661375000000001f,0f,0f,0f,1f], start_interpolation: 0, interpolation_duration: 1 }
$data merge entity $(bone_shoe_right) { transformation: [-0.9537169507482269f,-0.00122022786156184f,0.3007033237253456f,-0.11253230384850808f,0f,0.9999917667735985f,0.0040578793743701325f,0.25112238205355225f,-0.3007057995042731f,0.0038700683434284566f,-0.9537090985806485f,0.018540827352688083f,0f,0f,0f,1f], start_interpolation: 0, interpolation_duration: 1 }
$data merge entity $(bone_lowerleg_right) { transformation: [-0.9537169507482269f,-0.2434687621437632f,0.17648495606053158f,-0.1953315846831954f,0f,0.5869024021201947f,0.8096576871651039f,0.45972677606138745f,-0.3007057995042731f,0.7721842605529646f,-0.5597387693368817f,0.28556328842319056f,0f,0f,0f,1f], start_interpolation: 0, interpolation_duration: 1 }
$data merge entity $(bone_leg_right) { transformation: [-0.9537169507482269f,0.18885766005110302f,0.23400162840357783f,-0.125f,0f,0.7781746437525978f,-0.6280479470713343f,0.68515625f,-0.3007057995042731f,-0.5989799730045566f,-0.7421583483893154f,0.062499999999999986f,0f,0f,0f,1f], start_interpolation: 0, interpolation_duration: 1 }
$data merge entity $(bone_shoe_left) { transformation: [-0.9478031974340072f,-0.0010434517019601852f,-0.31885421455959745f,0.12682092198030115f,0f,0.9999946454016961f,-0.0032724865065266173f,0.24930769086549853f,0.318855921904976f,-0.003101673174445707f,-0.947798122328614f,0.0637474307293118f,0f,0f,0f,1f], start_interpolation: 0, interpolation_duration: 1 }
$data merge entity $(bone_lowerleg_left) { transformation: [-0.9478031974340072f,0.23625665416158487f,-0.21413054966128825f,0.20695872735093268f,0f,0.6715589548470183f,0.7409511253549589f,0.4919980968454536f,0.318855921904976f,0.7022758457537559f,-0.6365057246694442f,0.30612333738931186f,0f,0f,0f,1f], start_interpolation: 0, interpolation_duration: 1 }
$data merge entity $(bone_leg_left) { transformation: [-0.9478031974340072f,-0.22607920636175188f,-0.22484948606726363f,0.12499999999999999f,0f,0.7051758196113173f,-0.7090324840481618f,0.690625f,0.318855921904976f,-0.6720232554654245f,-0.6683678965807531f,0.06250000000000001f,0f,0f,0f,1f], start_interpolation: 0, interpolation_duration: 1 }