# This file was generated by Animated Java via MC-Build. It is not recommended to edit this file directly.
$data merge entity $(bone_hammer) { transformation: [-0.000002328234120367298f,-0.000020692055278578093f,6.677963812450172e-7f,0.9757448075900936f,-0.0000019206009514580204f,8.849858404121387e-7f,0.00002072572965724745f,0.7610153263040809f,-0.00002061354883671887f,0.0000022546454684310006f,-0.0000020064784936967282f,0.1807511937320468f,0f,0f,0f,1f], start_interpolation: 0, interpolation_duration: 1 }
$data merge entity $(bone_hand_left) { transformation: [-0.11175523777763029f,0.38921455889327095f,0.9143428208143715f,0.35456212267678583f,-0.09218884566998498f,0.9120780576605338f,-0.39951825173353933f,0.9176994214156758f,-0.9894503441625057f,-0.12894046641649964f,-0.06604825930328907f,0.3292778209425261f,0f,0f,0f,1f], start_interpolation: 0, interpolation_duration: 1 }
$data merge entity $(bone_lowerarm_left) { transformation: [-0.11175523777763029f,0.820814782133195f,0.5601552108665069f,0.717516159151308f,-0.09218884566998498f,0.5526919496213958f,-0.8282709855824579f,1.1620928928888867f,-0.9894503441625057f,-0.14420368322389004f,0.013903747025998343f,0.26551275476696223f,0f,0f,0f,1f], start_interpolation: 0, interpolation_duration: 1 }
$data merge entity $(bone_arm_left) { transformation: [-0.11175523777763029f,-0.8837471351950696f,0.4544246558713254f,0.27978515624999994f,-0.09218884566998498f,0.4645372270813972f,0.88074194937539f,1.3921839881776412f,-0.9894503441625057f,0.05653464150442264f,-0.1333860965268322f,0.2935150693871216f,0f,0f,0f,1f], start_interpolation: 0, interpolation_duration: 1 }
$data merge entity $(bone_bread) { transformation: [-0.0000042281428725077944f,-0.0000022687400088400126f,-0.000008773575475366367f,-0.5425038758772662f,7.818324230884272e-7f,0.000009554123860643146f,-0.000002847359358721166f,0.5273020353838594f,0.000009028374488902706f,-0.000001889850795110015f,-0.000003862242620596592f,0.2616122334099938f,0f,0f,0f,1f], start_interpolation: 0, interpolation_duration: 1 }
$data merge entity $(bone_hand_right) { transformation: [-0.4228142872507794f,-0.22687400088400125f,-0.8773575475366366f,-0.5088887630817357f,0.07818324230884272f,0.9554123860643144f,-0.2847359358721166f,0.7767769394637455f,0.9028374488902706f,-0.1889850795110015f,-0.3862242620596591f,0.3249771205800615f,0f,0f,0f,1f], start_interpolation: 0, interpolation_duration: 1 }
$data merge entity $(bone_lowerarm_right) { transformation: [-0.11175523777763054f,-0.4718075388145805f,-0.874590425940619f,-0.717516159151308f,0.09218884566998498f,0.8713859017388355f,-0.4818587209803638f,1.1620928928888867f,0.9894503441625057f,-0.13447771773987163f,-0.05388654626318571f,0.265512754766962f,0f,0f,0f,1f], start_interpolation: 0, interpolation_duration: 1 }
$data merge entity $(bone_arm_right) { transformation: [-0.11175523777763054f,0.8837471351950696f,-0.4544246558713254f,-0.27978515625000006f,0.09218884566998498f,0.4645372270813972f,0.88074194937539f,1.3921839881776412f,0.9894503441625057f,0.05653464150442286f,-0.1333860965268323f,0.29351506938712146f,0f,0f,0f,1f], start_interpolation: 0, interpolation_duration: 1 }
$data merge entity $(bone_uppertail) { transformation: [-1f,1.6770902003374972e-17f,1.2131090088121419e-16f,0.02187500000000003f,0f,0.9905786792214338f,-0.13694480739305018f,0.1100012166622274f,-1.2246467991473532e-16f,-0.13694480739305018f,-0.9905786792214338f,-0.24393651015948936f,0f,0f,0f,1f], start_interpolation: 0, interpolation_duration: 1 }
$data merge entity $(bone_middletail) { transformation: [-1f,1.2024799100942698e-16f,2.3195225474552808e-17f,0.02187500000000002f,0f,0.1894033895381283f,-0.9818993614579185f,0.48222452366856927f,-1.2246467991473532e-16f,-0.9818993614579185f,-0.1894033895381283f,-0.17215626079926694f,0f,0f,0f,1f], start_interpolation: 0, interpolation_duration: 1 }
$data merge entity $(bone_tail) { transformation: [-1f,1.2155895555521575e-16f,1.4866679217083385e-17f,0.021875000000000016f,0f,0.12139564834068195f,-0.9926041993483331f,0.7924133359649234f,-1.2246467991473532e-16f,-0.9926041993483331f,-0.12139564834068195f,-0.13422012069280384f,0f,0f,0f,1f], start_interpolation: 0, interpolation_duration: 1 }
$data merge entity $(bone_hair) { transformation: [-0.6899969730332257f,0.11191693827199636f,0.05304553555639817f,0.10481138217928639f,0.10169726028352512f,0.453248621374747f,0.7480905686639221f,1.5194906046167125f,0.05968119013400024f,0.5215748135691688f,-0.6614731077176339f,0.8050142264903124f,0f,0f,0f,1f], start_interpolation: 0, interpolation_duration: 1 }
$data merge entity $(bone_ear_left) { transformation: [-0.7361648007209546f,0.7367706297450051f,-0.3070370553403564f,0.06847434187153721f,-0.37219265033691573f,0.022133509403057472f,0.927978620122895f,1.7090475802842957f,0.5652734004131625f,0.97408180350749f,0.2111490640347009f,0.7543925785051333f,0f,0f,0f,1f], start_interpolation: 0, interpolation_duration: 1 }
$data merge entity $(bone_ear_right) { transformation: [-0.6576973750612708f,-0.8193512652190563f,0.34281749045435117f,-0.092504596400922f,0.4149617502705226f,0.06988136711161613f,0.908038561131191f,1.7139870387313385f,-0.6286818819163937f,0.903291930514324f,0.24071173576993887f,0.7470694512926952f,0f,0f,0f,1f], start_interpolation: 0, interpolation_duration: 1 }
$data merge entity $(bone_head) { transformation: [-0.9984979156843868f,-0.013714354941809982f,0.05304553555639817f,-4.199675478631719e-17f,0.03063779036506107f,0.6628890004198562f,0.7480905686639221f,1.4984980579893767f,-0.04542288162899423f,0.7485920715522532f,-0.6614731077176339f,0.3429295272363996f,0f,0f,0f,1f], start_interpolation: 0, interpolation_duration: 1 }
$data merge entity $(bone_body) { transformation: [-1f,-5.4576213680253925e-17f,1.0963135831935058e-16f,9.801058819744873e-18f,0f,0.8952079766646204f,0.4456486043016812f,0.6647171875f,-1.2246467991473532e-16f,0.4456486043016812f,-0.8952079766646204f,-0.08003171875000001f,0f,0f,0f,1f], start_interpolation: 0, interpolation_duration: 1 }
$data merge entity $(bone_shoe_right) { transformation: [-0.9537169507482269f,0.0011792257951057095f,0.3007034873127152f,-0.11077249999180687f,0f,0.9999923107849539f,-0.003921526611890103f,0.2519335250655437f,-0.3007057995042732f,-0.0037400264025697627f,-0.9537096174134996f,0.012959442587595738f,0f,0f,0f,1f], start_interpolation: 0, interpolation_duration: 1 }
$data merge entity $(bone_lowerleg_right) { transformation: [-0.9537169507482269f,-0.24691028824536954f,0.1716370805335859f,-0.19479549517994113f,0f,0.5707807458869673f,0.8211025149911045f,0.4549702004945447f,-0.3007057995042732f,0.7830993868490166f,-0.5443632725131169f,0.2838630297410678f,0f,0f,0f,1f], start_interpolation: 0, interpolation_duration: 1 }
$data merge entity $(bone_leg_right) { transformation: [-0.9537169507482269f,0.1870172204501857f,0.23547513055647887f,-0.125f,0f,0.7830747891948545f,-0.6219275476511987f,0.68173828125f,-0.3007057995042732f,-0.5931428443322238f,-0.7468317001587272f,0.062499999999999986f,0f,0f,0f,1f], start_interpolation: 0, interpolation_duration: 1 }
$data merge entity $(bone_shoe_left) { transformation: [-0.9470396482450751f,0.000919494058556819f,-0.3211153362617869f,0.12673114761784135f,1.3877787807814457e-17f,0.9999959003848162f,0.002863426891064169f,0.2518860073031355f,0.32111665271649215f,0.002711778795688735f,-0.9470357657469536f,0.06346955554446326f,0f,0f,0f,1f], start_interpolation: 0, interpolation_duration: 1 }
$data merge entity $(bone_lowerleg_left) { transformation: [-0.9470396482450751f,0.23925046214132592f,-0.21418478241230446f,0.20788626939295635f,1.3877787807814457e-17f,0.6669999223036374f,0.745057785441466f,0.4912401469942721f,0.32111665271649215f,0.7055992630467405f,-0.6316753717979293f,0.306948809322745f,0f,0f,0f,1f], start_interpolation: 0, interpolation_duration: 1 }
$data merge entity $(bone_leg_left) { transformation: [-0.9470396482450751f,-0.22899055750599098f,-0.22512047713377759f,0.12499999999999999f,1.3877787807814457e-17f,0.7010551313031163f,-0.7131070767238047f,0.6878906250000001f,0.32111665271649215f,-0.6753406751015859f,-0.6639270049497081f,0.06250000000000001f,0f,0f,0f,1f], start_interpolation: 0, interpolation_duration: 1 }