# This file was generated by Animated Java via MC-Build. It is not recommended to edit this file directly.
$data merge entity $(bone_hammer) { transformation: [-0.000004232373617413957f,-0.000020278387593458232f,0.0000022139981819946534f,0.8614615333739678f,-0.000004618825526952885f,0.0000031550803510909655f,0.000020068375532352046f,0.6654819729763519f,-0.000019869102699718595f,0.000003586118007737199f,-0.000005136759028842625f,0.23028970786332462f,0f,0f,0f,1f], start_interpolation: 0, interpolation_duration: 1 }
$data merge entity $(bone_hand_left) { transformation: [-0.20315393363586987f,0.4724694041957891f,0.8576136317405113f,0.25844865956996643f,-0.22170362529373844f,0.8309345681502964f,-0.5102893747517133f,0.9123326354321896f,-0.9537169295864925f,-0.29380334503159933f,-0.06405944636317644f,0.4012529261050598f,0f,0f,0f,1f], start_interpolation: 0, interpolation_duration: 1 }
$data merge entity $(bone_lowerarm_left) { transformation: [-0.20315393363586987f,0.8774196130606741f,0.43458405615568796f,0.6464326447202332f,-0.22170362529373844f,0.3910921938624635f,-0.8932493484080799f,1.0852687149057476f,-0.9537169295864925f,-0.27781597959135246f,0.11507519152193882f,0.2784061726295086f,0f,0f,0f,1f], start_interpolation: 0, interpolation_duration: 1 }
$data merge entity $(bone_arm_left) { transformation: [-0.20315393363586987f,-0.7372772637884835f,0.644321903669928f,0.28124999999999994f,-0.22170362529373844f,0.6755902873047877f,0.7031537998411502f,1.4198970290864004f,-0.9537169295864925f,-4.15110470997071e-8f,-0.3007058666207095f,0.2784061520685681f,0f,0f,0f,1f], start_interpolation: 0, interpolation_duration: 1 }
$data merge entity $(bone_bread) { transformation: [-0.000005170386988104167f,-0.0000036784407997906537f,-0.000007728917885168574f,-0.3598439529783597f,0.0000012718408376233407f,0.000008599128474407503f,-0.000004943420917177465f,0.5037603742169923f,0.000008464603905499461f,-0.000003538935258389113f,-0.000003978243074515898f,0.3860303883329602f,0f,0f,0f,1f], start_interpolation: 0, interpolation_duration: 1 }
$data merge entity $(bone_hand_right) { transformation: [-0.5170386988104166f,-0.3678440799790653f,-0.7728917885168574f,-0.3760132905848241f,0.12718408376233406f,0.8599128474407502f,-0.49434209171774646f,0.7616080762945207f,0.846460390549946f,-0.35389352583891126f,-0.39782430745158975f,0.4112479923965187f,0f,0f,0f,1f], start_interpolation: 0, interpolation_duration: 1 }
$data merge entity $(bone_lowerarm_right) { transformation: [-0.2031539336358701f,-0.6115490694228337f,-0.7646804659047719f,-0.6464326447202333f,0.22170362529373844f,0.7319533876720328f,-0.6442761370771455f,1.0852687149057476f,0.9537169295864925f,-0.30041966307733786f,-0.013116564207620205f,0.2784061726295084f,0f,0f,0f,1f], start_interpolation: 0, interpolation_duration: 1 }
$data merge entity $(bone_arm_right) { transformation: [-0.2031539336358701f,0.7372772637884835f,-0.6443219036699278f,-0.28125000000000006f,0.22170362529373844f,0.6755902873047877f,0.7031537998411502f,1.4198970290864004f,0.9537169295864925f,-4.1511046877662494e-8f,-0.30070586662070975f,0.278406152068568f,0f,0f,0f,1f], start_interpolation: 0, interpolation_duration: 1 }
$data merge entity $(bone_uppertail) { transformation: [-1f,4.273955692857115e-18f,1.2239007774061617e-16f,0.021875000000000044f,0f,0.9993908270190958f,-0.03489949670250064f,0.15927524300866763f,-1.2246467991473532e-16f,-0.03489949670250064f,-0.9993908270190958f,-0.3406587299407561f,0f,0f,0f,1f], start_interpolation: 0, interpolation_duration: 1 }
$data merge entity $(bone_middletail) { transformation: [-1f,1.1507915602278503e-16f,4.1885387376769924e-17f,0.021875000000000026f,0f,0.3420201433256689f,-0.9396926207859084f,0.5155017229522427f,-1.2246467991473532e-16f,-0.9396926207859084f,-0.3420201433256689f,-0.21102351302821004f,0f,0f,0f,1f], start_interpolation: 0, interpolation_duration: 1 }
$data merge entity $(bone_tail) { transformation: [-1f,1.1829179713786698e-16f,3.1696191514317656e-17f,0.021875000000000016f,0f,0.25881904510252085f,-0.9659258262890683f,0.8173535436675766f,-1.2246467991473532e-16f,-0.9659258262890683f,-0.25881904510252085f,-0.13014256143367228f,0f,0f,0f,1f], start_interpolation: 0, interpolation_duration: 1 }
$data merge entity $(bone_hair) { transformation: [-0.6897161382863713f,0.11184521772865999f,0.06031035140723765f,0.10268251754524647f,0.10835150125036737f,0.4803936532586051f,0.7106793101022668f,1.5809870894719624f,0.050513372131808724f,0.4967017064396694f,-0.700926229859963f,0.7895906210681003f,0f,0f,0f,1f], start_interpolation: 0, interpolation_duration: 1 }
$data merge entity $(bone_ear_left) { transformation: [-0.7439263776029752f,0.7220554689045462f,-0.3074329454713028f,0.06712702499154855f,-0.35205892220205337f,0.0523814545955395f,0.9349875474909999f,1.7675449125159655f,0.5680035739363303f,0.9781584013785398f,0.17687077224800107f,0.7289534206543429f,0f,0f,0f,1f], start_interpolation: 0, interpolation_duration: 1 }
$data merge entity $(bone_ear_right) { transformation: [-0.6557254433164685f,-0.8148791974942429f,0.3487545176162416f,-0.09285477631162348f,0.3987085045901548f,0.10360659450083454f,0.9131172004062276f,1.7728770130490727f,-0.641136234629508f,0.8978526283388647f,0.21115696712293375f,0.7205942740316473f,0f,0f,0f,1f], start_interpolation: 0, interpolation_duration: 1 }
$data merge entity $(bone_head) { transformation: [-0.998085026573431f,-0.013745589949111568f,0.06031035140723765f,-4.0266523093490396e-17f,0.03326559432965395f,0.702729192809336f,0.7106793101022668f,1.5354051606389991f,-0.05215055094443879f,0.7113246377924005f,-0.700926229859963f,0.3288011132803803f,0f,0f,0f,1f], start_interpolation: 0, interpolation_duration: 1 }
$data merge entity $(bone_body) { transformation: [-1f,-5.175581015019659e-17f,1.1099069304367545e-16f,8.90410071490062e-18f,0f,0.9063077870366499f,0.42261826174069944f,0.691084375f,-1.2246467991473532e-16f,0.42261826174069944f,-0.9063077870366499f,-0.07270750000000001f,0f,0f,0f,1f], start_interpolation: 0, interpolation_duration: 1 }
$data merge entity $(bone_shoe_right) { transformation: [-0.9537169507482269f,-5.551115123125783e-17f,0.3007057995042732f,-0.12773125672687302f,1.3877787807814457e-17f,1f,2.220446049250313e-16f,0.24843428494513842f,-0.3007057995042732f,2.220446049250313e-16f,-0.9537169507482268f,0.06674574730307362f,0f,0f,0f,1f], start_interpolation: 0, interpolation_duration: 1 }
$data merge entity $(bone_lowerleg_right) { transformation: [-0.9537169507482269f,-0.21263110997159398f,0.21263110997159387f,-0.19954471784890376f,1.3877787807814457e-17f,0.7071067811865474f,0.7071067811865478f,0.4982829530678548f,-0.3007057995042732f,0.674379723206628f,-0.6743797232066275f,0.2989256396732152f,0f,0f,0f,1f], start_interpolation: 0, interpolation_duration: 1 }
$data merge entity $(bone_leg_right) { transformation: [-0.9537169507482269f,0.203153893518325f,0.2217035710218697f,-0.125f,1.3877787807814457e-17f,0.7372773368101242f,-0.6755902076156601f,0.7125f,-0.3007057995042732f,-0.6443218327625688f,-0.703153893518325f,0.062499999999999986f,0f,0f,0f,1f], start_interpolation: 0, interpolation_duration: 1 }
$data merge entity $(bone_shoe_left) { transformation: [-0.9537169507482269f,5.551115123125783e-17f,-0.30070579950427295f,0.12773125672687297f,-1.3877787807814457e-17f,1f,2.220446049250313e-16f,0.24843428494513842f,0.30070579950427295f,2.220446049250313e-16f,-0.9537169507482268f,0.06674574730307367f,0f,0f,0f,1f], start_interpolation: 0, interpolation_duration: 1 }
$data merge entity $(bone_lowerleg_left) { transformation: [-0.9537169507482269f,0.21263110997159382f,-0.2126311099715937f,0.19954471784890368f,-1.3877787807814457e-17f,0.7071067811865474f,0.7071067811865478f,0.4982829530678548f,0.30070579950427295f,0.674379723206628f,-0.6743797232066275f,0.2989256396732153f,0f,0f,0f,1f], start_interpolation: 0, interpolation_duration: 1 }
$data merge entity $(bone_leg_left) { transformation: [-0.9537169507482269f,-0.20315389351832483f,-0.22170357102186952f,0.12499999999999999f,-1.3877787807814457e-17f,0.7372773368101242f,-0.6755902076156601f,0.7125f,0.30070579950427295f,-0.6443218327625688f,-0.703153893518325f,0.06250000000000001f,0f,0f,0f,1f], start_interpolation: 0, interpolation_duration: 1 }