# This file was generated by Animated Java via MC-Build. It is not recommended to edit this file directly.
$data merge entity $(bone_hammer) { transformation: [-0.000006530045644940826f,-0.00001924884504413407f,0.000004568177549054204f,0.6900534282945102f,-0.0000075881449566768025f,0.000006879637674018886f,0.000018141621189090534f,0.61482943127773f,-0.000018270367751340633f,0.000004022477808380494f,-0.000009167393974823853f,0.35251302852351823f,0f,0f,0f,1f], start_interpolation: 0, interpolation_duration: 1 }
$data merge entity $(bone_hand_left) { transformation: [-0.3134421909571596f,0.5758484976138455f,0.7550844328443364f,0.13519404413199432f,-0.3642309579204865f,0.6614334205724046f,-0.6556230925175026f,0.9948049704494183f,-0.8769776520643503f,-0.48052506484653423f,0.002420709386460995f,0.5052686175228588f,0f,0f,0f,1f], start_interpolation: 0, interpolation_duration: 1 }
$data merge entity $(bone_lowerarm_left) { transformation: [-0.3134421909571596f,0.9138276288225108f,0.2582112656887837f,0.5392771987519482f,-0.3642309579204865f,0.13542280919487176f,-0.9214100455508908f,1.0546872438902757f,-0.8769776520643503f,-0.38285732009509427f,0.29039709060061575f,0.3359738962933093f,0f,0f,0f,1f], start_interpolation: 0, interpolation_duration: 1 }
$data merge entity $(bone_arm_left) { transformation: [-0.31815387183342614f,-0.5220721229330555f,0.7913398841797201f,0.28068835036166917f,-0.3654798498257601f,0.837734348519672f,0.4057408540949022f,1.4696275383914257f,-0.8747585913889271f,-0.16013075833984397f,-0.45733526763717525f,0.2566591300531053f,0f,0f,0f,1f], start_interpolation: 0, interpolation_duration: 1 }
$data merge entity $(bone_bread) { transformation: [-0.00000609363314038347f,-0.000005244742458348794f,-0.000005946453707548202f,-0.1307315345749574f,0.0000016087009131207826f,0.000006525923998609531f,-0.000007404349892900562f,0.6004900136325998f,0.000007764001321647534f,-0.000005468545739953692f,-0.0000031329364767721797f,0.5763910468560873f,0f,0f,0f,1f], start_interpolation: 0, interpolation_duration: 1 }
$data merge entity $(bone_hand_right) { transformation: [-0.609363314038347f,-0.5244742458348793f,-0.5946453707548202f,-0.20921481163438144f,0.16087009131207824f,0.6525923998609531f,-0.7404349892900561f,0.8458533554704452f,0.7764001321647533f,-0.5468545739953691f,-0.31329364767721796f,0.5444533230145496f,0f,0f,0f,1f], start_interpolation: 0, interpolation_duration: 1 }
$data merge entity $(bone_lowerarm_right) { transformation: [-0.3220596690821147f,-0.7453222673825907f,-0.5837570447492627f,-0.5387870017426207f,0.36590901584105734f,0.47069613016743717f,-0.8028422915938271f,1.0539893005288588f,0.8731484190428036f,-0.47216508849032146f,0.12112789742243232f,0.33566782294773556f,0f,0f,0f,1f], start_interpolation: 0, interpolation_duration: 1 }
$data merge entity $(bone_arm_right) { transformation: [-0.32031058246785593f,0.5192157573013477f,-0.7923484890684721f,-0.2816129469542969f,0.36447542886923434f,0.8395777596833236f,0.40282359314682525f,1.4698426596220049f,0.874390526315153f,-0.15976289561446694f,-0.45816702704929607f,0.2565352637136949f,0f,0f,0f,1f], start_interpolation: 0, interpolation_duration: 1 }
$data merge entity $(bone_uppertail) { transformation: [-0.9999993446074683f,-0.0001381108374716313f,0.0011365342187623522f,0.022340134886165236f,-2.710505431213761e-20f,0.9926973104019218f,0.12063187771393741f,0.25758627484176033f,-0.0011448950318019837f,0.12063179865270579f,-0.9926966597955184f,-0.46657262730345017f,0f,0f,0f,1f], start_interpolation: 0, interpolation_duration: 1 }
$data merge entity $(bone_middletail) { transformation: [-0.9999993446074683f,0.0009590459087728005f,0.0006253123849013538f,0.022103109267170833f,-2.710505431213761e-20f,0.5461744243200675f,-0.8376714739196045f,0.5751424063940176f,-0.0011448950318019837f,-0.8376709249159765f,-0.5461740663614288f,-0.25954450938374696f,0f,0f,0f,1f], start_interpolation: 0, interpolation_duration: 1 }
$data merge entity $(bone_tail) { transformation: [-0.9999993446074683f,0.0010300569509039184f,0.0004997672575703493f,0.0219469319991801f,-2.710505431213761e-20f,0.4365179721181523f,-0.8996955374002118f,0.8562972618315838f,-0.0011448950318019837f,-0.8996949477464757f,-0.4365176860275334f,-0.12313273250014281f,0f,0f,0f,1f], start_interpolation: 0, interpolation_duration: 1 }
$data merge entity $(bone_hair) { transformation: [-0.6893965528714113f,0.11150458085551385f,0.0684987909509185f,0.0997262241392601f,0.11522064495080234f,0.5142486689301652f,0.6581862981115487f,1.6715542786805455f,0.03816537522593502f,0.4616438399370118f,-0.7497324273475691f,0.7612889335765312f,0f,0f,0f,1f], start_interpolation: 0, interpolation_duration: 1 }
$data merge entity $(bone_ear_left) { transformation: [-0.6922181915091562f,0.6203779402765858f,-0.5088843068801072f,0.0803755677430944f,-0.4257133130107649f,0.33925992509690234f,0.8604964706350793f,1.856845540334199f,0.5827539364682075f,0.9847455789541926f,0.024136823231839688f,0.6747279305991176f,0f,0f,0f,1f], start_interpolation: 0, interpolation_duration: 1 }
$data merge entity $(bone_ear_right) { transformation: [-0.5853971844520728f,-0.7104376837859013f,0.5602585149970951f,-0.10723036829896579f,0.46993921869180283f,0.38532740939307225f,0.8234870462890977f,1.8633397032792531f,-0.6606566938818706f,0.9035989297557574f,0.0893279405746436f,0.6632886351743488f,0f,0f,0f,1f], start_interpolation: 0, interpolation_duration: 1 }
$data merge entity $(bone_head) { transformation: [-0.997550910621045f,-0.014145541961567875f,0.0684987909509185f,-0.00041745881732766464f,0.03453120032464184f,0.7520627588056432f,0.6581862981115487f,1.5935212133000114f,-0.06082579159586474f,0.6589396865117919f,-0.7497324273475691f,0.30430921235903535f,0f,0f,0f,1f], start_interpolation: 0, interpolation_duration: 1 }
$data merge entity $(bone_body) { transformation: [-0.9999993446074683f,-0.0004385359976722785f,0.001057577804509174f,7.386681211583928e-18f,-2.710505431213761e-20f,0.92373342108457f,0.38303598626159985f,0.7326295645043731f,-0.0011448950318019837f,0.3830357352226751f,-0.9237328156765845f,-0.06031682944606415f,0f,0f,0f,1f], start_interpolation: 0, interpolation_duration: 1 }
$data merge entity $(bone_shoe_right) { transformation: [-0.9551950612937f,0.04150577751067852f,0.2930523252140458f,-0.15311145942815502f,0.0003044052895922744f,0.9902557563208714f,-0.13926034758968198f,0.2527027531610647f,-0.29597686094954184f,-0.13293158957378576f,-0.945900042433577f,0.1479962123271534f,0f,0f,0f,1f], start_interpolation: 0, interpolation_duration: 1 }
$data merge entity $(bone_lowerleg_right) { transformation: [-0.9551950612937f,-0.15026461261978458f,0.25499596285892623f,-0.20488024865029347f,0.0003044052895922744f,0.861040532512316f,0.5085362412929163f,0.5661141717099193f,-0.29597686094954184f,0.48582892829177393f,-0.8224159228865419f,0.319877286829254f,0f,0f,0f,1f], start_interpolation: 0, interpolation_duration: 1 }
$data merge entity $(bone_leg_right) { transformation: [-0.9551950612937f,0.22104421972338092f,0.19682948917021167f,-0.125f,0.0003044052895922744f,0.6657494542835654f,-0.7461752953954953f,0.7608371027696793f,-0.29597686094954184f,-0.7126830410834938f,-0.6359878778203552f,0.06228301384839649f,0f,0f,0f,1f], start_interpolation: 0, interpolation_duration: 1 }
$data merge entity $(bone_shoe_left) { transformation: [-0.9647304186651302f,-0.0003283054429957799f,-0.2632396465537412f,0.1248133520578707f,1.3877787807814457e-17f,0.9999992222803615f,-0.0012471722704548993f,0.25014464469760944f,0.2632398512805432f,-0.0012031850266235322f,-0.9647296683753377f,0.05877403399898351f,0f,0f,0f,1f], start_interpolation: 0, interpolation_duration: 1 }
$data merge entity $(bone_lowerleg_left) { transformation: [-0.9647304186651302f,0.17269582659058424f,-0.19867403146963467f,0.184965529643229f,1.3877787807814457e-17f,0.754726271509329f,0.6560398273684508f,0.5103509763237917f,0.2632398512805432f,0.6329015773181652f,-0.7281073918907677f,0.2842670973660548f,0f,0f,0f,1f], start_interpolation: 0, interpolation_duration: 1 }
$data merge entity $(bone_leg_left) { transformation: [-0.9647304186651302f,-0.16144314817922065f,-0.20792144961062753f,0.12445335276967928f,1.3877787807814457e-17f,0.7898555199723118f,-0.6132929622694759f,0.750747084548105f,0.2632398512805432f,-0.5916623762546095f,-0.7619976464678525f,0.06250000000000001f,0f,0f,0f,1f], start_interpolation: 0, interpolation_duration: 1 }