# This file was generated by Animated Java via MC-Build. It is not recommended to edit this file directly.
$data merge entity $(bone_hammer) { transformation: [0.000008372467558010372f,-0.000017995418997082902f,-0.000006332018626573171f,1.0185327610255994f,-0.0000030384233974205074f,0.000005568828812781151f,-0.000019843989182866538f,10.1712327788409f,0.000018833415729119594f,0.000008898360441741179f,-3.8653745068793034e-7f,-0.26019987283412893f,0f,0f,0f,1f], start_interpolation: 0, interpolation_duration: 1 }
$data merge entity $(bone_hand_left) { transformation: [0.4018784427844978f,-0.28338387568635026f,0.8707395111203411f,0.5795857120873454f,-0.14584432307618433f,-0.9585779273355821f,-0.24465851845269856f,10.243180612172218f,0.9040039549977404f,-0.028669430165300974f,-0.4265617342453966f,-0.10397404564444057f,0f,0f,0f,1f], start_interpolation: 0, interpolation_duration: 1 }
$data merge entity $(bone_lowerarm_left) { transformation: [0.4018784427844978f,-0.2514571825139943f,0.8804902058440123f,0.4683944891944386f,-0.14584432307618433f,-0.9668587158808687f,-0.2095558564002627f,9.815647773743645f,0.9040039549977404f,-0.04419851680002074f,-0.4252332776972208f,-0.12351807729194975f,0f,0f,0f,1f], start_interpolation: 0, interpolation_duration: 1 }
$data merge entity $(bone_arm_left) { transformation: [0.4018784427844978f,-0.511371717982573f,0.7596003444395343f,0.21510568513119535f,-0.14584432307618433f,-0.8546922430008703f,-0.49822746128710227f,9.392308022132276f,0.9040039549977404f,0.08944347825131402f,-0.4180630497266532f,-0.07921560447059577f,0f,0f,0f,1f], start_interpolation: 0, interpolation_duration: 1 }
$data merge entity $(bone_bread) { transformation: [0.000003874892438718708f,0.0000026424293792484613f,-0.000008831918000301249f,-0.772005907504163f,0.0000013224059684007549f,-0.00000964063770902588f,-0.0000023042020349887584f,10.417001999317295f,-0.000009123401286970703f,-2.750846033366233e-7f,-0.00000408507985453265f,-0.0919988100845433f,0f,0f,0f,1f], start_interpolation: 0, interpolation_duration: 1 }
$data merge entity $(bone_hand_right) { transformation: [0.3874892438718708f,0.2642429379248461f,-0.8831918000301248f,-0.5795857120873453f,0.13224059684007547f,-0.9640637709025879f,-0.23042020349887582f,10.243180612172218f,-0.9123401286970702f,-0.027508460333662325f,-0.40850798545326494f,-0.10397404564444071f,0f,0f,0f,1f], start_interpolation: 0, interpolation_duration: 1 }
$data merge entity $(bone_lowerarm_right) { transformation: [0.401878442784498f,0.25145718251399435f,-0.880490205844012f,-0.4683944891944385f,0.14584432307618433f,-0.9668587158808687f,-0.2095558564002627f,9.815647773743645f,-0.9040039549977403f,-0.044198516800020696f,-0.42523327769722097f,-0.12351807729194986f,0f,0f,0f,1f], start_interpolation: 0, interpolation_duration: 1 }
$data merge entity $(bone_arm_right) { transformation: [0.401878442784498f,0.511371717982573f,-0.7596003444395341f,-0.2151056851311953f,0.14584432307618433f,-0.8546922430008703f,-0.49822746128710227f,9.392308022132276f,-0.9040039549977403f,0.08944347825131413f,-0.41806304972665337f,-0.07921560447059582f,0f,0f,0f,1f], start_interpolation: 0, interpolation_duration: 1 }
$data merge entity $(bone_uppertail) { transformation: [-1f,-1.2188405392898135e-16f,1.1911138671669647e-17f,0.021875000000000065f,0f,0.09726182830806929f,0.9952588290259834f,9.232985962647339f,-1.2246467991473532e-16f,0.9952588290259834f,-0.09726182830806929f,-0.5292816639788426f,0f,0f,0f,1f], start_interpolation: 0, interpolation_duration: 1 }
$data merge entity $(bone_middletail) { transformation: [-1f,-9.808497207001275e-17f,7.332759426466544e-17f,0.021875000000000037f,0f,0.5987652465651236f,0.8009245779134304f,8.929382073572846f,-1.2246467991473532e-16f,0.8009245779134304f,-0.5987652465651236f,-0.30228546794068023f,0f,0f,0f,1f], start_interpolation: 0, interpolation_duration: 1 }
$data merge entity $(bone_tail) { transformation: [-1f,-7.894529578496252e-17f,9.362285030933077e-17f,0.02187500000000001f,0f,0.764488588665031f,0.6446372606365142f,8.727932929623936f,-1.2246467991473532e-16f,0.6446372606365142f,-0.764488588665031f,-0.06338278398285806f,0f,0f,0f,1f], start_interpolation: 0, interpolation_duration: 1 }
$data merge entity $(bone_hair) { transformation: [-0.6891407752783464f,0.12279843009815093f,-0.00336167298886813f,0.12660268921394285f,0.11086013685174746f,0.6276880537713649f,0.4133431079844201f,9.787007616835737f,0.05286796672817567f,0.2844789143647477f,-0.910569148520032f,0.28675794574077573f,0f,0f,0f,1f], start_interpolation: 0, interpolation_duration: 1 }
$data merge entity $(bone_ear_left) { transformation: [-0.35677270470023736f,0.3426285231112085f,-0.8956852527981948f,0.1387190721587429f,0.0365854689810155f,1.24174075457442f,0.27053015869537944f,9.93844542765331f,0.9334745527545552f,0.08228487516047461f,-0.3529325164335061f,0.10818724395677969f,0f,0f,0f,1f], start_interpolation: 0, interpolation_duration: 1 }
$data merge entity $(bone_ear_right) { transformation: [-0.3638901521902085f,-0.3413566960031882f,0.8931096913381992f,-0.13679400875982495f,-0.036401147209459805f,1.2419156954168673f,0.2700726439922133f,9.938515894805429f,-0.9307303119705636f,0.08488944970735807f,-0.3597441399173057f,0.10923638118641608f,0f,0f,0f,1f], start_interpolation: 0, interpolation_duration: 1 }
$data merge entity $(bone_head) { transformation: [-0.999992717168376f,0.0018068660504661869f,-0.00336167298886813f,1.467889427916966e-17f,0.0002557651298508432f,0.9105753179534236f,0.4133431079844201f,9.578249040893953f,0.0038079120797052616f,0.4133392378774332f,-0.910569148520032f,-0.11986226795668493f,0f,0f,0f,1f], start_interpolation: 0, interpolation_duration: 1 }
$data merge entity $(bone_body) { transformation: [-1f,2.4174277454547437e-17f,1.2005499629823466e-16f,-7.073434055316307e-18f,0f,0.9803234400467271f,-0.19739795565038434f,8.660350652939748f,-1.2246467991473532e-16f,-0.19739795565038434f,-0.9803234400467271f,0.05775897230320699f,0f,0f,0f,1f], start_interpolation: 0, interpolation_duration: 1 }
$data merge entity $(bone_shoe_right) { transformation: [-0.9999603530551177f,0.006183389232854812f,-0.00640765288382231f,-0.1275726272888517f,1.0842021724855044e-19f,0.7195871848188817f,0.6944021050115246f,7.855107945251366f,0.008904623399366263f,0.6943745740895411f,-0.7195586553854272f,-0.07724766098787789f,0f,0f,0f,1f], start_interpolation: 0, interpolation_duration: 1 }
$data merge entity $(bone_lowerleg_right) { transformation: [-0.9999603530551177f,0.0013898572242502555f,-0.00879548831962959f,-0.1256797356168107f,1.0842021724855044e-19f,0.9877439982757227f,0.15608265076647376f,8.287410945401342f,0.008904623399366263f,0.15607646256622174f,-0.9877048372438653f,-0.0138321071409436f,0f,0f,0f,1f], start_interpolation: 0, interpolation_duration: 1 }
$data merge entity $(bone_leg_right) { transformation: [-0.9999603530551177f,0.0017799582119685682f,-0.008724910695714131f,-0.125f,1.0842021724855044e-19f,0.9798180455711443f,0.19989146448296133f,8.656037414965986f,0.008904623399366263f,0.1998835393970865f,-0.9797791987790968f,0.062499999999999986f,0f,0f,0f,1f], start_interpolation: 0, interpolation_duration: 1 }
$data merge entity $(bone_shoe_left) { transformation: [-0.9999603530551177f,-0.003865612338141725f,0.008021805229233132f,0.12407079426373227f,-4.336808689942018e-19f,0.9008584495335102f,0.4341129506293026f,8.59961370413388f,-0.008904623399366509f,0.43409573937707624f,-0.9008227332482148f,0.3481579190506955f,0f,0f,0f,1f], start_interpolation: 0, interpolation_duration: 1 }
$data merge entity $(bone_lowerleg_left) { transformation: [-0.9999603530551177f,-0.0005953884830297894f,0.008884696417932412f,0.12252390589864835f,-4.336808689942018e-19f,0.9977621758337902f,0.06686284824489586f,9.03843458023873f,-0.008904623399366509f,0.06686019733723675f,-0.9977226176117993f,0.37271842272137506f,0f,0f,0f,1f], start_interpolation: 0, interpolation_duration: 1 }
$data merge entity $(bone_leg_left) { transformation: [-0.9999603530551177f,0.006559817440834503f,-0.0060217201053742965f,0.12499999999999999f,-4.336808689942018e-19f,-0.6762464660552281f,-0.7366754489921696f,8.78468172983479f,-0.008904623399366509f,-0.7366462420612472f,0.6762196549488615f,0.09466107871720118f,0f,0f,0f,1f], start_interpolation: 0, interpolation_duration: 1 }