# This file was generated by Animated Java via MC-Build. It is not recommended to edit this file directly.
$data merge entity $(bone_hammer) { transformation: [-0.000010015662987674947f,-0.00001699508073645494f,0.000006699365899581425f,0.4598299513742628f,-0.00001082419622011143f,0.000011675648627739946f,0.000013436658181551602f,0.6856048799617014f,-0.000014715673578998063f,0.0000029789658710214483f,-0.000014443077623326888f,0.5870790979651906f,0f,0f,0f,1f], start_interpolation: 0, interpolation_duration: 1 }
$data merge entity $(bone_hand_left) { transformation: [-0.4807518234083974f,0.6391157428056644f,0.6003405296891633f,0.002065709465322807f,-0.5195614185653485f,0.3438954526644009f,-0.7821712408258881f,1.2187064289600908f,-0.7063523317919069f,-0.6879440274722288f,0.16673151602929037f,0.6501729802034332f,0f,0f,0f,1f], start_interpolation: 0, interpolation_duration: 1 }
$data merge entity $(bone_lowerarm_left) { transformation: [-0.4807518234083974f,0.8743663323292018f,0.0660393911137985f,0.38869957204214167f,-0.5195614185653485f,-0.2233804348360669f,-0.824716383777364f,1.1199303929310176f,-0.7063523317919069f,-0.43079542502402446f,0.5616775633319407f,0.4596806282006224f,0f,0f,0f,1f], start_interpolation: 0, interpolation_duration: 1 }
$data merge entity $(bone_arm_left) { transformation: [-0.49630273573074296f,-0.22045461066256852f,0.8396924193678278f,0.2795056476983382f,-0.515225184023218f,0.8532652438707776f,-0.08050734966686882f,1.542563334035762f,-0.6987321405620481f,-0.47258669917778867f,-0.5370616421844152f,0.22560252876412396f,0f,0f,0f,1f], start_interpolation: 0, interpolation_duration: 1 }
$data merge entity $(bone_bread) { transformation: [-0.000007184430208526885f,-0.000006244332203399533f,-0.000003064682350977647f,0.10744064946059256f,0.0000018889851456760677f,0.0000024888436745438286f,-0.00000949933641277633f,0.9232963354539865f,0.0000066944527556941865f,-0.000007403645892212205f,-6.085472902805317e-7f,0.8407479885409392f,0f,0f,0f,1f], start_interpolation: 0, interpolation_duration: 1 }
$data merge entity $(bone_hand_right) { transformation: [-0.7184430208526884f,-0.6244332203399533f,-0.30646823509776466f,-0.03574827690484467f,0.18889851456760676f,0.24888436745438286f,-0.9499336412776329f,1.1082876531548123f,0.6694452755694186f,-0.7403645892212205f,-0.06085472902805317f,0.7282404055003926f,0f,0f,0f,1f], start_interpolation: 0, interpolation_duration: 1 }
$data merge entity $(bone_lowerarm_right) { transformation: [-0.5089483187462729f,-0.7952662120120956f,-0.32942868860691915f,-0.3874050550289431f,0.5126948066675582f,0.027360748904592724f,-0.8581348522438033f,1.1203862343110618f,0.6914590689704322f,-0.6056426681231367f,0.3938036496621513f,0.4604327881896932f,0f,0f,0f,1f], start_interpolation: 0, interpolation_duration: 1 }
$data merge entity $(bone_arm_right) { transformation: [-0.5022400698226571f,0.2122521806465757f,-0.8382743727893069f,-0.2822738968024361f,0.5120717423332202f,0.8541589585508065f,-0.0905262626601882f,1.543461843468258f,0.6968051685861352f,-0.4747225351067449f,-0.5376811989399227f,0.2252967825196336f,0f,0f,0f,1f], start_interpolation: 0, interpolation_duration: 1 }
$data merge entity $(bone_uppertail) { transformation: [-0.9999927178688018f,-0.0013205705794666633f,0.0035805450299684007f,0.02407739456574643f,1.0842021724855044e-19f,0.9382221530305488f,0.34603351219603196f,0.44960579917786936f,-0.0038163083427553823f,0.3460309923345972f,-0.9382153207737374f,-0.6195145346807511f,0f,0f,0f,1f], start_interpolation: 0, interpolation_duration: 1 }
$data merge entity $(bone_middletail) { transformation: [-0.9999927178688018f,0.002339748062780428f,0.00301492758946207f,0.02293453737909238f,1.0842021724855044e-19f,0.7900115291222213f,-0.6130919864538841f,0.6820327822411675f,-0.0038163083427553823f,-0.6130875218376022f,-0.7900057761546182f,-0.3200500361195738f,0f,0f,0f,1f], start_interpolation: 0, interpolation_duration: 1 }
$data merge entity $(bone_tail) { transformation: [-0.9999927178688018f,0.0028562506276349374f,0.002531015946042095f,0.022143594895954227f,1.0842021724855044e-19f,0.6632105476610143f,-0.7484328757284633f,0.9159180559063123f,-0.0038163083427553823f,-0.7484274255420693f,-0.6632057180747942f,-0.11279824922120057f,0f,0f,0f,1f], start_interpolation: 0, interpolation_duration: 1 }
$data merge entity $(bone_hair) { transformation: [-0.6889997187838399f,0.11088874604545709f,0.07802502890236737f,0.09588621544337066f,0.12163906112080702f,0.553227777901198f,0.5875284874867529f,1.7967702351722168f,0.021984683883056598f,0.41429785391547536f,-0.8054330333778924f,0.7167159176326345f,0f,0f,0f,1f], start_interpolation: 0, interpolation_duration: 1 }
$data merge entity $(bone_ear_left) { transformation: [-0.5659144663880284f,0.31115319727711477f,-0.7831736827282636f,0.10809091610157207f,-0.4739653559716531f,0.8159122822555522f,0.5647359326312683f,1.9779515437251238f,0.6746092632564552f,0.8342610775698074f,-0.26021588936293044f,0.5884593337961502f,0f,0f,0f,1f], start_interpolation: 0, interpolation_duration: 1 }
$data merge entity $(bone_ear_right) { transformation: [-0.4301188907045515f,-0.3715917981291331f,0.848720305445015f,-0.1347612844026001f,0.5078295003609486f,0.8391249336601145f,0.509253158635792f,1.9862082772216176f,-0.7463959662419374f,0.7850538779805099f,-0.14260106431857156f,0.5709563469103974f,0f,0f,0f,1f], start_interpolation: 0, interpolation_duration: 1 }
$data merge entity $(bone_head) { transformation: [-0.9968398479373163f,-0.014913498217819f,0.07802502890236737f,-0.001184165248520458f,0.03389156427661182f,0.8084934373650863f,0.5875284874867529f,1.6783384024502996f,-0.07184482886883678f,0.5883161984073653f,-0.8054330333778924f,0.26782882233664407f,0f,0f,0f,1f], start_interpolation: 0, interpolation_duration: 1 }
$data merge entity $(bone_body) { transformation: [-0.9999927178688018f,-0.0012393466263665497f,0.003609463853080979f,5.199811927392227e-18f,1.0842021724855044e-19f,0.9457998486765192f,0.32475012893526806f,0.7964050747084548f,-0.0038163083427553823f,0.32474776406222255f,-0.945792961237934f,-0.042459686588921304f,0f,0f,0f,1f], start_interpolation: 0, interpolation_duration: 1 }
$data merge entity $(bone_shoe_right) { transformation: [-0.9585523586302338f,0.10961783623007204f,0.2629853717313054f,-0.1953955092328118f,0.001018251035902376f,0.9243384364925041f,-0.38157229719598507f,0.3030535413565937f,-0.2849146169104766f,-0.3654892403379756f,-0.8861384069477671f,0.2920494524663718f,0f,0f,0f,1f], start_interpolation: 0, interpolation_duration: 1 }
$data merge entity $(bone_lowerleg_right) { transformation: [-0.9585523586302338f,-0.04710057881231913f,0.2809962833205455f,-0.21037214008573496f,0.001018251035902376f,0.9856684240729467f,0.16869119997907922f,0.6722796052123461f,-0.2849146169104766f,0.1619854723766866f,-0.9447668325093015f,0.34841712789333434f,0f,0f,0f,1f], start_interpolation: 0, interpolation_duration: 1 }
$data merge entity $(bone_leg_right) { transformation: [-0.9585523586302338f,0.2384380565716761f,0.15596367828035454f,-0.125f,0.001018251035902376f,0.5502648732135964f,-0.8349895403369151f,0.8349331997084548f,-0.2849146169104766f,-0.8002223831445526f,-0.5277004818883619f,0.06177671282798833f,0f,0f,0f,1f], start_interpolation: 0, interpolation_duration: 1 }
$data merge entity $(bone_shoe_left) { transformation: [-0.9796141117322044f,-0.0002755865953592701f,-0.20088831759749665f,0.12092605257129113f,-6.938893903907228e-18f,0.9999990590290693f,-0.0013718385386274345f,0.25098253085458877f,0.2008885066277417f,-0.0013438723914575013f,-0.979613189943802f,0.0449081013174695f,0f,0f,0f,1f], start_interpolation: 0, interpolation_duration: 1 }
$data merge entity $(bone_lowerleg_left) { transformation: [-0.9796141117322044f,0.11705980780718497f,-0.1632580579673455f,0.1628501650430697f,-6.938893903907228e-18f,0.8126799323062932f,0.5827103290886807f,0.5318305131896601f,0.2008885066277417f,0.5708312614273885f,-0.7961127300088174f,0.25595838941467575f,0f,0f,0f,1f], start_interpolation: 0, interpolation_duration: 1 }
$data merge entity $(bone_leg_left) { transformation: [-0.9796141117322044f,-0.102517374650966f,-0.17276104882119028f,0.12317784256559766f,-6.938893903907228e-18f,0.8599847334289101f,-0.510319760806111f,0.8090379008746356f,0.2008885066277417f,-0.4999164391814694f,-0.8424531807412183f,0.06250000000000001f,0f,0f,0f,1f], start_interpolation: 0, interpolation_duration: 1 }