# This file was generated by Animated Java via MC-Build. It is not recommended to edit this file directly.
$data merge entity $(bone_hammer) { transformation: [-0.000014035397591554256f,-0.00001382782056898611f,0.000006769547291857522f,0.2773529298977142f,-0.00001256063082149486f,0.000015581572891918768f,0.000005785578394397002f,0.9728321787450054f,-0.000008903142455946905f,-1.8369078236181494e-7f,-0.00001883422655389302f,0.8573820619958242f,0f,0f,0f,1f], start_interpolation: 0, interpolation_duration: 1 }
$data merge entity $(bone_hand_left) { transformation: [-0.6736990843946042f,0.5869850880983789f,0.4489744425198503f,-0.059971563987913534f,-0.6029102794317532f,-0.08523995819983865f,-0.793242298721907f,1.6006867225462953f,-0.4273508378854514f,-0.8050979169493786f,0.41132542528073124f,0.7475192191126298f,0f,0f,0f,1f], start_interpolation: 0, interpolation_duration: 1 }
$data merge entity $(bone_lowerarm_left) { transformation: [-0.6736990843946042f,0.7377329481767146f,-0.04335482511053196f,0.2662447240339774f,-0.6029102794317532f,-0.5826093269612157f,-0.5450372162461246f,1.3430641607806328f,-0.4273508378854514f,-0.3410520038238926f,0.8372901480647617f,0.5967102861717523f,0f,0f,0f,1f], start_interpolation: 0, interpolation_duration: 1 }
$data merge entity $(bone_arm_left) { transformation: [-0.6964906838266594f,0.024435563130441162f,0.7171496570431939f,0.27834796389702404f,-0.5812255505675203f,0.5668837023422486f,-0.5837976767564497f,1.6238487445970278f,-0.42080587770390676f,-0.8234353473547533f,-0.3806266438606232f,0.18885246568510095f,0f,0f,0f,1f], start_interpolation: 0, interpolation_duration: 1 }
$data merge entity $(bone_bread) { transformation: [-0.000008204403714456896f,-0.000005716896387578934f,-6.96805847624367e-8f,0.2136834013951693f,0.000001988240744827183f,-0.000002738660946837909f,-0.000009409922154772267f,1.488982965769743f,0.0000053604718477774846f,-0.000007734134205711188f,0.000003383564637661475f,1.0189449782255f,0f,0f,0f,1f], start_interpolation: 0, interpolation_duration: 1 }
$data merge entity $(bone_hand_right) { transformation: [-0.8204403714456896f,-0.5716896387578934f,-0.006968058476243669f,0.038219777011055f,0.19882407448271827f,-0.27386609468379086f,-0.9409922154772267f,1.5591252891474872f,0.5360471847777484f,-0.7734134205711187f,0.3383564637661475f,0.8409691835534086f,0f,0f,0f,1f], start_interpolation: 0, interpolation_duration: 1 }
$data merge entity $(bone_lowerarm_right) { transformation: [-0.7145142345327404f,-0.6896507056632385f,-0.11769160050016031f,-0.26673514439940826f,0.5687158761353798f,-0.4745702965245988f,-0.6718223618547702f,1.3492762361530162f,0.40746982818567024f,-0.5469597223148626f,0.7313025374519009f,0.5991104313423052f,0f,0f,0f,1f], start_interpolation: 0, interpolation_duration: 1 }
$data merge entity $(bone_arm_right) { transformation: [-0.7037190265674581f,-0.032228925624737254f,-0.70974701690111f,-0.28269853412291096f,0.5761957415259602f,0.5585593560619562f,-0.5966656628322111f,1.625937667202454f,0.4156657299974323f,-0.828838188133684f,-0.3744986766291354f,0.1885765162823398f,0f,0f,0f,1f], start_interpolation: 0, interpolation_duration: 1 }
$data merge entity $(bone_uppertail) { transformation: [-0.9999764059590622f,-0.004033723620312713f,0.0055602696833610766f,0.026790466577910624f,0f,0.8094355150965094f,0.5872087762461053f,0.7299229465717877f,-0.006869317666025714f,0.5871949216181995f,-0.8094164172418296f,-0.7367990324578492f,0f,0f,0f,1f], start_interpolation: 0, interpolation_duration: 1 }
$data merge entity $(bone_middletail) { transformation: [-0.9999764059590622f,0.0018065920430755276f,0.006627499557651376f,0.024278140763942527f,0f,0.9647973612327867f,-0.26299439491793686f,0.8296378834891467f,-0.006869317666025714f,-0.26298818981741673f,-0.9647745977643489f,-0.37107616736527027f,0f,0f,0f,1f], start_interpolation: 0, interpolation_duration: 1 }
$data merge entity $(bone_tail) { transformation: [-0.9999764059590622f,0.0034255735197939855f,0.0059542397715627166f,0.022417440835329178f,0f,0.8667876579665557f,-0.49867740674393224f,0.9854745730966256f,-0.006869317666025714f,-0.49866564092878274f,-0.8667672069430692f,-0.10021141519556112f,0f,0f,0f,1f], start_interpolation: 0, interpolation_duration: 1 }
$data merge entity $(bone_hair) { transformation: [-0.6884407222134982f,0.11067611817880837f,0.08806501382069788f,0.09237357635393667f,0.1266352216659281f,0.5915430794118458f,0.503133661458865f,1.9363906841481564f,0.0035906311114155195f,0.35752983381085973f,-0.8597098766722158f,0.6586454161854085f,0f,0f,0f,1f], start_interpolation: 0, interpolation_duration: 1 }
$data merge entity $(bone_ear_left) { transformation: [-0.46251441771654994f,-0.018135143019880246f,-0.8864836089254893f,0.1292305745848537f,-0.45281263477580486f,1.0390222367017545f,0.22156521279996017f,2.1049300000937543f,0.7622605402299886f,0.6062161257069695f,-0.40627043651162753f,0.4940068693330619f,0f,0f,0f,1f], start_interpolation: 0, interpolation_duration: 1 }
$data merge entity $(bone_ear_right) { transformation: [-0.29979149011801726f,-0.018135143019880246f,0.9538856524458568f,-0.15491721072645281f,0.47685714910281135f,1.0390222367017545f,0.16351662021102692f,2.113892537868534f,-0.8262761776805366f,0.6062161257069695f,-0.25172301637455563f,0.470145186746165f,0f,0f,0f,1f], start_interpolation: 0, interpolation_duration: 1 }
$data merge entity $(bone_head) { transformation: [-0.9960006670831097f,-0.01507396798327642f,0.08806501382069788f,-0.0016790993604628096f,0.0314156719281061f,0.8636374090231975f,0.503133661458865f,1.773884992389025f,-0.08364046106583917f,0.5038880840275322f,-0.8597098766722158f,0.2231062371559432f,0f,0f,0f,1f], start_interpolation: 0, interpolation_duration: 1 }
$data merge entity $(bone_body) { transformation: [-0.9999764059590622f,-0.001745814770796357f,0.006643768206585947f,2.6112727746755147e-18f,0f,0.9671656676244146f,0.25414675163893075f,0.871477961005831f,-0.006869317666025714f,0.2541407552900684f,-0.9671428482780591f,-0.021322660349854215f,0f,0f,0f,1f], start_interpolation: 0, interpolation_duration: 1 }
$data merge entity $(bone_shoe_right) { transformation: [-0.9622317211929204f,0.17879136141178148f,0.20528946347689542f,-0.24514119446421592f,0.0018398887389798058f,0.7583521044217642f,-0.6518425427421181f,0.431331416937622f,-0.2722255122862991f,-0.6268458620774358f,-0.7300394069205158f,0.4776633229918664f,0f,0f,0f,1f], start_interpolation: 0, interpolation_duration: 1 }
$data merge entity $(bone_lowerleg_right) { transformation: [-0.9622317211929204f,0.07201369046711227f,0.2625340799123359f,-0.2147712498968633f,0.0018398887389798058f,0.9660755167531409f,-0.2582531911508165f,0.8033727118056875f,-0.2722255122862991f,-0.2480163791273854f,-0.9297210044658576f,0.37770838410246116f,0f,0f,0f,1f], start_interpolation: 0, interpolation_duration: 1 }
$data merge entity $(bone_leg_right) { transformation: [-0.9622317211929204f,0.2503480603552305f,0.10693906398731798f,-0.125f,0.0018398887389798058f,0.39879519304262245f,-0.9170381719511603f,0.9221654737609329f,-0.2722255122862991f,-0.882206462616587f,-0.3841939975819386f,0.061198083090378996f,0f,0f,0f,1f], start_interpolation: 0, interpolation_duration: 1 }
$data merge entity $(bone_shoe_left) { transformation: [-0.991919638841517f,0.00039094865163562253f,-0.1268671637566876f,0.11848751392975312f,0f,0.9999952520308468f,0.003081544379546941f,0.2504189855050516f,0.1268677661209277f,0.0030566443880343797f,-0.9919149292376693f,0.026757216550996554f,0f,0f,0f,1f], start_interpolation: 0, interpolation_duration: 1 }
$data merge entity $(bone_lowerleg_left) { transformation: [-0.991919638841517f,0.06200295801292166f,-0.11068452140277918f,0.14103203435837885f,0f,0.8724400593392416f,0.48872112995054817f,0.5629406564560968f,0.1268677661209277f,0.4847720867147659f,-0.8653904285706522f,0.2134908391706018f,0f,0f,0f,1f], start_interpolation: 0, interpolation_duration: 1 }
$data merge entity $(bone_leg_left) { transformation: [-0.991919638841517f,-0.04808759284280515f,-0.11740107961641154f,0.12172011661807579f,0f,0.9253814676969034f,-0.37903712119411853f,0.8776967930029155f,0.1268677661209277f,-0.37597436436239834f,-0.9179040512285453f,0.06250000000000001f,0f,0f,0f,1f], start_interpolation: 0, interpolation_duration: 1 }