# This file was generated by Animated Java via MC-Build. It is not recommended to edit this file directly.
$data merge entity $(bone_hammer) { transformation: [-0.000017282798286329884f,-0.000010919399886206617f,0.000004012401686885511f,0.23971414784808975f,-0.000011505040830047482f,0.000017107363466081425f,-0.0000029999880859931296f,1.4259263717790696f,-0.0000017224101343033919f,-0.000004704529640917502f,-0.000020221980169230595f,1.0163387192883009f,0f,0f,0f,1f], start_interpolation: 0, interpolation_duration: 1 }
$data merge entity $(bone_hand_left) { transformation: [-0.8295743177438343f,0.4138120374691822f,0.3749213904079841f,-0.008430076355682353f,-0.5522419598422791f,-0.5085881475942083f,-0.6605807398919908f,2.040519389310369f,-0.0826756864465628f,-0.755048140036313f,0.6504360361313737f,0.6952200226231804f,0f,0f,0f,1f], start_interpolation: 0, interpolation_duration: 1 }
$data merge entity $(bone_lowerarm_left) { transformation: [-0.8295743177438343f,0.558385531961174f,-0.003471172177898635f,0.23848102605839927f,-0.5522419598422791f,-0.821335701755021f,-0.14295622690930776f,1.6773350086905707f,-0.0826756864465628f,-0.11667588747904896f,0.9897229249398872f,0.6436274036285384f,0f,0f,0f,1f], start_interpolation: 0, interpolation_duration: 1 }
$data merge entity $(bone_arm_left) { transformation: [-0.8514571514257218f,0.07893351806070839f,0.5184498230422644f,0.2775777842228439f,-0.5164233504046005f,0.04582771474800293f,-0.855106276270887f,1.700034048651691f,-0.09125591730338646f,-0.9958259487920241f,0.0017427764004480373f,0.15038236336748892f,0f,0f,0f,1f], start_interpolation: 0, interpolation_duration: 1 }
$data merge entity $(bone_bread) { transformation: [-0.000009040757477399396f,-0.000003957482887049392f,0.000001613391903276497f,0.13919290296851963f,0.000001966666996591243f,-0.00000720417127041763f,-0.000006650724564361993f,2.118435371154117f,0.0000037943280247450564f,-0.000005695458322663811f,0.000007291421626502877f,0.9530379705157074f,0f,0f,0f,1f], start_interpolation: 0, interpolation_duration: 1 }
$data merge entity $(bone_hand_right) { transformation: [-0.9040757477399395f,-0.39574828870493917f,0.16133919032764968f,-0.024049168210388244f,0.19666669965912426f,-0.720417127041763f,-0.6650724564361993f,2.0562698503969514f,0.3794328024745056f,-0.5695458322663811f,0.7291421626502876f,0.7610215995308072f,0f,0f,0f,1f], start_interpolation: 0, interpolation_duration: 1 }
$data merge entity $(bone_lowerarm_right) { transformation: [-0.8662521826831712f,-0.49534779428194087f,-0.06509776260869643f,-0.24308577099443396f,0.4933439140365334f,-0.827533677787799f,-0.26795483688508576f,1.6903448022501593f,0.07886024651087278f,-0.264232047312614f,0.9612296742679292f,0.6441814911097606f,0f,0f,0f,1f], start_interpolation: 0, interpolation_duration: 1 }
$data merge entity $(bone_arm_right) { transformation: [-0.8557636451190219f,-0.07984337306250773f,-0.5111688756865054f,-0.28263319171445733f,0.5107536802016802f,0.027091271072337886f,-0.8593001461608888f,1.7037634474531766f,0.08245763671755653f,-0.9964392097913883f,0.017596571747620138f,0.15063269500996354f,0f,0f,0f,1f], start_interpolation: 0, interpolation_duration: 1 }
$data merge entity $(bone_uppertail) { transformation: [-0.9999580551666214f,-0.007225444130816363f,0.005628575707990342f,0.02892761362384419f,0f,0.6145381257517437f,0.7888871224690729f,1.052826452166997f,-0.009159034195160955f,0.7888540327301665f,-0.6145123490524543f,-0.7689770359684769f,0f,0f,0f,1f], start_interpolation: 0, interpolation_duration: 1 }
$data merge entity $(bone_middletail) { transformation: [-0.9999580551666214f,-0.0013235929884960846f,0.009062891866779147f,0.025492015601756565f,0f,0.9895030058483023f,0.14451228811825886f,0.9980637249675055f,-0.009159034195160955f,0.14450622657441262f,-0.9894615013095944f,-0.39388793341701933f,0f,0f,0f,1f], start_interpolation: 0, interpolation_duration: 1 }
$data merge entity $(bone_tail) { transformation: [-0.9999580551666214f,0.0016523725472433143f,0.009008749766379586f,0.022676781299762944f,0f,0.9835916729232471f,-0.18040903790012294f,1.054441549311294f,-0.009159034195160955f,-0.1804014706730883f,-0.9835504163344139f,-0.08652842831251503f,0f,0f,0f,1f], start_interpolation: 0, interpolation_duration: 1 }
$data merge entity $(bone_hair) { transformation: [-0.6877216926940757f,0.11127629597754204f,0.09748322044534465f,0.09004158573317693f,0.12965515466537353f,0.6246923231133255f,0.4114410769725797f,2.0716173156718134f,-0.015113380386051353f,0.29559615592357574f,-0.9062081780205077f,0.5918856369411306f,0f,0f,0f,1f], start_interpolation: 0, interpolation_duration: 1 }
$data merge entity $(bone_ear_left) { transformation: [-0.4449973401128364f,-0.0937381126257501f,-0.892109703563937f,0.1338966119375241f,-0.3800877432876016f,1.1007843262459922f,0.1090643746431165f,2.2219415543544705f,0.8108703192835702f,0.46453965654625995f,-0.43845779613409874f,0.4071122969596326f,0f,0f,0f,1f], start_interpolation: 0, interpolation_duration: 1 }
$data merge entity $(bone_ear_right) { transformation: [-0.2629496678923825f,0.06458408596448145f,0.963303394864257f,-0.15875138621138607f,0.3996094504331504f,1.096418576323231f,0.057901179189279034f,2.230011351178235f,-0.8781627179969562f,0.47958863675557417f,-0.2620954461479421f,0.3792952632672386f,0f,0f,0f,1f], start_interpolation: 0, interpolation_duration: 1 }
$data merge entity $(bone_head) { transformation: [-0.995137972705473f,-0.01405122810454046f,0.09748322044534465f,-0.001591326880083137f,0.02744102574472373f,0.9110231776885378f,0.4114410769725797f,1.865555464942061f,-0.09459072568554965f,0.4121156787881686f,-0.9062081780205077f,0.17464433369724938f,0f,0f,0f,1f], start_interpolation: 0, interpolation_duration: 1 }
$data merge entity $(bone_body) { transformation: [-0.9999580551666214f,-0.001634033003721914f,0.009012094292165122f,-1.1115633421619793e-19f,0f,0.9839568343271975f,0.17840669320628064f,0.9469152787900876f,-0.009159034195160955f,0.17839920996726047f,-0.98391556242173f,0.0009076603498542543f,0f,0f,0f,1f], start_interpolation: 0, interpolation_duration: 1 }
$data merge entity $(bone_shoe_right) { transformation: [-0.9648805853613872f,0.2290283304258537f,0.12865255479396f,-0.2894403981109812f,0.0024599405280193998f,0.49760885061012616f,-0.8673980519271804f,0.6446642052320949f,-0.2626773775665988f,-0.836619062451254f,-0.4806965151297849f,0.6563187732292509f,0f,0f,0f,1f], start_interpolation: 0, interpolation_duration: 1 }
$data merge entity $(bone_lowerleg_right) { transformation: [-0.9648805853613872f,0.1736847781418352f,0.19707626400581169f,-0.21790405575532062f,0.0024599405280193998f,0.7561681140370533f,-0.6543727775559162f,0.9432347345023816f,-0.2626773775665988f,-0.6309067927637706f,-0.7300391867285394f,0.40139983897751513f,0f,0f,0f,1f], start_interpolation: 0, interpolation_duration: 1 }
$data merge entity $(bone_leg_right) { transformation: [-0.9648805853613872f,0.2563217816356308f,0.05748565257351536f,-0.125f,0.0024599405280193998f,0.22764247422863837f,-0.9737416765342143f,1.0099111078717202f,-0.2626773775665988f,-0.939403027558566f,-0.2202783401257027f,0.060764110787172f,0f,0f,0f,1f], start_interpolation: 0, interpolation_duration: 1 }
$data merge entity $(bone_shoe_left) { transformation: [-0.9984693207133181f,-0.00013320182576927186f,-0.05530820781365847f,0.11908659077077148f,0f,0.9999970999245396f,-0.0024083485026797358f,0.25043420356510776f,0.055308368212099876f,-0.0024046620935116447f,-0.998466425076943f,0.01068146188309238f,0f,0f,0f,1f], start_interpolation: 0, interpolation_duration: 1 }
$data merge entity $(bone_lowerleg_left) { transformation: [-0.9984693207133181f,0.02087274015249483f,-0.05121859342867247f,0.12613938825378093f,0f,0.9260550452737333f,0.3773884644806511f,0.6020214433871423f,0.055308368212099876f,0.37681080377503784f,-0.9246375519976056f,0.16201709485441407f,0f,0f,0f,1f], start_interpolation: 0, interpolation_duration: 1 }
$data merge entity $(bone_leg_left) { transformation: [-0.9984693207133181f,-0.013190436510974929f,-0.05371245645969993f,0.1206268221574344f,0f,0.97114520272448f,-0.23848898344625616f,0.9470481049562682f,0.055308368212099876f,-0.23812393329919315f,-0.9696586908783091f,0.06250000000000001f,0f,0f,0f,1f], start_interpolation: 0, interpolation_duration: 1 }