# This file was generated by Animated Java via MC-Build. It is not recommended to edit this file directly.
$data merge entity $(bone_hammer) { transformation: [-0.00001861479121697893f,-0.000009345099212869607f,-4.3179442757599796e-7f,0.33342165558286163f,-0.000007931568647480932f,0.000016275367013127723f,-0.000010306814500905191f,1.8723323592904328f,0.0000049605992094059935f,-0.00000904485085932299f,-0.000018100025032966747f,0.983425604973939f,0f,0f,0f,1f], start_interpolation: 0, interpolation_duration: 1 }
$data merge entity $(bone_hand_left) { transformation: [-0.8935099784149885f,0.19720117605433557f,0.4034248562441751f,0.10457031767907385f,-0.3807152950790847f,-0.8090733881164864f,-0.44772325909489596f,2.3837726969173825f,0.23810876205148765f,-0.5536352127570073f,0.7979926494835725f,0.4827447204561013f,0f,0f,0f,1f], start_interpolation: 0, interpolation_duration: 1 }
$data merge entity $(bone_lowerarm_left) { transformation: [-0.8935099784149885f,0.42248939442044425f,0.15212701954318522f,0.291389846774364f,-0.3807152950790847f,-0.892393860078674f,0.24225825597227812f,1.989167286913844f,0.23810876205148765f,0.15854308592975772f,0.9582109931211278f,0.552850491265666f,0f,0f,0f,1f], start_interpolation: 0, interpolation_duration: 1 }
$data merge entity $(bone_arm_left) { transformation: [-0.9125171248066546f,-0.028610809859449495f,0.40803666317352244f,0.27721855501585546f,-0.349536976744435f,-0.46358204598267794f,-0.8141962837859646f,1.7595493047630488f,0.21245328621359688f,-0.885591953555192f,0.4130260197316179f,0.11420572677035992f,0f,0f,0f,1f], start_interpolation: 0, interpolation_duration: 1 }
$data merge entity $(bone_bread) { transformation: [-0.000009625526695699805f,-0.00000227142382639539f,0.0000014798208105219105f,-0.012731671027015695f,0.0000018429588786376768f,-0.00000948600108513736f,-0.0000025727973072948067f,2.5790527467782836f,0.0000019881494918695028f,-0.0000022037280262446583f,0.000009549389738843154f,0.6570118784381824f,0f,0f,0f,1f], start_interpolation: 0, interpolation_duration: 1 }
$data merge entity $(bone_hand_right) { transformation: [-0.9625526695699805f,-0.227142382639539f,0.14798208105219104f,-0.14107636920906252f,0.18429588786376766f,-0.9486001085137359f,-0.2572797307294806f,2.415224932373574f,0.19881494918695025f,-0.2203728026244658f,0.9549389738843153f,0.5018638904527255f,0f,0f,0f,1f], start_interpolation: 0, interpolation_duration: 1 }
$data merge entity $(bone_lowerarm_right) { transformation: [-0.9203044261458645f,-0.35388805615589364f,-0.16674233693496732f,-0.2975612440404967f,0.3254825261408657f,-0.9291202801958797f,0.17548968660776237f,2.004379558474459f,-0.2170273908825606f,0.10723221828784979f,0.9702578847748548f,0.5492806369768841f,0f,0f,0f,1f], start_interpolation: 0, interpolation_duration: 1 }
$data merge entity $(bone_arm_right) { transformation: [-0.9120127593508268f,0.03109880289812686f,-0.4089811624507835f,-0.2821576182300183f,0.34453731751322053f,-0.48293349377464895f,-0.8050275010404335f,1.7651765623392028f,-0.22254609325280225f,-0.875104625201418f,0.42972681011196f,0.1158303773068067f,0f,0f,0f,1f], start_interpolation: 0, interpolation_duration: 1 }
$data merge entity $(bone_uppertail) { transformation: [-0.9999544869700155f,-0.008757458911271346f,0.003785617776572606f,0.02885513480285925f,1.0842021724855044e-19f,0.3967882759981046f,0.9179101611979528f,1.3487355515360826f,-0.009540649272083554f,0.9178683843252633f,-0.39677021696140186f,-0.7094381841486257f,0f,0f,0f,1f], start_interpolation: 0, interpolation_duration: 1 }
$data merge entity $(bone_middletail) { transformation: [-0.9999544869700155f,-0.004822781308666339f,0.008231935919435173f,0.025734468803212007f,1.0842021724855044e-19f,0.8628276425088023f,0.505498228802735f,1.1571273683743293f,-0.009540649272083554f,0.5054752220466905f,-0.8627883726084375f,-0.3823614957923263f,0f,0f,0f,1f], start_interpolation: 0, interpolation_duration: 1 }
$data merge entity $(bone_tail) { transformation: [-0.9999544869700155f,-0.0013607245819861214f,0.009443114801001157f,0.022783495427899144f,1.0842021724855044e-19f,0.9897769566513898f,0.14262389730305608f,1.1125574004671241f,-0.009540649272083554f,0.14261740605734163f,-0.9897319089030839f,-0.07307027426011259f,0f,0f,0f,1f], start_interpolation: 0, interpolation_duration: 1 }
$data merge entity $(bone_hair) { transformation: [-0.6869455431668633f,0.11274419622476545f,0.10492530813572443f,0.08922754778495673f,0.13068394458297955f,0.6500349877122201f,0.32063782536931607f,2.186092533722787f,-0.03205506748418628f,0.23397277826192778f,-0.9413724367406661f,0.5233263340812576f,0f,0f,0f,1f], start_interpolation: 0, interpolation_duration: 1 }
$data merge entity $(bone_ear_left) { transformation: [-0.45459387093651504f,-0.08190708168947843f,-0.8880525835076437f,0.13440622536166558f,-0.2961457068472007f,1.1364797612272415f,0.0780528204090387f,2.3175404302118943f,0.8400250786868968f,0.3563335815541944f,-0.45306772799615086f,0.32548994985826524f,0f,0f,0f,1f], start_interpolation: 0, interpolation_duration: 1 }
$data merge entity $(bone_ear_right) { transformation: [-0.25883648795069303f,0.058073709687772035f,0.9646955026302774f,-0.15705663932588954f,0.31236106726575724f,1.1332981767101524f,0.03594222389843103f,2.3241650086877885f,-0.9140209166982712f,0.370852161867501f,-0.26090370588811485f,0.29525989495088617f,0f,0f,0f,1f], start_interpolation: 0, interpolation_duration: 1 }
$data merge entity $(bone_head) { transformation: [-0.9944101728926612f,-0.011793547397238147f,0.10492530813572443f,-0.0010070489390064789f,0.022601672547947906f,0.9469321777933577f,0.32063782536931607f,1.94073252867804f,-0.10313860792944103f,0.3212170028179047f,-0.9413724367406661f,0.12759338421314523f,0f,0f,0f,1f], start_interpolation: 0, interpolation_duration: 1 }
$data merge entity $(bone_body) { transformation: [-0.9999544869700155f,-0.0010054767890617811f,0.009487518377297957f,-2.6996954869328988e-18f,1.0842021724855044e-19f,0.9944311028243056f,0.10538871730709772f,1.0117840834548104f,-0.009540649272083554f,0.10538392074724691f,-0.9943858432517053f,0.022044686588921246f,0f,0f,0f,1f], start_interpolation: 0, interpolation_duration: 1 }
$data merge entity $(bone_shoe_right) { transformation: [-0.965312819706118f,0.2561333702899653f,0.05066415631318894f,-0.3209121119836809f,0.0025635864093658256f,0.20333258808739577f,-0.9791063714665547f,0.9057391084346545f,-0.2610834888225325f,-0.9450140502900393f,-0.19693617397184696f,0.7781917483860419f,0f,0f,0f,1f], start_interpolation: 0, interpolation_duration: 1 }
$data merge entity $(bone_lowerleg_right) { transformation: [-0.965312819706118f,0.2384377365559703f,0.1063889369111725f,-0.22096380294631873f,0.0025635864093658256f,0.41610627980388754f,-0.9093123731328473f,1.0726412149661415f,-0.2610834888225325f,-0.8774981536697583f,-0.4022839819958284f,0.4153752735606113f,0f,0f,0f,1f], start_interpolation: 0, interpolation_duration: 1 }
$data merge entity $(bone_leg_right) { transformation: [-0.965312819706118f,0.26076799958217917f,0.013084743212319845f,-0.125f,0.0025635864093658256f,0.05957832133443053f,-0.9982203422349663f,1.0855472849854226f,-0.2610834888225325f,-0.9635613493809723f,-0.05818021866042267f,0.060691782069970834f,0f,0f,0f,1f], start_interpolation: 0, interpolation_duration: 1 }
$data merge entity $(bone_shoe_left) { transformation: [-0.9999997087144127f,0.000001208834623321023f,-0.0007632624899117953f,0.12173023891298619f,0f,0.9999987458336943f,0.0015837711445521596f,0.25032478012205994f,0.0007632634471710929f,0.0015837706832224352f,-0.9999984545484725f,0.006827380471720906f,0f,0f,0f,1f], start_interpolation: 0, interpolation_duration: 1 }
$data merge entity $(bone_lowerleg_left) { transformation: [-0.9999997087144127f,0.0001938870170386846f,-0.0007382268719108921f,0.1204822342087648f,0f,0.9671979899561616f,0.25402371587070494f,0.6432485519645126f,0.0007632634471710929f,0.2540236418772577f,-0.9671977082253271f,0.11179855340207381f,0f,0f,0f,1f], start_interpolation: 0, interpolation_duration: 1 }
$data merge entity $(bone_leg_left) { transformation: [-0.9999997087144127f,-0.00008584431961870368f,-0.0007584206237812246f,0.12044460641399415f,0f,0.9936551089825962f,-0.11247010444017877f,1.0074161807580173f,0.0007632634471710929f,-0.11247007167925835f,-0.9936548195451843f,0.06250000000000001f,0f,0f,0f,1f], start_interpolation: 0, interpolation_duration: 1 }