# This file was generated by Animated Java via MC-Build. It is not recommended to edit this file directly.
$data merge entity $(bone_hammer) { transformation: [-0.000018165823098751026f,-0.000009200454732075464f,-0.0000044025312770827675f,0.45512570931596974f,-0.000003562652431677844f,0.000014149784191490777f,-0.00001487006700600489f,2.178666491360429f,0.000009557099799296946f,-0.00001221323126101547f,-0.000013911383948730991f,0.8165722406193616f,0f,0f,0f,1f], start_interpolation: 0, interpolation_duration: 1 }
$data merge entity $(bone_hand_left) { transformation: [-0.871959508740049f,0.0347334728519251f,0.48834434672826654f,0.18768977275756768f,-0.1710073167205365f,-0.9562596150019773f,-0.23732687657387602f,2.5533035643836435f,0.45874079036625337f,-0.2904498830778112f,0.8397593421178655f,0.2045066402723939f,0f,0f,0f,1f], start_interpolation: 0, interpolation_duration: 1 }
$data merge entity $(bone_lowerarm_left) { transformation: [-0.871959508740049f,0.3732104316336836f,0.316860519531248f,0.35271876049558715f,-0.1710073167205365f,-0.8386233660849289f,0.5171724542978143f,2.182474794692964f,0.45874079036625337f,0.3967679719636937f,0.7950673327951301f,0.3799524778750897f,0f,0f,0f,1f], start_interpolation: 0, interpolation_duration: 1 }
$data merge entity $(bone_arm_left) { transformation: [-0.8871050296614048f,-0.152774227070512f,0.43555103247776356f,0.2770477761497242f,-0.1572980025727435f,-0.7870835834449702f,-0.5964534944637756f,1.7926224572678768f,0.4339377890159641f,-0.5976282023251844f,0.6741947248751686f,0.08393975891089672f,0f,0f,0f,1f], start_interpolation: 0, interpolation_duration: 1 }
$data merge entity $(bone_bread) { transformation: [-0.000009867171150094464f,-0.0000015936983724022912f,3.147363857989882e-7f,-0.1094674030262488f,0.000001618439381559883f,-0.000009811132457934152f,0.0000010594025963188186f,2.789726586710541f,1.3995521769332998e-7f,0.0000010962688496319124f,0.000009938742734690702f,0.29842726160915095f,0f,0f,0f,1f], start_interpolation: 0, interpolation_duration: 1 }
$data merge entity $(bone_hand_right) { transformation: [-0.9867171150094463f,-0.1593698372402291f,0.03147363857989882f,-0.20993357943312665f,0.16184393815598827f,-0.9811132457934152f,0.10594025963188186f,2.5719807778739954f,0.013995521769332997f,0.10962688496319123f,0.9938742734690701f,0.1990485786217986f,0f,0f,0f,1f], start_interpolation: 0, interpolation_duration: 1 }
$data merge entity $(bone_lowerarm_right) { transformation: [-0.8903202394235274f,-0.33265212324574656f,-0.3109219133044976f,-0.3570281901808552f,0.14281187788376257f,-0.8523912170795105f,0.5030248309785754f,2.195064036571649f,-0.43235938616866654f,0.403449845638597f,0.8064078268754877f,0.3774490572401157f,0f,0f,0f,1f], start_interpolation: 0, interpolation_duration: 1 }
$data merge entity $(bone_arm_right) { transformation: [-0.8841670202578518f,0.15230679423408616f,-0.4416461487644688f,-0.2815887311617844f,0.1540577678770594f,-0.7974242187882699f,-0.5834216480785194f,1.8000898532030845f,-0.44103841606496097f,-0.5838812000056633f,0.681592150655256f,0.08824540036231054f,0f,0f,0f,1f], start_interpolation: 0, interpolation_duration: 1 }
$data merge entity $(bone_uppertail) { transformation: [-0.9999764059590622f,-0.006708861903359127f,0.00147604104225787f,0.02626088906523547f,2.710505431213761e-20f,0.21487447720725938f,0.9766416738215233f,1.5602976923021457f,-0.006869317666025728f,0.9766186308978897f,-0.21486940745004757f,-0.5984831860602753f,0f,0f,0f,1f], start_interpolation: 0, interpolation_duration: 1 }
$data merge entity $(bone_middletail) { transformation: [-0.9999764059590622f,-0.005138904323624627f,0.004558419413503464f,0.024532778169669037f,2.710505431213761e-20f,0.6635912961266146f,0.7480953092387357f,1.2767216444381515f,-0.006869317666025728f,0.7480776586473842f,-0.6635756393264078f,-0.3469196092302351f,0f,0f,0f,1f], start_interpolation: 0, interpolation_duration: 1 }
$data merge entity $(bone_tail) { transformation: [-0.9999764059590622f,-0.0027901708392209204f,0.006277138829493449f,0.022571172285452336f,2.710505431213761e-20f,0.9137936451154272f,0.40617874654720765f,1.149790786142149f,-0.006869317666025728f,0.4061691631492336f,-0.9137720850307557f,-0.06136583265812396f,0f,0f,0f,1f], start_interpolation: 0, interpolation_duration: 1 }
$data merge entity $(bone_hair) { transformation: [-0.6862900988313213f,0.11482485824092772f,0.10899496502175458f,0.08980766482070568f,0.13025995610892813f,0.6669550962095675f,0.2399117332354845f,2.266281717390032f,-0.045146916623343f,0.17884672647280223f,-0.9646566528334588f,0.4613711212796415f,0f,0f,0f,1f], start_interpolation: 0, interpolation_duration: 1 }
$data merge entity $(bone_ear_left) { transformation: [-0.472572737844254f,-0.03550868864755476f,-0.8807857147620798f,0.1334360116989807f,-0.2178570649892372f,1.1563671161587425f,0.08392494950051306f,2.3809589651625607f,0.8539398729891123f,0.27536166796134126f,-0.4660183768075982f,0.2554482008935628f,0f,0f,0f,1f], start_interpolation: 0, interpolation_duration: 1 }
$data merge entity $(bone_ear_right) { transformation: [-0.2704154433814212f,0.016540522376760517f,0.9626432564163826f,-0.15305432467604593f,0.23116787766447328f,1.1554346419749733f,0.050899474350987545f,2.386091508717241f,-0.9345784612952155f,0.28101071461578914f,-0.26594586739946807f,0.22435460227061815f,0f,0f,0f,1f], start_interpolation: 0, interpolation_duration: 1 }
$data merge entity $(bone_head) { transformation: [-0.9940041964700008f,-0.0087037348267473f,0.10899496502175458f,-0.0003261667438685935f,0.017807825200912536f,0.9706313623706785f,0.2399117332354845f,1.9888710058850885f,-0.10788205949851712f,0.24041423290335f,-0.9646566528334588f,0.0873823892533647f,0f,0f,0f,1f], start_interpolation: 0, interpolation_duration: 1 }
$data merge entity $(bone_body) { transformation: [-0.9999764059590622f,-0.0002970163517928612f,0.006862893448359869f,-4.8865647711246e-18f,2.710505431213761e-20f,0.9990647953729623f,0.0432381156663994f,1.055151430393586f,-0.006869317666025728f,0.0432370955045283f,-0.9990412233972809f,0.039901829446064095f,0f,0f,0f,1f], start_interpolation: 0, interpolation_duration: 1 }
$data merge entity $(bone_shoe_right) { transformation: [-0.9622317211929206f,0.27190948857989566f,-0.013241780481842484f,-0.34279257747093717f,0.0018398887389798058f,-0.04214488287025116f,-0.9991098156145202f,1.1455227089309645f,-0.27222551228629893f,-0.9613995209422939f,0.04005285997765588f,0.8262090128999295f,0f,0f,0f,1f], start_interpolation: 0, interpolation_duration: 1 }
$data merge entity $(bone_lowerleg_right) { transformation: [-0.9622317211929206f,0.271682387801994f,0.017285684490833522f,-0.2261623591606179f,0.0018398887389798058f,0.06998492238226328f,-0.9975463525313379f,1.1704026696902678f,-0.27222551228629893f,-0.9598389400297089f,-0.06784157768733418f,0.41900473062224536f,0f,0f,0f,1f], start_interpolation: 0, interpolation_duration: 1 }
$data merge entity $(bone_leg_right) { transformation: [-0.9622317211929206f,0.27118211410986737f,-0.02388254000337042f,-0.125f,0.0018398887389798058f,-0.08124850544154816f,-0.9966921767391086f,1.136451188046647f,-0.27222551228629893f,-0.9590927699396015f,0.0776809443174098f,0.061198083090378996f,0f,0f,0f,1f], start_interpolation: 0, interpolation_duration: 1 }
$data merge entity $(bone_shoe_left) { transformation: [-0.9997493753919604f,-0.00010774088064510051f,0.022386933583851583f,0.123918608816792f,0f,0.9999884193141523f,0.004812612344976333f,0.25104049997582123f,-0.022387192842898907f,0.004811406185893735f,-0.9997377976085176f,0.023646705235689694f,0f,0f,0f,1f], start_interpolation: 0, interpolation_duration: 1 }
$data merge entity $(bone_lowerleg_left) { transformation: [-0.9997493753919604f,-0.0028119620954535855f,0.02220989132253637f,0.12144213594245726f,0f,0.9920802254393061f,0.1256058370152256f,0.6760674414280465f,-0.022387192842898907f,0.12557435710155618f,-0.9918315857216615f,0.0749138389645761f,0f,0f,0f,1f], start_interpolation: 0, interpolation_duration: 1 }
$data merge entity $(bone_leg_left) { transformation: [-0.9997493753919604f,0.0005695161419614955f,0.022379947603807956f,0.12172011661807579f,0f,0.9996763667896285f,-0.02543937267874756f,1.0491253644314869f,-0.022387192842898907f,-0.025432996945941172f,-0.9994258232920353f,0.06250000000000001f,0f,0f,0f,1f], start_interpolation: 0, interpolation_duration: 1 }