# This file was generated by Animated Java via MC-Build. It is not recommended to edit this file directly.
$data merge entity $(bone_hammer) { transformation: [-0.00001730434277298559f,-0.00000969040593294208f,-0.000006378364353625491f,0.51960174471228f,-1.0812376383887199e-7f,0.000011588442158558268f,-0.000017312541562902324f,2.331806894910122f,0.000011600681368975385f,-0.000014346840034318643f,-0.000009675750647001861f,0.6336784946760069f,0f,0f,0f,1f], start_interpolation: 0, interpolation_duration: 1 }
$data merge entity $(bone_hand_left) { transformation: [-0.8306084531033082f,-0.028024871650679573f,0.5561512422015189f,0.20468824180910355f,-0.005189940664265855f,-0.9982998252272703f,-0.058056209548183524f,2.572178103259172f,0.5568327057108184f,-0.05110837035324184f,0.829050826144335f,-0.03781161882983389f,0f,0f,0f,1f], start_interpolation: 0, interpolation_duration: 1 }
$data merge entity $(bone_lowerarm_left) { transformation: [-0.8306084531033082f,0.38675722414357744f,0.4006350548892149f,0.3757074518600917f,-0.005189940664265855f,-0.7248032171823761f,0.688936398282148f,2.25167918066134f,0.5568327057108184f,0.5701571239007996f,0.6040349260729357f,0.2143047343950509f,0f,0f,0f,1f], start_interpolation: 0, interpolation_duration: 1 }
$data merge entity $(bone_arm_left) { transformation: [-0.8306084531033082f,-0.19964800422273446f,0.5198367744236729f,0.2768192997685185f,-0.005189940664265855f,-0.930703498285776f,-0.36573769670970424f,1.7906901041666665f,0.5568327057108184f,-0.3064827445199765f,0.7720140317133307f,0.06250000000000003f,0f,0f,0f,1f], start_interpolation: 0, interpolation_duration: 1 }
$data merge entity $(bone_bread) { transformation: [-0.000009808759070041315f,-0.0000017956244162330118f,-7.509849943308734e-7f,-0.11792222617686555f,0.0000014321216407357662f,-0.000009271349155884787f,0.0000034628185681335844f,2.818184738354186f,-0.000001318056566319739f,0.00000328904511758387f,0.000009351198270942559f,0.024229751612262207f,0f,0f,0f,1f], start_interpolation: 0, interpolation_duration: 1 }
$data merge entity $(bone_hand_right) { transformation: [-0.9808759070041314f,-0.17956244162330118f,-0.07509849943308733f,-0.20911894204058498f,0.14321216407357662f,-0.9271349155884787f,0.34628185681335844f,2.5810395037221348f,-0.13180565663197388f,0.328904511758387f,0.9351198270942558f,-0.028950218366870978f,0f,0f,0f,1f], start_interpolation: 0, interpolation_duration: 1 }
$data merge entity $(bone_lowerarm_right) { transformation: [-0.830608453103308f,-0.3867572241435776f,-0.400635054889215f,-0.3801381520915732f,0.005189940664265855f,-0.7248032171823761f,0.688936398282148f,2.260540581124303f,-0.5568327057108187f,0.5701571239007995f,0.6040349260729356f,0.22316613485801381f,0f,0f,0f,1f], start_interpolation: 0, interpolation_duration: 1 }
$data merge entity $(bone_arm_right) { transformation: [-0.830608453103308f,0.19964800422273452f,-0.5198367744236732f,-0.28125f,0.005189940664265855f,-0.930703498285776f,-0.36573769670970424f,1.7995515046296295f,-0.5568327057108187f,-0.3064827445199765f,0.7720140317133305f,0.07136140046296294f,0f,0f,0f,1f], start_interpolation: 0, interpolation_duration: 1 }
$data merge entity $(bone_uppertail) { transformation: [-1f,-1.2155184676135683e-16f,1.492469013153034e-17f,0.02187500000000006f,0f,0.12186934340514743f,0.992546151641322f,1.6637769414580617f,-1.2246467991473532e-16f,0.992546151641322f,-0.12186934340514743f,-0.49866741808250814f,0f,0f,0f,1f], start_interpolation: 0, interpolation_duration: 1 }
$data merge entity $(bone_middletail) { transformation: [-1f,-1.0605752387249068e-16f,6.123233995736766e-17f,0.021875000000000037f,0f,0.5f,0.8660254037844386f,1.335492636359702f,-1.2246467991473532e-16f,0.8660254037844386f,-0.5f,-0.3091100138403099f,0f,0f,0f,1f], start_interpolation: 0, interpolation_duration: 1 }
$data merge entity $(bone_tail) { transformation: [-1f,-7.024285468436541e-17f,1.0031719290535247e-16f,0.021875000000000006f,0f,0.8191520442889918f,0.573576436351046f,1.15625f,-1.2246467991473532e-16f,0.573576436351046f,-0.8191520442889918f,-0.053125f,0f,0f,0f,1f], start_interpolation: 0, interpolation_duration: 1 }
$data merge entity $(bone_hair) { transformation: [-0.6859431541302935f,0.11715360368267332f,0.10839292135509836f,0.09152126660197363f,0.129368524272812f,0.6764838247380748f,0.17861953520707785f,2.3010029611708207f,-0.052400135775196977f,0.13654547964655805f,-0.9779294638380188f,0.41511122495705705f,0f,0f,0f,1f], start_interpolation: 0, interpolation_duration: 1 }
$data merge entity $(bone_ear_left) { transformation: [-0.4805652213868114f,-0.006327540996303224f,-0.8769427216822103f,0.133615426516783f,-0.15959268631634807f,1.1654434404069631f,0.08146451124951729f,2.4027987374822777f,0.8623150482670336f,0.21216776122864953f,-0.47364015485965133f,0.20360356061869198f,0f,0f,0f,1f], start_interpolation: 0, interpolation_duration: 1 }
$data merge entity $(bone_ear_right) { transformation: [-0.28028121836864955f,-0.006327540996303224f,0.959903072058707f,-0.14998834540285427f,0.1704531790526487f,1.1654434404069631f,0.055244962391485825f,2.406846961334006f,-0.9446629834923304f,0.21216776122864953f,-0.27483465280531877f,0.17290855592471685f,0f,0f,0f,1f], start_interpolation: 0, interpolation_duration: 1 }
$data merge entity $(bone_head) { transformation: [-0.9940937801425302f,-0.0053414307111650594f,0.10839292135509836f,-7.269197238038901e-18f,0.0141899175895593f,0.9838158912526311f,0.17861953520707785f,2.00098375f,-0.10759276239941155f,0.17910265558262622f,-0.9779294638380188f,0.0593575f,0f,0f,0f,1f], start_interpolation: 0, interpolation_duration: 1 }
$data merge entity $(bone_body) { transformation: [-1f,0f,1.2246467991473532e-16f,-6.403984274441296e-18f,0f,1f,0f,1.066084375f,-1.2246467991473532e-16f,0f,-1f,0.0522925f,0f,0f,0f,1f], start_interpolation: 0, interpolation_duration: 1 }
$data merge entity $(bone_shoe_right) { transformation: [-0.9537169507482269f,0.29613740272754285f,-0.052217014097794355f,-0.36645027673623154f,2.7755575615628914e-17f,-0.1736481776669303f,-0.9848077530122081f,1.2957350590775703f,-0.30070579950427323f,-0.939227847276016f,0.16561121050749117f,0.8238657503899948f,0f,0f,0f,1f], start_interpolation: 0, interpolation_duration: 1 }
$data merge entity $(bone_lowerleg_right) { transformation: [-0.9537169507482269f,0.29613740272754285f,-0.052217014097794355f,-0.23605152602282858f,2.7755575615628914e-17f,-0.1736481776669303f,-0.9848077530122081f,1.2151180666250987f,-0.30070579950427323f,-0.939227847276016f,0.16561121050749117f,0.414710442728506f,0f,0f,0f,1f], start_interpolation: 0, interpolation_duration: 1 }
$data merge entity $(bone_leg_right) { transformation: [-0.9537169507482269f,0.29613740272754285f,-0.052217014097794355f,-0.125f,2.7755575615628914e-17f,-0.1736481776669303f,-0.9848077530122081f,1.15f,-0.30070579950427323f,-0.939227847276016f,0.16561121050749117f,0.062499999999999986f,0f,0f,0f,1f], start_interpolation: 0, interpolation_duration: 1 }
$data merge entity $(bone_shoe_left) { transformation: [-1f,0f,1.2246467991473532e-16f,0.12632812499999999f,0f,1f,0f,0.250595f,-1.2246467991473532e-16f,0f,-1f,0.06732250000000001f,0f,0f,0f,1f], start_interpolation: 0, interpolation_duration: 1 }
$data merge entity $(bone_lowerleg_left) { transformation: [-1f,0f,1.2246467991473532e-16f,0.12499999999999999f,0f,1f,0f,0.6875f,-1.2246467991473532e-16f,0f,-1f,0.06250000000000001f,0f,0f,0f,1f], start_interpolation: 0, interpolation_duration: 1 }
$data merge entity $(bone_leg_left) { transformation: [-1f,0f,1.2246467991473532e-16f,0.12499999999999999f,0f,1f,0f,1.0625f,-1.2246467991473532e-16f,0f,-1f,0.06250000000000001f,0f,0f,0f,1f], start_interpolation: 0, interpolation_duration: 1 }