# This file was generated by Animated Java via MC-Build. It is not recommended to edit this file directly.
$data merge entity $(bone_hammer) { transformation: [-0.000017755655572885032f,-0.000009813646413960042f,-0.000004738862417988489f,0.45894672240808343f,0.0000025784052937745847f,0.000005019026346055202f,-0.000020054649796404236f,2.477179326102954f,0.00001058849843442826f,-0.000017678503793510086f,-0.000003063002171846653f,0.40496665791327663f,0f,0f,0f,1f], start_interpolation: 0, interpolation_duration: 1 }
$data merge entity $(bone_hand_left) { transformation: [-0.8522714674984815f,0.04919088199740734f,0.5207817228132166f,0.15258912186486884f,0.12376345410118005f,-0.9483404592083764f,0.2921180940260124f,2.4339076000254747f,0.5082479248525564f,0.31341766152653605f,0.802155481391424f,-0.324929847169718f,0f,0f,0f,1f], start_interpolation: 0, interpolation_duration: 1 }
$data merge entity $(bone_lowerarm_left) { transformation: [-0.8522714674984815f,0.4196892878087939f,0.3122406882303012f,0.33817047881781986f,0.12376345410118005f,-0.4181757527682588f,0.8998953534859732f,2.2489955093482603f,0.5082479248525564f,0.8055991195968668f,0.30445706657560545f,0.03129601352702149f,0f,0f,0f,1f], start_interpolation: 0, interpolation_duration: 1 }
$data merge entity $(bone_arm_left) { transformation: [-0.796182349111717f,-0.12435629259270807f,0.5921394932408618f,0.27657525264299415f,0.12450172932217073f,-0.991380258430866f,-0.04079831601105442f,1.7579524750942221f,0.5921089311594081f,0.04123949182695763f,0.804802036500354f,0.051722449322561447f,0f,0f,0f,1f], start_interpolation: 0, interpolation_duration: 1 }
$data merge entity $(bone_bread) { transformation: [-0.000009504222265451725f,-0.000002718270921761905f,-0.0000015102192969219378f,-0.0516366286912235f,0.0000013793234062561316f,-0.000008037874996022743f,0.000005787057325555572f,2.727860534210493f,-0.0000027869743575866828f,0.0000052918398260166655f,0.000008014312521104866f,-0.2340569877197171f,0f,0f,0f,1f], start_interpolation: 0, interpolation_duration: 1 }
$data merge entity $(bone_hand_right) { transformation: [-0.9504222265451724f,-0.2718270921761905f,-0.15102192969219377f,-0.15162245305231423f,0.13793234062561316f,-0.8037874996022742f,0.5787057325555571f,2.4883145733921515f,-0.27869743575866823f,0.5291839826016665f,0.8014312521104865f,-0.23589548777433011f,0f,0f,0f,1f], start_interpolation: 0, interpolation_duration: 1 }
$data merge entity $(bone_lowerarm_right) { transformation: [-0.7595706038069375f,-0.49396601712571253f,-0.4231430866235732f,-0.3700480512500902f,-0.12421525385913132f,-0.528424796402865f,0.8398439171984889f,2.2546517337327594f,-0.6384536541841358f,0.6904815772137233f,0.34001782745522774f,0.06942683464986309f,0f,0f,0f,1f], start_interpolation: 0, interpolation_duration: 1 }
$data merge entity $(bone_arm_right) { transformation: [-0.7870861404758671f,0.17941119698123806f,-0.5901754229621587f,-0.2811834427453207f,-0.139455869887076f,-0.983751398743525f,-0.1130718613280825f,1.767387369042607f,-0.600872255828843f,-0.006693867933982054f,0.799317036167277f,0.0661112781888126f,0f,0f,0f,1f], start_interpolation: 0, interpolation_duration: 1 }
$data merge entity $(bone_uppertail) { transformation: [-0.9999547164286131f,0.009389935608921788f,-0.0015473207270021824f,0.017278932164279445f,0f,0.16259228197453668f,0.9866933413387935f,1.7001382166542536f,0.009516569348872942f,0.9866486603404341f,-0.16258491921532892f,-0.4252570249501938f,0f,0f,0f,1f], start_interpolation: 0, interpolation_duration: 1 }
$data merge entity $(bone_middletail) { transformation: [-0.9999547164286131f,0.008711468247561333f,-0.0038308501854860694f,0.01873130442585353f,0f,0.4025452918009536f,0.9154000699414901f,1.3531350132057747f,0.009516569348872942f,0.9153586173570755f,-0.40252706311249586f,-0.27264882763346876f,0f,0f,0f,1f], start_interpolation: 0, interpolation_duration: 1 }
$data merge entity $(bone_tail) { transformation: [-0.9999547164286131f,0.0066634489789924554f,-0.006794375606063617f,0.02085454680274841f,0f,0.713952198211878f,0.7001944434715454f,1.1343242496209167f,0.009516569348872942f,0.7001627361664797f,-0.7139198679065435f,-0.04954886891267388f,0f,0f,0f,1f], start_interpolation: 0, interpolation_duration: 1 }
$data merge entity $(bone_hair) { transformation: [-0.6858655472977995f,0.11927878209164246f,0.10459858324853522f,0.09362785977260565f,0.1290708219053839f,0.6806615281140489f,0.14314689955880425f,2.2934265530475124f,-0.05412184367294369f,0.11168015171990957f,-0.9841585753978375f,0.3913050834635459f,0f,0f,0f,1f], start_interpolation: 0, interpolation_duration: 1 }
$data merge entity $(bone_ear_left) { transformation: [-0.47301815230164124f,-0.015081087839730466f,-0.8809599788262197f,0.1358336602074964f,-0.12870538241016263f,1.1684015950299491f,0.05474144430606573f,2.387246182793059f,0.8716012575322474f,0.16434802560736989f,-0.47001371254655167f,0.17549032001439302f,0f,0f,0f,1f], start_interpolation: 0, interpolation_duration: 1 }
$data merge entity $(bone_ear_right) { transformation: [-0.2793702242764615f,0.010399509273379525f,0.9601430134569608f,-0.14932818380842752f,0.13833972175722553f,1.1680753157744537f,0.031166105355161903f,2.3908976825498454f,-0.9501654588395922f,0.16700870302257703f,-0.2777662103042362f,0.14571379340145818f,0f,0f,0f,1f], start_interpolation: 0, interpolation_duration: 1 }
$data merge entity $(bone_head) { transformation: [-0.9945117880676843f,-0.002332332912987846f,0.10459858324853522f,-0.00010317344124398442f,0.012734731621553337f,0.9896195186824219f,0.14314689955880425f,1.9810573228079922f,-0.10384666583451183f,0.14369331392223642f,-0.9841585753978375f,0.046938506187169785f,0f,0f,0f,1f], start_interpolation: 0, interpolation_duration: 1 }
$data merge entity $(bone_body) { transformation: [-0.9999547164286131f,-0.00018226097522318127f,-0.00951482386115574f,-7.075944109364398e-18f,0f,0.9998165843537506f,-0.019151962071790783f,1.0461941143689986f,0.009516569348872942f,-0.019151094802549104f,-0.9997713090880793f,0.05777946844993141f,0f,0f,0f,1f], start_interpolation: 0, interpolation_duration: 1 }
$data merge entity $(bone_shoe_right) { transformation: [-0.9405242028718191f,0.32179308395420514f,-0.10891939648919811f,-0.3904178691581942f,-0.0024914507700589117f,-0.32713367303348834f,-0.9449747894206911f,1.3515052624510198f,-0.3397175539847619f,-0.8885002932396033f,0.3084788686891694f,0.7935762104841813f,0f,0f,0f,1f], start_interpolation: 0, interpolation_duration: 1 }
$data merge entity $(bone_lowerleg_right) { transformation: [-0.9405242028718191f,0.32179308395420514f,-0.10891939648919811f,-0.2491009918958122f,-0.0024914507700589117f,-0.32713367303348834f,-0.9449747894206911f,1.2040250930703962f,-0.3397175539847619f,-0.8885002932396033f,0.3084788686891694f,0.4073248165869719f,0f,0f,0f,1f], start_interpolation: 0, interpolation_duration: 1 }
$data merge entity $(bone_leg_right) { transformation: [-0.9405242028718191f,0.33276428785449796f,-0.06842625622535603f,-0.125f,-0.0024914507700589117f,-0.2081663428393712f,-0.9780902649459007f,1.127894288408779f,-0.3397175539847619f,-0.9197470861261647f,0.1966145495049647f,0.06430365397805211f,0f,0f,0f,1f], start_interpolation: 0, interpolation_duration: 1 }
$data merge entity $(bone_shoe_left) { transformation: [-0.9982271683431927f,0.0003041801048346863f,-0.05951829849714294f,0.13467572258501317f,0f,0.999986940634015f,0.0051106321940633526f,0.25060502331873963f,0.059519075778536615f,0.005101571903523408f,-0.9982141321292651f,0.12625441692774853f,0f,0f,0f,1f], start_interpolation: 0, interpolation_duration: 1 }
$data merge entity $(bone_lowerleg_left) { transformation: [-0.9982271683431927f,-0.006006696599992117f,-0.059215200561062255f,0.13027000808852074f,0f,0.9948944903209679f,-0.10092052877874515f,0.6757400771730624f,0.059519075778536615f,-0.10074161367050447f,-0.9931307098733437f,0.07467802958960403f,0f,0f,0f,1f], start_interpolation: 0, interpolation_duration: 1 }
$data merge entity $(bone_leg_left) { transformation: [-0.9982271683431927f,-0.0020266293910448092f,-0.05948456232370326f,0.12954389574759945f,0f,0.9994201278433527f,-0.03405008166769349f,1.0483281893004115f,0.059519075778536615f,-0.03398971660499613f,-0.9976483242022616f,0.06250000000000001f,0f,0f,0f,1f], start_interpolation: 0, interpolation_duration: 1 }