# This file was generated by Animated Java via MC-Build. It is not recommended to edit this file directly.
$data merge entity $(bone_hammer) { transformation: [-0.000019463710060890094f,-0.000007405154277751333f,-5.962034603092856e-7f,0.28804062572312783f,0.000002711439098287239f,-0.000005524259281241634f,-0.000019903729177912193f,2.548749819807965f,0.000006916636932763121f,-0.000018672815194664542f,0.000006124857877862983f,0.09201709176441142f,0f,0f,0f,1f], start_interpolation: 0, interpolation_duration: 1 }
$data merge entity $(bone_hand_left) { transformation: [-0.9342580829227243f,0.1626300380264661f,0.3173535965213976f,0.11908366815923396f,0.13014907671778747f,-0.6730501756784878f,0.7280554091885209f,2.113368100718349f,0.3319985727726298f,0.7214949284303163f,0.6076364175444637f,-0.5637910789755096f,0f,0f,0f,1f], start_interpolation: 0, interpolation_duration: 1 }
$data merge entity $(bone_lowerarm_left) { transformation: [-0.9342580829227243f,0.34594205431547265f,0.08652126645828996f,0.272054920301857f,0.13014907671778747f,0.1048988904984956f,0.9859297341097348f,2.1597530788606525f,0.3319985727726298f,0.9323734862318724f,-0.14302667530485866f,-0.15150717803235356f,0f,0f,0f,1f], start_interpolation: 0, interpolation_duration: 1 }
$data merge entity $(bone_arm_left) { transformation: [-0.8144598980723775f,0.009070668326829824f,0.5801489441583402f,0.2765477357074899f,0.22227751846583665f,-0.9187196080365673f,0.3264153590041465f,1.7046997730050404f,0.5359550160382883f,0.39480628767186676f,0.746244072672043f,0.04404531133011796f,0f,0f,0f,1f], start_interpolation: 0, interpolation_duration: 1 }
$data merge entity $(bone_bread) { transformation: [-0.00000907795305672481f,-0.0000038096735704430763f,-0.0000017541823128079253f,0.03515756144151409f,0.0000011138560469741028f,-0.000006222152159008848f,0.000007748815859004567f,2.5409533530938564f,-0.000004043524824521285f,0.000006838948003663207f,0.000006072783315471669f,-0.4471593161514812f,0f,0f,0f,1f], start_interpolation: 0, interpolation_duration: 1 }
$data merge entity $(bone_hand_right) { transformation: [-0.907795305672481f,-0.3809673570443076f,-0.1754182312807925f,-0.0829889756063592f,0.11138560469741027f,-0.6222152159008848f,0.7748815859004567f,2.3149451766715687f,-0.40435248245212846f,0.6838948003663207f,0.6072783315471668f,-0.39873915016800243f,0f,0f,0f,1f], start_interpolation: 0, interpolation_duration: 1 }
$data merge entity $(bone_lowerarm_right) { transformation: [-0.703135297162767f,-0.596904925668353f,-0.38640039285265404f,-0.346932872425334f,-0.25892026004948815f,-0.29117730599478014f,0.9209647525337368f,2.186190211677002f,-0.6622394225804837f,0.7476097151498765f,0.05018626299882323f,-0.06815547925016646f,0f,0f,0f,1f], start_interpolation: 0, interpolation_duration: 1 }
$data merge entity $(bone_arm_right) { transformation: [-0.7795995216533103f,0.1326732041820583f,-0.6120640544338442f,-0.28121817597890825f,-0.2682882735268919f,-0.9538370727518486f,0.1349675551091579f,1.7137427865796018f,-0.5659028080208556f,0.2694302498537419f,0.77920559054582f,0.06529669138051508f,0f,0f,0f,1f], start_interpolation: 0, interpolation_duration: 1 }
$data merge entity $(bone_uppertail) { transformation: [-0.9997399955201235f,0.0212790848751281f,-0.008194016371752625f,0.010871587713785248f,0f,0.359351651825199f,0.933202223706363f,1.6655360242093904f,0.022802222642178013f,0.9329595869475686f,-0.35925821878587355f,-0.4219883039795429f,0f,0f,0f,1f], start_interpolation: 0, interpolation_duration: 1 }
$data merge entity $(bone_middletail) { transformation: [-0.9997399955201235f,0.020459417625195257f,-0.01006745190509024f,0.014688366367498224f,0f,0.44151186763996175f,0.8972554099770437f,1.3254118761184657f,0.022802222642178013f,0.8970221195508562f,-0.44139707257645683f,-0.2546455701573527f,0f,0f,0f,1f], start_interpolation: 0, interpolation_duration: 1 }
$data merge entity $(bone_tail) { transformation: [-0.9997399955201235f,0.01708829794383661f,-0.015097398146903496f,0.019406303288405567f,0f,0.6621020408325172f,0.7494136958485719f,1.091220096165787f,0.022802222642178013f,0.7492188449303703f,-0.6619298913357654f,-0.047792479114926f,0f,0f,0f,1f], start_interpolation: 0, interpolation_duration: 1 }
$data merge entity $(bone_hair) { transformation: [-0.6860867601607256f,0.12133284361631348f,0.09650313088014062f,0.09668782973387216f,0.1290046591724744f,0.6829088514926933f,0.11946563389992285f,2.2592015808223476f,-0.05140773719930278f,0.09441314322121463f,-0.9881371909037833f,0.37636711108720344f,0f,0f,0f,1f], start_interpolation: 0, interpolation_duration: 1 }
$data merge entity $(bone_ear_left) { transformation: [-0.45651378671187276f,-0.03899549749690388f,-0.8890975551886435f,0.13894267981284214f,-0.10976938371354418f,1.1680620758481852f,0.019279243042707894f,2.3472603203788647f,0.8829189345240791f,0.12505731575176926f,-0.45731154385744177f,0.15667573286145087f,0f,0f,0f,1f], start_interpolation: 0, interpolation_duration: 1 }
$data merge entity $(bone_ear_right) { transformation: [-0.277089313477125f,0.042532070675925876f,0.9601625436384016f,-0.14962252144806165f,0.11867593068254875f,1.167072263898082f,-0.0031723004743053618f,2.350763740031792f,-0.9534870402021236f,0.13289976631531242f,-0.2794240975712994f,0.12891753553057894f,0f,0f,0f,1f], start_interpolation: 0, interpolation_duration: 1 }
$data merge entity $(bone_head) { transformation: [-0.9953325540434707f,0.0005025849500643015f,0.09650313088014062f,-0.0004640949212160139f,0.012084158504896688f,0.992764793609301f,0.11946563389992285f,1.9388890155867142f,-0.09574486918122616f,0.12007419363980684f,-0.9881371909037833f,0.04034665602413354f,0f,0f,0f,1f], start_interpolation: 0, interpolation_duration: 1 }
$data merge entity $(bone_body) { transformation: [-0.9997399955201235f,-0.00066865307876301f,-0.02279241673196847f,-7.432922771667297e-18f,0f,0.999569958141212f,-0.02932403078663835f,1.0041845121742112f,0.022802222642178013f,-0.029316406407265783f,-0.9993100654741452f,0.06069442043895748f,0f,0f,0f,1f], start_interpolation: 0, interpolation_duration: 1 }
$data merge entity $(bone_shoe_right) { transformation: [-0.9194307646974049f,0.3630969728578786f,-0.15102204219712484f,-0.4257258188739574f,-0.005836251977146573f,-0.3965904823222346f,-0.9179770844058561f,1.336394718246643f,-0.39320860505691435f,-0.8431349699976048f,0.36675661585898256f,0.7628253024991205f,0f,0f,0f,1f], start_interpolation: 0, interpolation_duration: 1 }
$data merge entity $(bone_lowerleg_right) { transformation: [-0.9194307646974049f,0.3630969728578786f,-0.15102204219712484f,-0.2665941207616178f,-0.005836251977146573f,-0.3965904823222346f,-0.9179770844058561f,1.1587031603502569f,-0.39320860505691435f,-0.8431349699976048f,0.36675661585898256f,0.3967463323908882f,0f,0f,0f,1f], start_interpolation: 0, interpolation_duration: 1 }
$data merge entity $(bone_leg_right) { transformation: [-0.9194307646974049f,0.3848799251025513f,-0.08071252803003823f,-0.125f,-0.005836251977146573f,-0.218575999333378f,-0.9758024752368044f,1.0804183659122084f,-0.39320860505691435f,-0.8967117573492998f,0.20321175443543105f,0.06682196330589849f,0f,0f,0f,1f], start_interpolation: 0, interpolation_duration: 1 }
$data merge entity $(bone_shoe_left) { transformation: [-0.9881189815547983f,-0.0000020973587193315324f,-0.15369085297020527f,0.15900306888126017f,1.734723475976807e-18f,0.9999999999068852f,-0.000013646607319811599f,0.2510712494444204f,0.1536908529845162f,-0.000013484471726499248f,-0.9881189814627898f,0.20247002617919646f,0f,0f,0f,1f], start_interpolation: 0, interpolation_duration: 1 }
$data merge entity $(bone_lowerleg_left) { transformation: [-0.9881189815547983f,-0.03240207904946087f,-0.1502364255577876f,0.14212094064415107f,1.734723475976807e-18f,0.9775235327304963f,-0.21082633364475678f,0.6496788488780234f,0.1536908529845162f,-0.20832150208598918f,-0.9659095576075066f,0.10257191212762992f,0f,0f,0f,1f], start_interpolation: 0, interpolation_duration: 1 }
$data merge entity $(bone_leg_left) { transformation: [-0.9881189815547983f,-0.01683699794892083f,-0.15276581355518062f,0.13588820301783266f,1.734723475976807e-18f,0.9939811679656123f,-0.10955107361280048f,1.0152520576131687f,0.1536908529845162f,-0.10824949528651515f,-0.9821716593748298f,0.06250000000000001f,0f,0f,0f,1f], start_interpolation: 0, interpolation_duration: 1 }