# This file was generated by Animated Java via MC-Build. It is not recommended to edit this file directly.
$data merge entity $(bone_hammer) { transformation: [-0.6849788963825768f,-0.0924775022816785f,0.06711862261697256f,0.13514749904313633f,0.016136870040506f,-0.4821038313604023f,-0.4995683973518209f,2.450895594820717f,0.11312205512433571f,-0.49119944399308235f,0.4776814768075938f,-0.2478757193105291f,0f,0f,0f,1f], start_interpolation: 0, interpolation_duration: 1 }
$data merge entity $(bone_hand_left) { transformation: [-0.9863696107909132f,0.15269723393098875f,0.06130697886869713f,0.17099932563986303f,0.0232370928583287f,-0.23958534226371142f,0.970597187966189f,1.7416948448699179f,0.16289575937904388f,0.9587921664898005f,0.2327714609958006f,-0.6510333336575819f,0f,0f,0f,1f], start_interpolation: 0, interpolation_duration: 1 }
$data merge entity $(bone_lowerarm_left) { transformation: [-0.9863696107909132f,0.14583147567621624f,-0.07621136142517815f,0.2354841812904399f,0.0232370928583287f,0.581976846987206f,0.8128732909170553f,1.9990377318970731f,0.16289575937904388f,0.8000225811018884f,-0.5774329755940486f,-0.29727334857659066f,0f,0f,0f,1f], start_interpolation: 0, interpolation_duration: 1 }
$data merge entity $(bone_arm_left) { transformation: [-0.8477560713315335f,0.08372281965804815f,0.5237367019686796f,0.2769531404023169f,0.30551645355908535f,-0.7300987082843282f,0.6112410103766227f,1.6374107154499917f,0.4335543104677923f,0.6781934573778055f,0.5933669136754559f,0.03864434828085363f,0f,0f,0f,1f], start_interpolation: 0, interpolation_duration: 1 }
$data merge entity $(bone_bread) { transformation: [-0.000008695706987726636f,-0.000004603251922170009f,-0.0000017873868424715125f,0.09134828646922966f,4.3855125607024653e-7f,-0.000004325194138780766f,0.000009005574299158033f,2.3125534470725295f,-0.0000049185722297635695f,0.000007752597461683058f,0.000003962938280834565f,-0.5917321991071199f,0f,0f,0f,1f], start_interpolation: 0, interpolation_duration: 1 }
$data merge entity $(bone_hand_right) { transformation: [-0.8695706987726636f,-0.46032519221700086f,-0.17873868424715122f,-0.041353682470636866f,0.04385512560702465f,-0.43251941387807663f,0.9005574299158032f,2.1081110918976638f,-0.4918572229763569f,0.7752597461683056f,0.3962938280834565f,-0.5024219345792574f,0f,0f,0f,1f], start_interpolation: 0, interpolation_duration: 1 }
$data merge entity $(bone_lowerarm_right) { transformation: [-0.6640915042073003f,-0.6648733857908827f,-0.3419442277720931f,-0.3353523827500428f,-0.3944802770971552f,-0.07691740185426782f,0.9156795423472889f,2.0740991782652296f,-0.6351124191991815f,0.7429852583725713f,-0.21119924436419296f,-0.17388314064263613f,0f,0f,0f,1f], start_interpolation: 0, interpolation_duration: 1 }
$data merge entity $(bone_arm_right) { transformation: [-0.7940436759197275f,0.1092522606725522f,-0.5979620257757374f,-0.2812383723856693f,-0.3707757146614346f,-0.8665734912039165f,0.33402957018796703f,1.6448744959032895f,-0.4816845546093308f,0.48694386522533817f,0.7286052854393923f,0.06730624260178919f,0f,0f,0f,1f], start_interpolation: 0, interpolation_duration: 1 }
$data merge entity $(bone_uppertail) { transformation: [-0.99924795250423f,0.030774163184437275f,-0.023589834598860143f,0.0012446465799030373f,1.0842021724855044e-19f,0.6083715986268773f,0.7936523155539696f,1.5774163919991913f,0.038775371256816536f,0.7930554513175454f,-0.6079140742896324f,-0.47052024378606566f,0f,0f,0f,1f], start_interpolation: 0, interpolation_duration: 1 }
$data merge entity $(bone_middletail) { transformation: [-0.99924795250423f,0.03198189885718279f,-0.02192458805982187f,0.009556466476645743f,1.0842021724855044e-19f,0.5654256129389768f,0.8247992945150854f,1.2647613995565452f,0.038775371256816536f,0.8241790062711326f,-0.5650003860227218f,-0.2563232227338433f,0f,0f,0f,1f], start_interpolation: 0, interpolation_duration: 1 }
$data merge entity $(bone_tail) { transformation: [-0.99924795250423f,0.02882845961870139f,-0.025931628026733242f,0.017660100234999882f,1.0842021724855044e-19f,0.6687654350227422f,0.743473464838418f,1.0324259417945396f,0.038775371256816536f,0.742914337481015f,-0.668262491652076f,-0.04749119409256956f,0f,0f,0f,1f], start_interpolation: 0, interpolation_duration: 1 }
$data merge entity $(bone_hair) { transformation: [-0.6864835879224508f,0.12324120056421062f,0.08513962118264193f,0.10054185485971381f,0.1292415715145013f,0.6839314438380131f,0.10627646198316178f,2.2049435886514006f,-0.045132025276744224f,0.08396062537369879f,-0.9906848936635795f,0.36902387707933487f,0f,0f,0f,1f], start_interpolation: 0, interpolation_duration: 1 }
$data merge entity $(bone_ear_left) { transformation: [-0.43690423306523657f,-0.06346265923405242f,-0.8978732683600833f,0.1420488693707083f,-0.1000465089990806f,1.1648189792845949f,-0.011382134355545373f,2.289501685714435f,0.8939269473322607f,0.09934700849705211f,-0.44010685177794534f,0.14634475078124354f,0f,0f,0f,1f], start_interpolation: 0, interpolation_duration: 1 }
$data merge entity $(bone_ear_right) { transformation: [-0.2779280547838569f,0.07408207057770097f,0.9585155672478854f,-0.1499867354956597f,0.10877330711982086f,1.1631398090651708f,-0.03404525531038228f,2.29306690767077f,-0.9544235768369717f,0.11098749074888883f,-0.28299969599686026f,0.12162962516353432f,0f,0f,0f,1f], start_interpolation: 0, interpolation_duration: 1 }
$data merge entity $(bone_head) { transformation: [-0.996364242275896f,0.0030889510931108735f,0.08513962118264193f,-0.0008976587510375722f,0.012163789667684496f,0.9942622168468748f,0.10627646198316178f,1.8803534123508852f,-0.08432282570514185f,0.10692568696006804f,-0.9906848936635795f,0.038418939638245185f,0f,0f,0f,1f], start_interpolation: 0, interpolation_duration: 1 }
$data merge entity $(bone_body) { transformation: [-0.99924795250423f,-0.0012530371760262563f,-0.03875511984163447f,-7.53791649587403e-18f,1.0842021724855044e-19f,0.9994777247895853f,-0.03231528507431061f,0.9457140046296297f,0.038775371256816536f,-0.03229098244509539f,-0.9987260700695795f,0.06155175925925926f,0f,0f,0f,1f], start_interpolation: 0, interpolation_duration: 1 }
$data merge entity $(bone_shoe_right) { transformation: [-0.8900276775579923f,0.4230127975795686f,-0.17003207422316924f,-0.471521074300255f,-0.009609030796207646f,-0.3902764245229462f,-0.9206475867500782f,1.2625983924846198f,-0.4558052212380679f,-0.8177679900469889f,0.351421562722927f,0.7383312484479563f,0f,0f,0f,1f], start_interpolation: 0, interpolation_duration: 1 }
$data merge entity $(bone_lowerleg_right) { transformation: [-0.8900276775579923f,0.4230127975795686f,-0.17003207422316924f,-0.28634257964243814f,-0.009609030796207646f,-0.3902764245229462f,-0.9206475867500782f,1.087657610235346f,-0.4558052212380679f,-0.8177679900469889f,0.351421562722927f,0.3833444215521647f,0f,0f,0f,1f], start_interpolation: 0, interpolation_duration: 1 }
$data merge entity $(bone_leg_right) { transformation: [-0.8900276775579923f,0.4474725637225103f,-0.08728710040051951f,-0.125f,-0.009609030796207646f,-0.20982768043930888f,-0.9776911634297494f,1.0140492592592594f,-0.4558052212380679f,-0.8693334511204911f,0.19105222075404638f,0.06985074074074071f,0f,0f,0f,1f], start_interpolation: 0, interpolation_duration: 1 }
$data merge entity $(bone_shoe_left) { transformation: [-0.9624990899002667f,0.0001946534837519026f,-0.2712848393316138f,0.20707674228266792f,-6.938893903907228e-18f,0.9999997425794879f,0.0007175241864739168f,0.25154895644985525f,0.2712849091659141f,0.0006906163764625051f,-0.9624988421332579f,0.28310426329158606f,0f,0f,0f,1f], start_interpolation: 0, interpolation_duration: 1 }
$data merge entity $(bone_lowerleg_left) { transformation: [-0.9624990899002667f,-0.08782413306521483f,-0.25667571679553497f,0.1650714048242727f,-6.938893903907228e-18f,0.9461481568757506f,-0.32373394205832073f,0.6161208221533524f,0.2712849091659141f,-0.3115936246009594f,-0.9106667399037246f,0.1389680701104728f,0f,0f,0f,1f], start_interpolation: 0, interpolation_duration: 1 }
$data merge entity $(bone_leg_left) { transformation: [-0.9624990899002667f,-0.058288707774829945f,-0.2649489167501893f,0.1435185185185185f,-6.938893903907228e-18f,0.9766445084055531f,-0.21486159312747244f,0.9680555555555557f,0.2712849091659141f,-0.2068040878397136f,-0.9400194504964382f,0.06250000000000001f,0f,0f,0f,1f], start_interpolation: 0, interpolation_duration: 1 }