# This file was generated by Animated Java via MC-Build. It is not recommended to edit this file directly.
$data merge entity $(bone_hammer) { transformation: [-1.379316345144687f,0.04250038335514936f,0.1571384202236274f,0.07822234613632117f,-0.11321025896981729f,-1.213837866036747f,-0.6654272446468904f,2.273165160175466f,0.11697094921260959f,-0.6736495365314451f,1.20893607963791f,-0.4624827668462448f,0f,0f,0f,1f], start_interpolation: 0, interpolation_duration: 1 }
$data merge entity $(bone_hand_left) { transformation: [-0.9931077685041754f,0.0791131316204676f,-0.08647584947174368f,0.24699099903878857f,-0.0815113864582685f,0.0639691108148785f,0.9946174373794201f,1.483076324454165f,0.08421908343307896f,0.9948110701368156f,-0.05707959984912048f,-0.6395654390966095f,0f,0f,0f,1f], start_interpolation: 0, interpolation_duration: 1 }
$data merge entity $(bone_lowerarm_left) { transformation: [-0.9931077685041754f,-0.015115341078388356f,-0.11622601516330622f,0.24030718415568872f,-0.0815113864582685f,0.8016350807177532f,0.5922306064703953f,1.8375493367090465f,0.08421908343307896f,0.5976225596701695f,-0.7973420985743616f,-0.37530421349245635f,0f,0f,0f,1f], start_interpolation: 0, interpolation_duration: 1 }
$data merge entity $(bone_arm_left) { transformation: [-0.8617458465089465f,0.07617296547801625f,0.5015892496404447f,0.27803660611901865f,0.38108401895534383f,-0.5554731236683069f,0.7390700774480166f,1.5624165551420883f,0.33491650679150253f,0.8280382166376494f,0.4496483573484047f,0.0348334656858794f,0f,0f,0f,1f], start_interpolation: 0, interpolation_duration: 1 }
$data merge entity $(bone_bread) { transformation: [-0.000008607289996673352f,-0.0000048074199997186f,-0.0000016742974226440372f,0.09402008545206139f,-1.5138537543411324e-7f,-0.000003045797979350149f,0.00000952366511050715f,2.118178703186431f,-0.000005088382982959471f,0.000008222641158125055f,0.000002548829339802159f,-0.6680419901738265f,0f,0f,0f,1f], start_interpolation: 0, interpolation_duration: 1 }
$data merge entity $(bone_hand_right) { transformation: [-0.8607289996673351f,-0.48074199997185996f,-0.1674297422644037f,-0.04400907173794094f,-0.015138537543411323f,-0.3045797979350149f,0.9523665110507149f,1.931559899910344f,-0.5088382982959471f,0.8222641158125054f,0.2548829339802159f,-0.5518344752308646f,0f,0f,0f,1f], start_interpolation: 0, interpolation_duration: 1 }
$data merge entity $(bone_lowerarm_right) { transformation: [-0.6610203495893499f,-0.6786881841866312f,-0.3200538174654798f,-0.34411650318296694f,-0.4822416859853744f,0.057457773911877286f,0.8741519092898411f,1.9569670093120022f,-0.5748869921356345f,0.7321754932135767f,-0.3652724919983683f,-0.22807562432548623f,0f,0f,0f,1f], start_interpolation: 0, interpolation_duration: 1 }
$data merge entity $(bone_arm_right) { transformation: [-0.8258187431940248f,0.12713352915838677f,-0.5494183007082807f,-0.28114567702170346f,-0.4208296187816252f,-0.7874725828529964f,0.4503213999033828f,1.5669219956176275f,-0.37540089950019184f,0.6030953465402996f,0.7038111732815007f,0.07064503950775596f,0f,0f,0f,1f], start_interpolation: 0, interpolation_duration: 1 }
$data merge entity $(bone_uppertail) { transformation: [-0.9984109540589768f,0.03315902548981147f,-0.04556364607458077f,-0.012223373833164755f,0f,0.808551788840242f,0.5884250205108927f,1.444904214136152f,0.05635216779364949f,0.5874899861204532f,-0.8072669629020786f,-0.5438837011185489f,0f,0f,0f,1f], start_interpolation: 0, interpolation_duration: 1 }
$data merge entity $(bone_middletail) { transformation: [-0.9984109540589768f,0.03951551634407197f,-0.040175748693770566f,0.0030072648144848224f,0f,0.7129406066663881f,0.701224422967542f,1.1790969965713416f,0.05635216779364949f,0.700110145144479f,-0.7118077112891744f,-0.2740371795293474f,0f,0f,0f,1f], start_interpolation: 0, interpolation_duration: 1 }
$data merge entity $(bone_tail) { transformation: [-0.9984109540589768f,0.03889382472187527f,-0.04077790104391925f,0.01575035889070959f,0f,0.7236261290468873f,0.6901921655311783f,0.9634119448428483f,0.05635216779364949f,0.6890954184720149f,-0.722476253883707f,-0.04826335019068902f,0f,0f,0f,1f], start_interpolation: 0, interpolation_duration: 1 }
$data merge entity $(bone_hair) { transformation: [-0.6869165271520292f,0.12504907712899857f,0.07154865669357482f,0.10513147003411813f,0.12975948062448492f,0.6841374440244318f,0.10220462539736176f,2.1369465793140905f,-0.03616852102946873f,0.07949016286876766f,-0.9921869804995075f,0.3678466589880116f,0f,0f,0f,1f], start_interpolation: 0, interpolation_duration: 1 }
$data merge entity $(bone_ear_left) { transformation: [-0.42027636967988513f,-0.07327150747375585f,-0.9052181737383063f,0.1444067269875067f,-0.09712422917651145f,1.160303944079827f,-0.023969425382734527f,2.220319716692904f,0.9021832725092862f,0.09077905289618804f,-0.42427057944277397f,0.14364530193399638f,0f,0f,0f,1f], start_interpolation: 0, interpolation_duration: 1 }
$data merge entity $(bone_ear_right) { transformation: [-0.286393850990324f,0.08945411664919009f,0.9550363036345109f,-0.14938188110800413f,0.10622226218500228f,1.1582089313620227f,-0.04791929074324075f,2.2241021011429467f,-0.9522055414306476f,0.10229772835778378f,-0.292590841132793f,0.1228492186545165f,0f,0f,0f,1f], start_interpolation: 0, interpolation_duration: 1 }
$data merge entity $(bone_head) { transformation: [-0.9974218085341736f,0.0055249964491614545f,0.07154865669357482f,-0.0011784650675866312f,0.01284131731039431f,0.9946805090666645f,0.10220462539736176f,1.811133181911171f,-0.07060337407059271f,0.10285990130812894f,-0.9921869804995075f,0.0399866127727844f,0f,0f,0f,1f], start_interpolation: 0, interpolation_duration: 1 }
$data merge entity $(bone_body) { transformation: [-0.9984109540589768f,-0.0016861866682709233f,-0.05632693484970909f,-7.453921516508643e-18f,0f,0.9995522276262238f,-0.02992230351182595f,0.8764410279492455f,0.05635216779364949f,-0.029874755596884423f,-0.9979638932160736f,0.06086588820301783f,0f,0f,0f,1f], start_interpolation: 0, interpolation_duration: 1 }
$data merge entity $(bone_shoe_right) { transformation: [-0.8527182657697935f,0.49999223027720163f,-0.1512591447978785f,-0.5250682161124016f,-0.01338370393533378f,-0.3103791499257551f,-0.9505186267298169f,1.1396677300938365f,-0.5221996128795262f,-0.8085001873554485f,0.27135771843579f,0.7186892866872101f,0f,0f,0f,1f], start_interpolation: 0, interpolation_duration: 1 }
$data merge entity $(bone_lowerleg_right) { transformation: [-0.8527182657697935f,0.49999223027720163f,-0.1512591447978785f,-0.3062160415222031f,-0.01338370393533378f,-0.3103791499257551f,-0.9505186267298169f,0.9994954267499091f,-0.5221996128795262f,-0.8085001873554485f,0.27135771843579f,0.36745368128869005f,0f,0f,0f,1f], start_interpolation: 0, interpolation_duration: 1 }
$data merge entity $(bone_leg_right) { transformation: [-0.8527182657697935f,0.5151893620155764f,-0.08632195832196533f,-0.125f,-0.01338370393533378f,-0.18674319449110155f,-0.9823175941518252f,0.9352639951989027f,-0.5221996128795262f,-0.8364848477870007f,0.16613447484261346f,0.07318579903978051f,0f,0f,0f,1f], start_interpolation: 0, interpolation_duration: 1 }
$data merge entity $(bone_shoe_left) { transformation: [-0.9165964453102804f,0.0023056201784019403f,-0.3998070041409369f,0.28047717640227143f,1.3877787807814457e-17f,0.9999833722339819f,0.005766736993622901f,0.25362899618855206f,0.39981365214879566f,0.00528577062939406f,-0.9165812043590547f,0.35390206427775284f,0f,0f,0f,1f], start_interpolation: 0, interpolation_duration: 1 }
$data merge entity $(bone_lowerleg_left) { transformation: [-0.9165964453102804f,-0.17338023483078965f,-0.36026414006195295f,0.2010512141296513f,1.3877787807814457e-17f,0.9010801360226591f,-0.43365261265831917f,0.5812159131283108f,0.39981365214879566f,-0.3974844432621312f,-0.8259268496180733f,0.17513520801784638f,0f,0f,0f,1f], start_interpolation: 0, interpolation_duration: 1 }
$data merge entity $(bone_leg_left) { transformation: [-0.9165964453102804f,-0.13476357091538296f,-0.3764169714541213f,0.15192043895747598f,1.3877787807814457e-17f,0.9414810360553495f,-0.33706595608003154f,0.9115226337448559f,0.39981365214879566f,-0.308953457178068f,-0.8629581709753732f,0.06250000000000001f,0f,0f,0f,1f], start_interpolation: 0, interpolation_duration: 1 }