# This file was generated by Animated Java via MC-Build. It is not recommended to edit this file directly.
$data merge entity $(bone_hammer) { transformation: [0.00000840779863480967f,-0.00001808597696675802f,-0.000006019479799132927f,0.9832987990976155f,-0.0000019588232306042064f,0.000005724413156540798f,-0.000019935442893054728f,9.103736830934219f,0.00001896047761649258f,0.000008611405747547791f,6.097191020156201e-7f,-0.2965489117597495f,0f,0f,0f,1f], start_interpolation: 0, interpolation_duration: 1 }
$data merge entity $(bone_hand_left) { transformation: [0.4035743344708641f,-0.25499402497104606f,0.8786955125556666f,0.5361301264131973f,-0.09402351506900189f,-0.9668526940888063f,-0.23739302126913442f,9.178721300453166f,0.9101029255916437f,0.013187689800876718f,-0.41417236709762173f,-0.14291559265334933f,0f,0f,0f,1f], start_interpolation: 0, interpolation_duration: 1 }
$data merge entity $(bone_lowerarm_left) { transformation: [0.4035743344708641f,-0.20204360108036762f,0.8923598712508745f,0.44678897156047226f,-0.09402351506900189f,-0.9793080733589794f,-0.17920735494949502f,8.745683511764742f,0.9101029255916437f,-0.011579322795502597f,-0.41422045351856884f,-0.14803582445198563f,0f,0f,0f,1f], start_interpolation: 0, interpolation_duration: 1 }
$data merge entity $(bone_arm_left) { transformation: [0.4035743344708641f,-0.47363783131724035f,0.7828122133062957f,0.21219023323615163f,-0.09402351506900189f,-0.8725216593029298f,-0.4794429399431516f,8.31351262739126f,0.9101029255916437f,0.11988810947030862f,-0.39666044173469905f,-0.0886537452299734f,0f,0f,0f,1f], start_interpolation: 0, interpolation_duration: 1 }
$data merge entity $(bone_bread) { transformation: [0.0000037898076541338847f,0.0000022267696625215795f,-0.000008982140881479305f,-0.7208037716376849f,7.257224016826402e-7f,-0.000009747800289387658f,-0.0000021103830254032142f,9.361038878955464f,-0.0000092255452381073f,1.479404890068352e-7f,-0.000003855830477516897f,-0.13669001408116455f,0f,0f,0f,1f], start_interpolation: 0, interpolation_duration: 1 }
$data merge entity $(bone_hand_right) { transformation: [0.37898076541338843f,0.22267696625215794f,-0.8982140881479305f,-0.5361301264131972f,0.07257224016826401f,-0.9747800289387657f,-0.2110383025403214f,9.178721300453166f,-0.92255452381073f,0.01479404890068352f,-0.3855830477516896f,-0.14291559265334944f,0f,0f,0f,1f], start_interpolation: 0, interpolation_duration: 1 }
$data merge entity $(bone_lowerarm_right) { transformation: [0.4035743344708643f,0.20204360108036767f,-0.8923598712508742f,-0.4467889715604722f,0.09402351506900189f,-0.9793080733589794f,-0.17920735494949502f,8.745683511764742f,-0.9101029255916436f,-0.011579322795502556f,-0.41422045351856907f,-0.14803582445198574f,0f,0f,0f,1f], start_interpolation: 0, interpolation_duration: 1 }
$data merge entity $(bone_arm_right) { transformation: [0.4035743344708643f,0.47363783131724035f,-0.7828122133062955f,-0.21219023323615158f,0.09402351506900189f,-0.8725216593029298f,-0.4794429399431516f,8.31351262739126f,-0.9101029255916436f,0.11988810947030873f,-0.3966604417346993f,-0.08865374522997345f,0f,0f,0f,1f], start_interpolation: 0, interpolation_duration: 1 }
$data merge entity $(bone_uppertail) { transformation: [-1f,-1.218348427099325e-16f,1.2404391499166204e-17f,0.02187500000000007f,0f,0.1012895433018125f,0.9948569889274088f,8.131198801824596f,-1.2246467991473532e-16f,0.9948569889274088f,-0.1012895433018125f,-0.554394973507006f,0f,0f,0f,1f], start_interpolation: 0, interpolation_duration: 1 }
$data merge entity $(bone_middletail) { transformation: [-1f,-9.196320008971868e-17f,8.08725395661404e-17f,0.02187500000000004f,0f,0.6603744003777008f,0.7509365161754968f,7.84654564335615f,-1.2246467991473532e-16f,0.7509365161754968f,-0.6603744003777008f,-0.30404487094882576f,0f,0f,0f,1f], start_interpolation: 0, interpolation_duration: 1 }
$data merge entity $(bone_tail) { transformation: [-1f,-7.663529177571913e-17f,9.552292856204197e-17f,0.02187500000000001f,0f,0.7800039050324449f,0.6257746464456169f,7.650991066341894f,-1.2246467991473532e-16f,0.6257746464456169f,-0.7800039050324449f,-0.060293650626186746f,0f,0f,0f,1f], start_interpolation: 0, interpolation_duration: 1 }
$data merge entity $(bone_hair) { transformation: [-0.6889456371974568f,0.12383935126047624f,-0.006014279941364724f,0.12789722252775423f,0.11149917314120822f,0.6299534817447578f,0.4058916745667742f,8.712090843390229f,0.05405407824962804f,0.27896671112704713f,-0.9139014043944603f,0.27131124463495915f,0f,0f,0f,1f], start_interpolation: 0, interpolation_duration: 1 }
$data merge entity $(bone_ear_left) { transformation: [-0.37446198022028176f,0.3989626959389003f,-0.873816490842075f,0.136176540609893f,0.04498091277307381f,1.218437304920958f,0.31702601203085656f,8.862124836246766f,0.9261506048454573f,0.10213235139977894f,-0.3686994006345181f,0.09485530073501142f,0f,0f,0f,1f], start_interpolation: 0, interpolation_duration: 1 }
$data merge entity $(bone_ear_right) { transformation: [-0.38715685538405153f,-0.39608248034728366f,0.8690632347517276f,-0.13261281124910454f,-0.04452939701692282f,1.21890863704559f,0.31599276860199976f,8.862284184495229f,-0.9209379469488929f,0.10757378525429384f,-0.3806279866143669f,0.09669494396858308f,0f,0f,0f,1f], start_interpolation: 0, interpolation_duration: 1 }
$data merge entity $(bone_head) { transformation: [-0.9999764036940401f,0.0033197126262837907f,-0.006014279941364724f,1.6312696099880825e-17f,0.0005928229199962209f,0.9139210015523034f,0.4058916745667742f,8.500056204166878f,0.0068440204645907705f,0.4058785316196381f,-0.9139014043944603f,-0.13320327225154516f,0f,0f,0f,1f], start_interpolation: 0, interpolation_duration: 1 }
$data merge entity $(bone_body) { transformation: [-1f,2.6490998303421298e-17f,1.1956514891684243e-16f,-7.608993880016316e-18f,0f,0.9763235326307009f,-0.21631541699913284f,7.585763675291545f,-1.2246467991473532e-16f,-0.21631541699913284f,-0.9763235326307009f,0.0621321501457726f,0f,0f,0f,1f], start_interpolation: 0, interpolation_duration: 1 }
$data merge entity $(bone_shoe_right) { transformation: [-0.9998715457999312f,0.010964323488793897f,-0.011690830171084717f,-0.1286132111643599f,2.168404344971009e-19f,0.7294073690266342f,0.684079593329346f,6.779861480960042f,0.016027847630173626f,0.6839917204324015f,-0.7293136735865217f,-0.08004078806620994f,0f,0f,0f,1f], start_interpolation: 0, interpolation_duration: 1 }
$data merge entity $(bone_lowerleg_right) { transformation: [-0.9998715457999312f,0.002275863292575269f,-0.015865445027781942f,-0.12636743182439822f,2.168404344971009e-19f,0.9898674727799416f,0.1419943179576268f,7.213024296753313f,0.016027847630173626f,0.14197607819109923f,-0.9897403201455516f,-0.02280503930316348f,0f,0f,0f,1f], start_interpolation: 0, interpolation_duration: 1 }
$data merge entity $(bone_leg_right) { transformation: [-0.9998715457999312f,0.003538696892815561f,-0.015632323050552652f,-0.125f,2.168404344971009e-19f,0.9753226641064164f,0.2207842858546832f,7.580867346938776f,0.016027847630173626f,0.220755925185856f,-0.9751973798137896f,0.062499999999999986f,0f,0f,0f,1f], start_interpolation: 0, interpolation_duration: 1 }
$data merge entity $(bone_shoe_left) { transformation: [-0.9998715457999312f,-0.0071044750665245f,0.014367266047693342f,0.12227655260691188f,8.673617379884035e-19f,0.8963939749867387f,0.44325821098708756f,7.5348796924564185f,-0.01602784763017387f,0.4432012726081713f,-0.8962788294157357f,0.34815142584713854f,0f,0f,0f,1f], start_interpolation: 0, interpolation_duration: 1 }
$data merge entity $(bone_lowerleg_left) { transformation: [-0.9998715457999312f,-0.0008111402907118514f,0.01600730930184252f,0.12066763978182572f,8.673617379884035e-19f,0.998718584752909f,0.050608185791884475f,7.9761013938087135f,-0.01602784763017387f,0.050601684957861603f,-0.998590295156011f,0.3656572794059159f,0f,0f,0f,1f], start_interpolation: 0, interpolation_duration: 1 }
$data merge entity $(bone_leg_left) { transformation: [-0.9998715457999312f,0.011413848281626685f,-0.011252376062862357f,0.12499999999999999f,8.673617379884035e-19f,-0.7020515993475467f,-0.7121260786220031f,7.712427113702624f,-0.01602784763017387f,-0.7120346030362256f,0.7019614178709457f,0.09538994169096211f,0f,0f,0f,1f], start_interpolation: 0, interpolation_duration: 1 }