# This file was generated by Animated Java via MC-Build. It is not recommended to edit this file directly.
$data merge entity $(bone_hammer) { transformation: [-2.071837481476309f,0.05533473613734594f,0.21143626723978834f,0.120731173783275f,-0.15921137509028704f,-1.7628710771410412f,-1.0987333986000538f,2.205082242806686f,0.14972964358985416f,-1.1088288461859095f,1.757372300189764f,-0.44734375375463453f,0f,0f,0f,1f], start_interpolation: 0, interpolation_duration: 1 }
$data merge entity $(bone_hand_left) { transformation: [-0.9944819911086282f,0.07132425939363546f,-0.07693126401254563f,0.28467879093695725f,-0.07642146004333777f,0.009853243058697891f,0.9970269174130009f,1.4143661712106352f,0.07187022892313f,0.9974045135365972f,-0.004348168736519886f,-0.6659196392356097f,0f,0f,0f,1f], start_interpolation: 0, interpolation_duration: 1 }
$data merge entity $(bone_lowerarm_left) { transformation: [-0.9944819911086282f,-0.013086417090631963f,-0.1040880158728593f,0.27889214087969344f,-0.07642146004333777f,0.7701004722776346f,0.6333285269452253f,1.7548949737959019f,0.07187022892313f,0.6377883726484002f,-0.7668511341251593f,-0.3838975932051452f,0f,0f,0f,1f], start_interpolation: 0, interpolation_duration: 1 }
$data merge entity $(bone_arm_left) { transformation: [-0.837334335559831f,0.0022574918285102955f,0.5466864862269973f,0.2800103048010024f,0.4580790070482981f,-0.5429036612397754f,0.7038602403276467f,1.4859880040880755f,0.2983870536638978f,0.839791949439319f,0.45355776684198323f,0.03206185675151752f,0f,0f,0f,1f], start_interpolation: 0, interpolation_duration: 1 }
$data merge entity $(bone_bread) { transformation: [-0.0000090050603602457f,-0.0000042116804077864265f,-0.000001081959357369598f,0.040706579859255604f,2.63473828246984e-7f,-0.00000301204823664117f,0.000009531953994956951f,2.0309589510209385f,-0.000004340445766296423f,0.000008555075310177863f,0.0000028233343739317653f,-0.6820513929060603f,0f,0f,0f,1f], start_interpolation: 0, interpolation_duration: 1 }
$data merge entity $(bone_hand_right) { transformation: [-0.9005060360245698f,-0.4211680407786426f,-0.10819593573695979f,-0.09418106434548812f,0.026347382824698395f,-0.30120482366411694f,0.953195399495695f,1.8475676823339948f,-0.43404457662964224f,0.8555075310177862f,0.2823334373931765f,-0.5573285862094193f,0f,0f,0f,1f], start_interpolation: 0, interpolation_duration: 1 }
$data merge entity $(bone_lowerarm_right) { transformation: [-0.7257631033979257f,-0.6115925289982346f,-0.3149960257205727f,-0.36461963576189493f,-0.4537802615108195f,0.08145086169311505f,0.8873833621342141f,1.8835842352389192f,-0.5170603369137727f,0.786969081732563f,-0.3366426479037127f,-0.20934069538080158f,0f,0f,0f,1f], start_interpolation: 0, interpolation_duration: 1 }
$data merge entity $(bone_arm_right) { transformation: [-0.8808796340403787f,0.16896598795803627f,-0.44215558940971594f,-0.28092866985143006f,-0.38329679085635054f,-0.8027179430174761f,0.4568670201240349f,1.4859880040880755f,-0.27773123780394526f,0.5719216719719205f,0.771862008831068f,0.07393925776779031f,0f,0f,0f,1f], start_interpolation: 0, interpolation_duration: 1 }
$data merge entity $(bone_uppertail) { transformation: [-0.9972248438265466f,0.03043319059963631f,-0.06794432842442358f,-0.02848354209226831f,-1.0842021724855044e-19f,0.9126326804255875f,0.4087806142898751f,1.2838084946766468f,0.0744487129178183f,0.4076461842445404f,-0.9100999822084093f,-0.6162062784258933f,0f,0f,0f,1f], start_interpolation: 0, interpolation_duration: 1 }
$data merge entity $(bone_middletail) { transformation: [-0.9972248438265466f,0.04122986643552221f,-0.061989587583954155f,-0.004983652915296307f,-1.0842021724855044e-19f,0.8326482104852855f,0.5538022729961045f,1.0738885693355202f,0.0744487129178183f,0.5522653851993269f,-0.8303374816636424f,-0.3014302078131494f,0f,0f,0f,1f], start_interpolation: 0, interpolation_duration: 1 }
$data merge entity $(bone_tail) { transformation: [-0.9972248438265466f,0.04389457257190792f,-0.0601321657172701f,0.0138076488713506f,-1.0842021724855044e-19f,0.8076991980190201f,0.5895947807769601f,0.8896402003427202f,0.0744487129178183f,0.5879585631812511f,-0.8054577066033444f,-0.04972467449960425f,0f,0f,0f,1f], start_interpolation: 0, interpolation_duration: 1 }
$data merge entity $(bone_hair) { transformation: [-0.6872656353385409f,0.1268327224162417f,0.05677393421740777f,0.11035636695245546f,0.1304648948330741f,0.6837322290823846f,0.1058411413607562f,2.0613255814437426f,-0.0253940484938179f,0.08014798461919041f,-0.9927609849248357f,0.3713145137341187f,0f,0f,0f,1f], start_interpolation: 0, interpolation_duration: 1 }
$data merge entity $(bone_ear_left) { transformation: [-0.4129076380399098f,-0.05300983488962143f,-0.9096287656780475f,0.1452841691722003f,-0.09854581607575638f,1.1558689463796186f,-0.005193906854843847f,2.1458433034216857f,0.9054258691810532f,0.10162939453416994f,-0.41538961467833385f,0.1477616209172114f,0f,0f,0f,1f], start_interpolation: 0, interpolation_duration: 1 }
$data merge entity $(bone_ear_right) { transformation: [-0.3069190566435206f,0.07353650932758303f,0.9496276059895083f,-0.1467573017222801f,0.10859259347938156f,1.1541027115886848f,-0.031143951553631748f,2.149919389613508f,-0.9455201432600326f,0.10867801310612896f,-0.3118292228516428f,0.13149494053017582f,0f,0f,0f,1f], start_interpolation: 0, interpolation_duration: 1 }
$data merge entity $(bone_head) { transformation: [-0.9983554245376746f,0.007947747459310523f,0.05677393421740777f,-0.0011403831744563342f,0.01393426333604217f,0.9942854163170323f,0.1058411413607562f,1.7368245979445553f,-0.05560829615697062f,0.10645818056677828f,-0.9927609849248357f,0.04387601790320774f,0f,0f,0f,1f], start_interpolation: 0, interpolation_duration: 1 }
$data merge entity $(bone_body) { transformation: [-0.9972248438265466f,-0.0017822373608553674f,-0.07442737725534398f,-7.243934068095175e-18f,-1.0842021724855044e-19f,0.999713417980807f,-0.02393912924757646f,0.8020240183470508f,0.0744487129178183f,-0.02387269442525795f,-0.9969390571172134f,0.05915121056241427f,0f,0f,0f,1f], start_interpolation: 0, interpolation_duration: 1 }
$data merge entity $(bone_shoe_right) { transformation: [-0.8090825253449788f,0.5825996631567307f,-0.07722110897323f,-0.579635227382151f,-0.016784509575628603f,-0.15424993380277252f,-0.9878892843634582f,0.9749252440165936f,-0.5874553152535921f,-0.7979878385110288f,0.13457957560045508f,0.6969621178614798f,0f,0f,0f,1f], start_interpolation: 0, interpolation_duration: 1 }
$data merge entity $(bone_lowerleg_right) { transformation: [-0.8090825253449788f,0.5825996631567307f,-0.07722110897323f,-0.3243923576197092f,-0.016784509575628603f,-0.15424993380277252f,-0.9878892843634582f,0.9027908725414306f,-0.5874553152535921f,-0.7979878385110288f,0.13457957560045508f,0.34974646537072307f,0f,0f,0f,1f], start_interpolation: 0, interpolation_duration: 1 }
$data merge entity $(bone_leg_right) { transformation: [-0.8090825253449788f,0.5825996631567307f,-0.07722110897323f,-0.125f,-0.016784509575628603f,-0.15424993380277252f,-0.9878892843634582f,0.85053960048011f,-0.5874553152535921f,-0.7979878385110288f,0.13457957560045508f,0.07662295096021945f,0f,0f,0f,1f], start_interpolation: 0, interpolation_duration: 1 }
$data merge entity $(bone_shoe_left) { transformation: [-0.85014113498994f,-0.0003305416168968567f,-0.5265547847472817f,0.3729092594204796f,-1.3877787807814457e-17f,0.9999998029687813f,-0.0006277438954970238f,0.25016816453802165f,0.5265548884950331f,-0.0005336709078008206f,-0.8501409674855962f,0.4027913726301811f,0f,0f,0f,1f], start_interpolation: 0, interpolation_duration: 1 }
$data merge entity $(bone_lowerleg_left) { transformation: [-0.85014113498994f,-0.28180046277300247f,-0.444801697140353f,0.24753894266289653f,-1.3877787807814457e-17f,0.844739469443837f,-0.5351777543618051f,0.5493252846900645f,0.5265548884950331f,-0.4549766235145123f,-0.7181477713237833f,0.2028989384659643f,0f,0f,0f,1f], start_interpolation: 0, interpolation_duration: 1 }
$data merge entity $(bone_leg_left) { transformation: [-0.85014113498994f,-0.2435831610074185f,-0.4668268354236405f,0.160579561042524f,-1.3877787807814457e-17f,0.8865682298722862f,-0.46259785319553864f,0.850437242798354f,0.5265548884950331f,-0.39327346395956486f,-0.7537081211896474f,0.06250000000000001f,0f,0f,0f,1f], start_interpolation: 0, interpolation_duration: 1 }