# This file was generated by Animated Java via MC-Build. It is not recommended to edit this file directly.
$data merge entity $(bone_hammer) { transformation: [-2.0652705743599005f,-0.1904700054720241f,-0.19661233297123715f,0.42370409078031446f,0.25651000609541613f,-0.8240248385154713f,-1.8961707359993354f,2.356706830677304f,0.09559209817675725f,-1.9039385547603207f,0.840332022620301f,0.003379252096886831f,0f,0f,0f,1f], start_interpolation: 0, interpolation_duration: 1 }
$data merge entity $(bone_hand_left) { transformation: [-0.9913298756927522f,-0.04000466285012078f,0.12515871727227312f,0.4294507312956728f,0.12312480292579975f,-0.6154429036611438f,0.7785051799683955f,1.7766310819594626f,0.04588420712484348f,0.7871655856828275f,0.6150325034119222f,-0.6751858463461738f,0f,0f,0f,1f], start_interpolation: 0, interpolation_duration: 1 }
$data merge entity $(bone_lowerarm_left) { transformation: [-0.9913298756927522f,0.056844635202078164f,0.11846419293497631f,0.4545867184240917f,0.12312480292579975f,0.08703504923782901f,0.9885672375254263f,1.815116892794315f,0.04588420712484348f,0.9945821170988909f,-0.0932794290484944f,-0.23539406644150807f,0f,0f,0f,1f], start_interpolation: 0, interpolation_duration: 1 }
$data merge entity $(bone_arm_left) { transformation: [-0.7516956736208114f,-0.32704620654384614f,0.5727079474261157f,0.29259664424534293f,0.5567845212964626f,-0.7801232842795199f,0.2853045007875008f,1.4287120785496155f,0.353475050186606f,0.5333370792568392f,0.7685095632361129f,0.0287744556278951f,0f,0f,0f,1f], start_interpolation: 0, interpolation_duration: 1 }
$data merge entity $(bone_bread) { transformation: [-0.000009394059035178986f,-0.0000031875738476933294f,0.000001261359508258309f,-0.008988160402194134f,0.0000031389800875662528f,-0.0000065194935577112614f,0.000006902391452302886f,2.1794254651572116f,-0.0000013778457291854752f,0.00000688008551665333f,0.000007125023819616496f,-0.46854059587508584f,0f,0f,0f,1f], start_interpolation: 0, interpolation_duration: 1 }
$data merge entity $(bone_hand_right) { transformation: [-0.9394059035178985f,-0.3187573847693329f,0.1261359508258309f,-0.1531962011435832f,0.31389800875662527f,-0.6519493557711261f,0.6902391452302886f,1.9701502759757805f,-0.1377845729185475f,0.6880085516653329f,0.7125023819616495f,-0.4157130587509097f,0f,0f,0f,1f], start_interpolation: 0, interpolation_duration: 1 }
$data merge entity $(bone_lowerarm_right) { transformation: [-0.9044504556403233f,-0.3942231270185246f,-0.16296471831579962f,-0.32751674012208704f,-0.09793486755454632f,-0.17992711095471198f,0.9787926217849031f,1.8905887566004937f,-0.4151844590168147f,0.9012293608550639f,0.12412696775353793f,-0.017200700747811146f,0f,0f,0f,1f], start_interpolation: 0, interpolation_duration: 1 }
$data merge entity $(bone_arm_right) { transformation: [-0.9806704277110494f,0.0909711489030709f,-0.17323325974039416f,-0.28245759293103473f,-0.1146716782920502f,-0.9845790159346849f,0.1321157355456655f,1.4029144627703451f,-0.1585431121515915f,0.14942694351536132f,0.9759793389928625f,0.056812332212141256f,0f,0f,0f,1f], start_interpolation: 0, interpolation_duration: 1 }
$data merge entity $(bone_uppertail) { transformation: [-0.9957604493106914f,0.023722270791280475f,-0.08887283869144244f,-0.048890353992232426f,0f,0.9661730742736775f,0.25789453377020427f,1.0184138301236074f,0.09198438774362737f,0.2568011768217899f,-0.962076934550649f,-0.7101437017473077f,0f,0f,0f,1f], start_interpolation: 0, interpolation_duration: 1 }
$data merge entity $(bone_middletail) { transformation: [-0.9957604493106914f,0.026238979311042358f,-0.08816259724670479f,-0.015469058044480863f,0f,0.9584517482730393f,0.28525470413711784f,0.9102976903135515f,0.09198438774362737f,0.28404535235956485f,-0.9543883435029792f,-0.348347472128067f,0f,0f,0f,1f], start_interpolation: 0, interpolation_duration: 1 }
$data merge entity $(bone_tail) { transformation: [-0.9957604493106914f,0.02758823649411507f,-0.08774973957633586f,0.011952735573124094f,0f,0.9539634032343179f,0.29992303227594586f,0.8165717427273184f,0.09198438774362737f,0.29865149337772084f,-0.9499190270305606f,-0.051497776181016815f,0f,0f,0f,1f], start_interpolation: 0, interpolation_duration: 1 }
$data merge entity $(bone_hair) { transformation: [-0.6876808669149554f,0.1261268520757509f,0.04921926088385657f,0.11256366209349072f,0.13039553741263685f,0.6751217191378944f,0.18739714550982797f,1.9597174787121188f,-0.009593179971469756f,0.1352874034555898f,-0.9810503423437633f,0.4011583145445433f,0f,0f,0f,1f], start_interpolation: 0, interpolation_duration: 1 }
$data merge entity $(bone_ear_left) { transformation: [-0.4276832932736923f,0.007926860809081242f,-0.9039026801628667f,0.1419113321692757f,-0.16701990501046637f,1.1362770420055233f,0.08647062023084714f,2.063393922225204f,0.8883644252134726f,0.21744575094963706f,-0.41890664429115837f,0.18841504257276698f,0f,0f,0f,1f], start_interpolation: 0, interpolation_duration: 1 }
$data merge entity $(bone_ear_right) { transformation: [-0.3367379578018354f,0.007926860809081242f,0.9415734715498807f,-0.1430249425016366f,0.1792448693646725f,1.1362770420055233f,0.05695694548739517f,2.0679507497547513f,-0.9243802380957149f,0.21744575094963706f,-0.33195678037095716f,0.17499023061539132f,0f,0f,0f,1f], start_interpolation: 0, interpolation_duration: 1 }
$data merge entity $(bone_head) { transformation: [-0.9987644962197504f,0.006851674901466499f,0.04921926088385657f,-0.0007398916155961021f,0.01597268567213952f,0.9821543581164762f,0.18739714550982797f,1.6630128790272285f,-0.047056927261855425f,0.18795177941125543f,-0.9810503423437633f,0.04891256598888861f,0f,0f,0f,1f], start_interpolation: 0, interpolation_duration: 1 }
$data merge entity $(bone_body) { transformation: [-0.9957604493106914f,-0.0014864449521704308f,-0.09197237666807438f,-6.970950385157663e-18f,0f,0.999869422672177f,-0.016159752634472592f,0.7281214120370368f,0.09198438774362737f,-0.01609124254405206f,-0.9956304255720686f,0.05692212962962962f,0f,0f,0f,1f], start_interpolation: 0, interpolation_duration: 1 }
$data merge entity $(bone_shoe_right) { transformation: [-0.7619683849450468f,0.6300975697376727f,0.14960358603628343f,-0.6166152816658257f,-0.0195413675179007f,0.20853201931038712f,-0.977820296311067f,0.7195622836867644f,-0.6473193302379957f,-0.747991610603362f,-0.14658183778088493f,0.6580058386387218f,0f,0f,0f,1f], start_interpolation: 0, interpolation_duration: 1 }
$data merge entity $(bone_lowerleg_right) { transformation: [-0.7619683849450468f,0.6300975697376727f,0.14960358603628343f,-0.3395890504046727f,-0.0195413675179007f,0.20853201931038712f,-0.977820296311067f,0.8059813805833437f,-0.6473193302379957f,-0.747991610603362f,-0.14658183778088493f,0.33135739408083387f,0f,0f,0f,1f], start_interpolation: 0, interpolation_duration: 1 }
$data merge entity $(bone_leg_right) { transformation: [-0.7619683849450468f,0.6447052180931222f,-0.06131363720851009f,-0.125f,-0.0195413675179007f,-0.11752172211757794f,-0.992878028655106f,0.7663531018518517f,-0.6473193302379957f,-0.7553435156232023f,0.10214625840535761f,0.07995800925925925f,0f,0f,0f,1f], start_interpolation: 0, interpolation_duration: 1 }
$data merge entity $(bone_shoe_left) { transformation: [-0.7681179864782659f,-0.002694526522003915f,-0.6403026615401475f,0.4729696967161193f,2.7755575615628914e-17f,0.9999911456120294f,-0.004208170331729544f,0.2498306183021805f,0.6403083310785317f,-0.003232371321965577f,-0.7681111852636064f,0.42509201939179003f,0f,0f,0f,1f], start_interpolation: 0, interpolation_duration: 1 }
$data merge entity $(bone_lowerleg_left) { transformation: [-0.7681179864782659f,-0.39957233888560034f,-0.5003365915521925f,0.29811684742204336f,2.7755575615628914e-17f,0.7813994715786821f,-0.6240311417041271f,0.5227160526512813f,0.6403083310785317f,-0.47932954406550754f,-0.6002069887441983f,0.21741161438165468f,0f,0f,0f,1f], start_interpolation: 0, interpolation_duration: 1 }
$data merge entity $(bone_leg_left) { transformation: [-0.7681179864782659f,-0.37064860143204453f,-0.5221248635192964f,0.1689814814814815f,2.7755575615628914e-17f,0.8154272530545281f,-0.5788595641223755f,0.7895833333333331f,0.6403083310785317f,-0.4446324428473657f,-0.6263443397357475f,0.06250000000000001f,0f,0f,0f,1f], start_interpolation: 0, interpolation_duration: 1 }