# This file was generated by Animated Java via MC-Build. It is not recommended to edit this file directly.
$data merge entity $(bone_hammer) { transformation: [-1.9288255852068312f,0.35661314223092805f,-0.7019520684615775f,0.6810194552538011f,0.7867751944438219f,0.8024442460458343f,-1.7542365299963396f,1.9334736105716512f,-0.029907073363828755f,-1.889229492823436f,-0.8776076960616823f,0.8764888167938257f,0f,0f,0f,1f], start_interpolation: 0, interpolation_duration: 1 }
$data merge entity $(bone_hand_left) { transformation: [-0.9258362808992789f,-0.3736254247362985f,-0.056843847171105535f,0.8474734971105176f,0.3776520933330345f,-0.9203563815983997f,-0.10160229944385085f,2.081433103036871f,-0.0143553952146378f,-0.1155342929251808f,0.9931997532150874f,-0.03472037405127451f,0f,0f,0f,1f], start_interpolation: 0, interpolation_duration: 1 }
$data merge entity $(bone_lowerarm_left) { transformation: [-0.9258362808992789f,-0.35630421104122245f,0.12599400844835226f,0.689920228790727f,0.3776520933330345f,-0.859576856122187f,0.34424776661624673f,1.7013389619703416f,-0.0143553952146378f,0.3662989729898092f,0.9303864707823534f,0.12725245306765673f,0f,0f,0f,1f], start_interpolation: 0, interpolation_duration: 1 }
$data merge entity $(bone_arm_left) { transformation: [-0.6268347739367136f,-0.7647912858792176f,0.14890418136144515f,0.311109545003677f,0.6307584255646271f,-0.6102906543713553f,-0.47925893394512314f,1.3990543722270297f,0.45740788664270104f,-0.2064935985211068f,0.8649499517352794f,0.024973592550171016f,0f,0f,0f,1f], start_interpolation: 0, interpolation_duration: 1 }
$data merge entity $(bone_bread) { transformation: [-0.000007890904671519779f,-0.000005895150578837529f,0.0000017265060433774556f,0.2596193893734215f,0.000005666323761719915f,-0.000008070765554792372f,-0.0000016599754175725664f,2.122551976877084f,0.000002372003054879061f,-3.315765558788636e-7f,0.000009708947342283605f,0.1893662214834832f,0f,0f,0f,1f], start_interpolation: 0, interpolation_duration: 1 }
$data merge entity $(bone_hand_right) { transformation: [-0.7890904671519778f,-0.5895150578837529f,0.17265060433774554f,0.059763490722133744f,0.5666323761719915f,-0.8070765554792372f,-0.16599754175725662f,2.0021681965964078f,0.2372003054879061f,-0.03315765558788636f,0.9708947342283605f,0.07557616163808212f,0f,0f,0f,1f], start_interpolation: 0, interpolation_duration: 1 }
$data merge entity $(bone_lowerarm_right) { transformation: [-0.8606534239026932f,-0.48069722102193035f,0.167946019977743f,-0.15279481169850107f,0.483239519650384f,-0.6671280972382242f,0.566938857835104f,1.7071724910988806f,-0.16048442470419733f,0.5690960231605028f,0.8064579752536787f,0.32722330937936694f,0f,0f,0f,1f], start_interpolation: 0, interpolation_duration: 1 }
$data merge entity $(bone_arm_right) { transformation: [-0.934269809976351f,-0.2686510539623162f,-0.2344494260425679f,-0.2858610368642108f,0.3556467240705731f,-0.7493039989705508f,-0.5586223454039502f,1.3360328541087796f,-0.025599410630374242f,-0.6052851628213576f,0.7955969719925409f,0.02741800216941327f,0f,0f,0f,1f], start_interpolation: 0, interpolation_duration: 1 }
$data merge entity $(bone_uppertail) { transformation: [-0.99416336856394f,0.014410591270777262f,-0.10691834017055314f,-0.06356322678547016f,0f,0.9910389097902627f,0.13357349767722537f,0.6553878666613606f,0.10788510835884403f,0.13279387840165796f,-0.9852545809350222f,-0.7338053173138628f,0f,0f,0f,1f], start_interpolation: 0, interpolation_duration: 1 }
$data merge entity $(bone_middletail) { transformation: [-0.99416336856394f,-0.010888625224860378f,-0.10733421843155169f,-0.022875048061778223f,0f,0.9948937352367485f,-0.10092797227067687f,0.6936670446158143f,0.10788510835884403f,-0.10033889289494406f,-0.9890869071861265f,-0.3588629602451617f,0f,0f,0f,1f], start_interpolation: 0, interpolation_duration: 1 }
$data merge entity $(bone_tail) { transformation: [-0.99416336856394f,-0.01933429739132383f,-0.10613850173232786f,0.010293233729574231f,0f,0.9838104938384392f,-0.17921191984175153f,0.7496707695663617f,0.10788510835884403f,-0.1781659259166865f,-0.978068354582976f,-0.053216599437981675f,0f,0f,0f,1f], start_interpolation: 0, interpolation_duration: 1 }
$data merge entity $(bone_hair) { transformation: [-0.6883200533708177f,0.1250962053190236f,0.034000106313612444f,0.11705274671015288f,0.12536222410325992f,0.6427186066649744f,0.353400695905318f,1.8279067696675613f,0.022356585058511493f,0.2475151148140544f,-0.934853967689232f,0.4503243955775396f,0f,0f,0f,1f], start_interpolation: 0, interpolation_duration: 1 }
$data merge entity $(bone_ear_left) { transformation: [-0.5329109158101009f,0.33605006238970614f,-0.7943277648521716f,0.12140107590003947f,-0.25957504046551166f,0.9646297438913574f,0.4814940065216554f,1.968687563252254f,0.805373673630922f,0.5332661910523186f,-0.37041452950535964f,0.2783149982312736f,0f,0f,0f,1f], start_interpolation: 0, interpolation_duration: 1 }
$data merge entity $(bone_ear_right) { transformation: [-0.4746555446243914f,-0.3345338437215677f,0.830914249703602f,-0.12207680167525785f,0.2766429202891574f,0.9759892382479305f,0.45396288428003606f,1.9728120069662491f,-0.8355661605230364f,0.51317163988336f,-0.3217129300100487f,0.27101900048235894f,0f,0f,0f,1f], start_interpolation: 0, interpolation_duration: 1 }
$data merge entity $(bone_head) { transformation: [-0.9994080760000784f,0.005243128501621043f,0.034000106313612444f,-0.00008297893266949872f,0.016929679188204108f,0.9353188408752501f,0.353400695905318f,1.5953173984465079f,-0.029948014765689396f,0.353767120444077f,-0.934853967689232f,0.053928396220915206f,0f,0f,0f,1f], start_interpolation: 0, interpolation_duration: 1 }
$data merge entity $(bone_body) { transformation: [-0.99416336856394f,-0.0009040122246228258f,-0.10788132075339664f,-6.697966702220153e-18f,0f,0.9999648922311429f,-0.00837939766085166f,0.6603916452331958f,0.10788510835884403f,-0.008330490205049087f,-0.9941284657061903f,0.054693048696844986f,0f,0f,0f,1f], start_interpolation: 0, interpolation_duration: 1 }
$data merge entity $(bone_shoe_right) { transformation: [-0.715341328877552f,0.5126324185994114f,0.4748629134820025f,-0.5698485519095644f,-0.021530114720707094f,0.6630727070982484f,-0.748245306875702f,0.45301377151490674f,-0.6984434389124227f,-0.5454746451507331f,-0.4632862766560979f,0.5447915730963407f,0f,0f,0f,1f], start_interpolation: 0, interpolation_duration: 1 }
$data merge entity $(bone_lowerleg_right) { transformation: [-0.715341328877552f,0.5126324185994114f,0.4748629134820025f,-0.35120303846303125f,-0.021530114720707094f,0.6630727070982484f,-0.748245306875702f,0.7172907823552116f,-0.6984434389124227f,-0.5454746451507331f,-0.4632862766560979f,0.3137960085097215f,0f,0f,0f,1f], start_interpolation: 0, interpolation_duration: 1 }
$data merge entity $(bone_leg_right) { transformation: [-0.715341328877552f,0.6975158658968327f,-0.04193328060013574f,-0.125f,-0.021530114720707094f,-0.08198201057601939f,-0.9964012264655371f,0.6891815260631f,-0.6984434389124227f,-0.7118641490931433f,0.0736627170017754f,0.08298678669410149f,0f,0f,0f,1f], start_interpolation: 0, interpolation_duration: 1 }
$data merge entity $(bone_shoe_left) { transformation: [-0.6801225924651685f,-0.0017670746444515828f,-0.7330962669838519f,0.5675582300506068f,-2.7755575615628914e-17f,0.9999970949347838f,-0.0024104194640831578f,0.25069226564763075f,0.7330983966825042f,-0.001639380734840712f,-0.6801206166646825f,0.4233838564792233f,0f,0f,0f,1f], start_interpolation: 0, interpolation_duration: 1 }
$data merge entity $(bone_lowerleg_left) { transformation: [-0.6801225924651685f,-0.5112566864926716f,-0.5254044725114093f,0.34505711991323174f,-2.7755575615628914e-17f,0.7166902490702833f,-0.6973916309273974f,0.5020017959554172f,0.7330983966825042f,-0.47431180398985345f,-0.4874372301921885f,0.2187729781417378f,0f,0f,0f,1f], start_interpolation: 0, interpolation_duration: 1 }
$data merge entity $(bone_leg_left) { transformation: [-0.6801225924651685f,-0.4956298477895326f,-0.5401706334100207f,0.1766117969821674f,-2.7755575615628914e-17f,0.7368323759190567f,-0.6760754764059098f,0.7337448559670781f,0.7330983966825042f,-0.45981420571531123f,-0.5011363457223386f,0.06250000000000003f,0f,0f,0f,1f], start_interpolation: 0, interpolation_duration: 1 }