# This file was generated by Animated Java via MC-Build. It is not recommended to edit this file directly.
$data merge entity $(bone_hammer) { transformation: [-1.5306103345773765f,1.3902347621474178f,-0.25447413931404095f,0.12650365930660823f,1.3642941737752976f,1.3554021360475428f,-0.8011642994906301f,1.029619451016695f,-0.3690680003271588f,-0.7552550122259677f,-1.9062152174977098f,1.1749950637509357f,0f,0f,0f,1f], start_interpolation: 0, interpolation_duration: 1 }
$data merge entity $(bone_hand_left) { transformation: [-0.7346929605971406f,-0.20666312034959505f,-0.6461552509547354f,0.8035919915056213f,0.6548612034121428f,-0.46476762995651066f,-0.5959428281389142f,1.5746178726201383f,-0.17715264015703622f,-0.860977005983305f,0.47679716573550956f,0.7184692727297297f,0f,0f,0f,1f], start_interpolation: 0, interpolation_duration: 1 }
$data merge entity $(bone_lowerarm_left) { transformation: [-0.7346929605971406f,-0.3295596297226615f,-0.5929727684355078f,0.657864842737632f,0.6548612034121428f,-0.5727727394336537f,-0.4930397481210489f,1.3213449269018196f,-0.17715264015703622f,-0.7505476929674285f,0.636627915400088f,0.3865864647456949f,0f,0f,0f,1f], start_interpolation: 0, interpolation_duration: 1 }
$data merge entity $(bone_arm_left) { transformation: [-0.4945379471429543f,-0.6626853373998605f,-0.5623880888060002f,0.3296285115567636f,0.6645490154644691f,0.1287384040852934f,-0.7360713480083138f,1.3851106676753164f,0.5601846346347222f,-0.7377496641197503f,0.3767208624570156f,0.021169834236381052f,0f,0f,0f,1f], start_interpolation: 0, interpolation_duration: 1 }
$data merge entity $(bone_bread) { transformation: [-0.000006276424843028862f,-0.000006191551985373447f,-0.000004719234599193841f,0.2502703126377499f,0.000006866738154069667f,-0.0000015467710343960768f,-0.000007103196920443446f,1.4225653262571725f,0.000003668023761271736f,-0.000007698842989668737f,0.0000052223958397630615f,0.7846644364878633f,0f,0f,0f,1f], start_interpolation: 0, interpolation_duration: 1 }
$data merge entity $(bone_hand_right) { transformation: [-0.6276424843028862f,-0.6191551985373446f,-0.47192345991938406f,0.1345928901786984f,0.6866738154069666f,-0.15467710343960767f,-0.7103196920443445f,1.5204367848482367f,0.3668023761271736f,-0.7698842989668736f,0.5222395839763061f,0.5738974465997698f,0f,0f,0f,1f], start_interpolation: 0, interpolation_duration: 1 }
$data merge entity $(bone_lowerarm_right) { transformation: [-0.5590572587363749f,-0.8211821950568343f,-0.11451979730950033f,-0.22852361169799545f,0.8247891567238211f,-0.5366872751891107f,-0.1780157734609387f,1.283120380350552f,0.08472206563214893f,-0.1939756973739935f,0.9773410870434615f,0.48812381791720705f,0f,0f,0f,1f], start_interpolation: 0, interpolation_duration: 1 }
$data merge entity $(bone_arm_right) { transformation: [-0.6494016645300983f,-0.12452665151704093f,-0.7501803724221869f,-0.2902032187775298f,0.7557028563081948f,0.004325994350457524f,-0.6549003578717271f,1.285263099427263f,0.08479782469600057f,-0.9922068326890485f,0.0912958383059882f,-0.0033286288990873603f,0f,0f,0f,1f], start_interpolation: 0, interpolation_duration: 1 }
$data merge entity $(bone_uppertail) { transformation: [-0.9926421267697607f,0.0044393461206571685f,-0.12100372047184049f,-0.06150001302588463f,0f,0.9993276855817609f,0.03666301719445986f,0.32585803356451043f,0.12108512774906051f,0.03639325536170496f,-0.9919747591557817f,-0.6318497764453452f,0f,0f,0f,1f], start_interpolation: 0, interpolation_duration: 1 }
$data merge entity $(bone_middletail) { transformation: [-0.9926421267697607f,-0.05587512819810969f,-0.10742242880726126f,-0.02077926701620085f,0f,0.8871645164374428f,-0.46145327041242035f,0.5008035049415447f,0.12108512774906051f,-0.45805795574704633f,-0.8806368723911294f,-0.298025724936118f,0f,0f,0f,1f], start_interpolation: 0, interpolation_duration: 1 }
$data merge entity $(bone_tail) { transformation: [-0.9926421267697607f,-0.07501567802036158f,-0.09504870442647678f,0.008923453117073144f,0f,0.7849742259301886f,-0.6195284211602412f,0.6944061365541201f,0.12108512774906051f,-0.6149700095748137f,-0.779198485086789f,-0.05452619834649643f,0f,0f,0f,1f], start_interpolation: 0, interpolation_duration: 1 }
$data merge entity $(bone_hair) { transformation: [-0.688135850702162f,0.1276705299522069f,0.018587177944685687f,0.12346529608943003f,0.1165163965847269f,0.591815388914158f,0.5074515655409773f,1.7017100819828617f,0.05378643235354281f,0.3513613257404783f,-0.8614797881819768f,0.48614592304207166f,0f,0f,0f,1f], start_interpolation: 0, interpolation_duration: 1 }
$data merge entity $(bone_ear_left) { transformation: [-0.6564151914513673f,0.6479881095657346f,-0.5003448015388549f,0.09668947267991714f,-0.2708623828300766f,0.5079972033834682f,0.8548197233330468f,1.867535210807636f,0.7040970572296675f,0.7995297895338832f,-0.13761656940157024f,0.367886933042958f,0f,0f,0f,1f], start_interpolation: 0, interpolation_duration: 1 }
$data merge entity $(bone_ear_right) { transformation: [-0.6304105850146674f,-0.6484266795310597f,0.5323313518114142f,-0.09133709788292972f,0.2928875686582014f,0.5301865138265668f,0.8371445379320548f,1.870753455447283f,-0.7188875895624796f,0.7846290429017084f,-0.12574718481603825f,0.3657257911679677f,0f,0f,0f,1f], start_interpolation: 0, interpolation_duration: 1 }
$data merge entity $(bone_head) { transformation: [-0.9997875368073036f,0.0089105589519963f,0.018587177944685687f,0.0005844416311464773f,0.017112267013564338f,0.8615103475569331f,0.5074515655409773f,1.5394067643638059f,-0.01149136904119305f,0.5076618195132419f,-0.8614797881819768f,0.0577695571787546f,0f,0f,0f,1f], start_interpolation: 0, interpolation_duration: 1 }
$data merge entity $(bone_body) { transformation: [-0.9926421267697607f,-0.00028989466879441597f,-0.12108478072444658f,-6.487979253806684e-18f,0f,0.9999971340442845f,-0.0023941393479404017f,0.6044931541495199f,0.12108512774906051f,-0.0023765235741227283f,-0.992639281901384f,0.052978371056241425f,0f,0f,0f,1f], start_interpolation: 0, interpolation_duration: 1 }
$data merge entity $(bone_shoe_right) { transformation: [-0.6739576887786841f,0.23011408400759154f,0.7020174798945119f,-0.4641040449349065f,-0.022779809132594142f,0.9433269343206542f,-0.33108212769806616f,0.2841249820702172f,-0.7384186576949264f,-0.23912716977905954f,-0.6305204855050148f,0.4052815560947874f,0f,0f,0f,1f], start_interpolation: 0, interpolation_duration: 1 }
$data merge entity $(bone_lowerleg_right) { transformation: [-0.6739576887786841f,0.23011408400759154f,0.7020174798945119f,-0.3592850988235603f,-0.022779809132594142f,0.9433269343206542f,-0.33108212769806616f,0.6447028549614999f,-0.7384186576949264f,-0.23912716977905954f,-0.6305204855050148f,0.29874571228377994f,0f,0f,0f,1f], start_interpolation: 0, interpolation_duration: 1 }
$data merge entity $(bone_leg_right) { transformation: [-0.6739576887786841f,0.7383808920659811f,-0.023972733843687595f,-0.125f,-0.022779809132594142f,-0.05320448852274984f,-0.9983237764858228f,0.625501899862826f,-0.7384186576949264f,-0.672281890751847f,0.05267774990586216f,0.08550509602194785f,0f,0f,0f,1f], start_interpolation: 0, interpolation_duration: 1 }
$data merge entity $(bone_shoe_left) { transformation: [-0.5986938126738458f,-0.0019577317565250274f,-0.8009755838678378f,0.6460388726399662f,5.551115123125783e-17f,0.9999970129955178f,-0.002444176761690897f,0.25119598018349754f,0.8009779763926433f,-0.0014633135043053969f,-0.5986920243727438f,0.4069747188083175f,0f,0f,0f,1f], start_interpolation: 0, interpolation_duration: 1 }
$data merge entity $(bone_lowerleg_left) { transformation: [-0.5986938126738458f,-0.6038636735760494f,-0.5262265504526474f,0.3822076037483835f,5.551115123125783e-17f,0.6569800493424409f,-0.7539079617340594f,0.4869981262155286f,0.8009779763926433f,-0.4513600320157317f,-0.3933298905914773f,0.2114312358518007f,0f,0f,0f,1f], start_interpolation: 0, interpolation_duration: 1 }
$data merge entity $(bone_leg_left) { transformation: [-0.5986938126738458f,-0.5994330117438353f,-0.5312680896663842f,0.18295610425240055f,5.551115123125783e-17f,0.6632742788497767f,-0.748376396618913f,0.6877057613168723f,0.8009779763926433f,-0.4480483182068911f,-0.39709820685306846f,0.06250000000000003f,0f,0f,0f,1f], start_interpolation: 0, interpolation_duration: 1 }