# This file was generated by Animated Java via MC-Build. It is not recommended to edit this file directly.
$data merge entity $(bone_hammer) { transformation: [-0.8936867069773206f,1.8352870044564507f,0.41632134082109806f,-0.5456293142455089f,1.7567740095590452f,0.9788463499038703f,-0.5439509908029243f,0.7826467904365549f,-0.6747939884791847f,0.1177251558967499f,-1.9675039106846053f,0.8096573275578194f,0f,0f,0f,1f], start_interpolation: 0, interpolation_duration: 1 }
$data merge entity $(bone_hand_left) { transformation: [-0.4289696193491138f,0.19983424359412724f,-0.8809377621390962f,0.379793949473981f,0.8432515245883416f,-0.26109647558540355f,-0.46984624795385777f,1.2076776664955995f,-0.32390111447000863f,-0.9444018771286105f,-0.05650807483044015f,0.8217890211019223f,0f,0f,0f,1f], start_interpolation: 0, interpolation_duration: 1 }
$data merge entity $(bone_lowerarm_left) { transformation: [-0.4289696193491138f,0.19983424359412724f,-0.8809377621390962f,0.4681581540632591f,0.8432515245883416f,-0.26109647558540355f,-0.46984624795385777f,1.092224068697679f,-0.32390111447000863f,-0.9444018771286105f,-0.05650807483044015f,0.4041863160591149f,0f,0f,0f,1f], start_interpolation: 0, interpolation_duration: 1 }
$data merge entity $(bone_arm_left) { transformation: [-0.3990237000967404f,-0.25441844665524405f,-0.8809377621390962f,0.3421415172043335f,0.6732852479398004f,0.5709040884337082f,-0.46984624795385777f,1.375f,0.6224685226320668f,-0.7806021879364733f,-0.05650807483044015f,0.017544294846830483f,0f,0f,0f,1f], start_interpolation: 0, interpolation_duration: 1 }
$data merge entity $(bone_bread) { transformation: [-0.000005097447978178633f,-0.0000013165776592103458f,-0.000008501920217046896f,-0.20264861328147382f,0.000007944613291470123f,0.0000030718125407114193f,-0.0000052389967898180986f,0.9718859422745929f,0.0000033013851273001853f,-0.000009424998195331193f,-5.198704254378062e-7f,0.8878267111961726f,0f,0f,0f,1f], start_interpolation: 0, interpolation_duration: 1 }
$data merge entity $(bone_hand_right) { transformation: [-0.5097447978178633f,-0.13165776592103456f,-0.8501920217046895f,-0.1570337967272304f,0.7944613291470122f,0.3071812540711419f,-0.5238996789818098f,1.1542231345470697f,0.3301385127300185f,-0.9424998195331192f,-0.051987042543780615f,0.7087869130369016f,0f,0f,0f,1f], start_interpolation: 0, interpolation_duration: 1 }
$data merge entity $(bone_lowerarm_right) { transformation: [-0.32262018029287864f,-0.7241865837181417f,-0.6094833970096618f,-0.47726005171509617f,0.9315208168796202f,-0.12871196730834047f,-0.34015025678594135f,1.097308311502913f,0.16788444534177582f,-0.6774858090279554f,0.7161199561372529f,0.40921115685735254f,0f,0f,0f,1f], start_interpolation: 0, interpolation_duration: 1 }
$data merge entity $(bone_arm_right) { transformation: [-0.3638838385776899f,0.3703374264394534f,-0.8546570906510799f,-0.2938272951818044f,0.9160778027024198f,0.30827344049885075f,-0.2564545676701979f,1.25f,0.1684933571921229f,-0.8762520621722976f,-0.45143361873139637f,-0.024807442687363644f,0f,0f,0f,1f], start_interpolation: 0, interpolation_duration: 1 }
$data merge entity $(bone_uppertail) { transformation: [-0.9914448613738104f,-0.004555298414973687f,-0.13044667919045067f,-0.05046683377777921f,0f,0.9993908270190957f,-0.03489949670250092f,0.13657230804436865f,0.13052619222005146f,-0.03460092667022696f,-0.9908408999522049f,-0.49863204468872935f,0f,0f,0f,1f], start_interpolation: 0, interpolation_duration: 1 }
$data merge entity $(bone_middletail) { transformation: [-0.9914448613738104f,-0.08818221730122613f,-0.09623400338396587f,-0.013988036012941399f,0f,0.737277336810124f,-0.6755902076156601f,0.39269017318347327f,0.13052619222005146f,-0.669810439735012f,-0.7309698269877654f,-0.2215480665391933f,0f,0f,0f,1f], start_interpolation: 0, interpolation_duration: 1 }
$data merge entity $(bone_tail) { transformation: [-0.9914448613738104f,-0.11008467397291982f,-0.07013167195883589f,0.007928111474194819f,0f,0.5372996083468238f,-0.8433914458128856f,0.65625f,0.13052619222005146f,-0.8361761150778139f,-0.5327029357136193f,-0.05507839912868729f,0f,0f,0f,1f], start_interpolation: 0, interpolation_duration: 1 }
$data merge entity $(bone_hair) { transformation: [-0.6874901548359538f,0.13160136383392415f,0.0088488487302891f,0.1286202372223262f,0.1113784438062394f,0.5629796346526895f,0.5725859230087699f,1.6297766936400404f,0.07037136675478532f,0.3946327558672431f,-0.8197969618438113f,0.4975366759661651f,0f,0f,0f,1f], start_interpolation: 0, interpolation_duration: 1 }
$data merge entity $(bone_ear_left) { transformation: [-0.7047641327060622f,0.7279982024864696f,-0.3125644577509348f,0.08659300742049168f,-0.24819985761524366f,0.2187759928820619f,0.949613532555425f,1.8020684871521109f,0.664608416987661f,0.8536864378599105f,0.023186171276661727f,0.40646453803556754f,0f,0f,0f,1f], start_interpolation: 0, interpolation_duration: 1 }
$data merge entity $(bone_ear_right) { transformation: [-0.6973687293540415f,-0.7182302163289928f,0.34478617182385507f,-0.07367237971799852f,0.2720916124459301f,0.24341911747208328f,0.9384125540286662f,1.804799342009711f,-0.6630558119462518f,0.8552878706448059f,0.0224582759900826f,0.4066420025646201f,0f,0f,0f,1f], start_interpolation: 0, interpolation_duration: 1 }
$data merge entity $(bone_head) { transformation: [-0.9998542451575062f,0.014600901227728218f,0.0088488487302891f,0.0009221675480346575f,0.017037096225407635f,0.8196676754175445f,0.5725859230087699f,1.50098375f,0.0011071552373610738f,0.5726532245250496f,-0.8197969618438113f,0.05929705794560597f,0f,0f,0f,1f], start_interpolation: 0, interpolation_duration: 1 }
$data merge entity $(bone_body) { transformation: [-0.9914448613738104f,0f,-0.13052619222005146f,-6.403984274441296e-18f,0f,1f,0f,0.566084375f,0.13052619222005146f,0f,-0.9914448613738104f,0.0522925f,0f,0f,0f,1f], start_interpolation: 0, interpolation_duration: 1 }
$data merge entity $(bone_shoe_right) { transformation: [-0.6429413318054574f,-0.02029981883272269f,0.765646368248151f,-0.37258965357488405f,-0.0234367059617418f,0.9997020274241258f,0.006824747449917547f,0.2497038742339019f,-0.7655567677644081f,-0.013556316588621657f,-0.6432255138057426f,0.3066473580048328f,0f,0f,0f,1f], start_interpolation: 0, interpolation_duration: 1 }
$data merge entity $(bone_lowerleg_right) { transformation: [-0.6429413318054574f,-0.02029981883272269f,0.765646368248151f,-0.3643231819448921f,-0.0234367059617418f,0.9997020274241258f,0.006824747449917547f,0.5960133826978771f,-0.7655567677644081f,-0.013556316588621657f,-0.6432255138057426f,0.28786532771499085f,0f,0f,0f,1f], start_interpolation: 0, interpolation_duration: 1 }
$data merge entity $(bone_leg_right) { transformation: [-0.6429413318054574f,0.7658031082200342f,-0.013116527618213197f,-0.125f,-0.0234367059617418f,-0.03678813818153914f,-0.9990482239125391f,0.58179125f,-0.7655567677644081f,-0.6420219874191776f,0.04160051682902299f,0.08730874999999999f,0f,0f,0f,1f], start_interpolation: 0, interpolation_duration: 1 }
$data merge entity $(bone_shoe_left) { transformation: [-0.537299608346824f,-1.1102230246251565e-16f,-0.8433914458128856f,0.7018518985765626f,0f,0.9999999999999999f,5.551115123125783e-17f,0.25290430857224966f,0.8433914458128855f,5.551115123125783e-17f,-0.5372996083468239f,0.3886035549068765f,0f,0f,0f,1f], start_interpolation: 0, interpolation_duration: 1 }
$data merge entity $(bone_lowerleg_left) { transformation: [-0.537299608346824f,-0.6691074207087071f,-0.5134241817667832f,0.4063261275057475f,0f,0.6087614290087207f,-0.793353340291235f,0.4775492540377655f,0.8433914458128855f,-0.4262684390191251f,-0.3270872773830385f,0.20190761812158034f,0f,0f,0f,1f], start_interpolation: 0, interpolation_duration: 1 }
$data merge entity $(bone_leg_left) { transformation: [-0.537299608346824f,-0.6691074207087071f,-0.5134241817667832f,0.1875f,0f,0.6087614290087207f,-0.793353340291235f,0.65625f,0.8433914458128855f,-0.4262684390191251f,-0.3270872773830385f,0.06250000000000003f,0f,0f,0f,1f], start_interpolation: 0, interpolation_duration: 1 }