# This file was generated by Animated Java via MC-Build. It is not recommended to edit this file directly.
$data merge entity $(bone_hammer) { transformation: [-0.6821321753956059f,1.8646787185167613f,0.6308302067739996f,-0.6941450225087137f,1.7517655750429417f,0.8795586592255922f,-0.7056711081329099f,0.7754092468307753f,-0.8979369928688252f,0.2993787224733043f,-1.8558985196248536f,0.6496654257396302f,0f,0f,0f,1f], start_interpolation: 0, interpolation_duration: 1 }
$data merge entity $(bone_hand_left) { transformation: [-0.3274234441898908f,0.33433275100535403f,-0.8837508131820991f,0.25436233522255813f,0.8408474760206119f,-0.3235450140853246f,-0.43392873369977886f,1.1643990428490976f,-0.43100975657703605f,-0.885178081216271f,-0.17518662697159607f,0.7755988135717723f,0f,0f,0f,1f], start_interpolation: 0, interpolation_duration: 1 }
$data merge entity $(bone_lowerarm_left) { transformation: [-0.3274234441898908f,0.3820128263162871f,-0.8642106738085753f,0.4232836318592913f,0.8408474760206119f,-0.29940848717139046f,-0.4509213677344486f,1.0320043524279985f,-0.43100975657703605f,-0.8743115911044425f,-0.22318116272620914f,0.3889891568802767f,0f,0f,0f,1f], start_interpolation: 0, interpolation_duration: 1 }
$data merge entity $(bone_arm_left) { transformation: [-0.3630820634192944f,-0.156724119309194f,-0.9184818809589795f,0.34565621651395617f,0.676521467597212f,0.6334811064428305f,-0.37552681882933714f,1.345775462962963f,0.6406950281555976f,-0.7577197623176558f,-0.12397839606146416f,0.013681087107312744f,0f,0f,0f,1f], start_interpolation: 0, interpolation_duration: 1 }
$data merge entity $(bone_bread) { transformation: [-0.00000501941327684931f,3.9731035516112183e-7f,-0.00000863988627459127f,-0.35782863155155076f,0.000008049723656944007f,0.00000386832681678918f,-0.000004498666100673142f,0.8577206741221937f,0.0000031634537143800432f,-0.000009212936129171386f,-0.0000022614969548473163f,0.8495476799673578f,0f,0f,0f,1f], start_interpolation: 0, interpolation_duration: 1 }
$data merge entity $(bone_hand_right) { transformation: [-0.5019413276849309f,0.03973103551611218f,-0.8639886274591269f,-0.27251022208031855f,0.8049723656944006f,0.38683268167891804f,-0.4498666100673142f,1.0488844223537712f,0.3163453714380043f,-0.9212936129171385f,-0.22614969548473163f,0.6960549997922005f,0f,0f,0f,1f], start_interpolation: 0, interpolation_duration: 1 }
$data merge entity $(bone_lowerarm_right) { transformation: [-0.2628153823691053f,-0.6337735814509785f,-0.7275019740488547f,-0.5527569776281731f,0.94726086237035f,-0.026186925661629418f,-0.31939177125557405f,1.0373048911627694f,0.18337102664151078f,-0.7730752178017299f,0.6072312361936317f,0.35421080192049814f,0f,0f,0f,1f], start_interpolation: 0, interpolation_duration: 1 }
$data merge entity $(bone_arm_right) { transformation: [-0.2823507044951651f,0.5186592192288428f,-0.8070134410157063f,-0.2958585831038869f,0.929912939703667f,0.35464090205717347f,-0.09742563912932889f,1.212962962962963f,0.23566926877038488f,-0.7779604391593452f,-0.5824410277961459f,-0.031122728100615053f,0f,0f,0f,1f], start_interpolation: 0, interpolation_duration: 1 }
$data merge entity $(bone_uppertail) { transformation: [-0.9901326572022359f,-0.009088882982072416f,-0.1398381684225659f,-0.04868911038671381f,0f,0.9978944466896436f,-0.06485887191410367f,0.06089655296680668f,0.14013322640130613f,-0.06421888719145086f,-0.9880478801081716f,-0.4478292772814848f,0f,0f,0f,1f], start_interpolation: 0, interpolation_duration: 1 }
$data merge entity $(bone_middletail) { transformation: [-0.9901326572022359f,-0.10305848853549693f,-0.09495403668311615f,-0.012695812226547646f,0f,0.6775983049957888f,-0.7354322110615185f,0.3396982432934302f,0.14013322640130613f,-0.7281754493304567f,-0.6709122102412114f,-0.19351314638231434f,0f,0f,0f,1f], start_interpolation: 0, interpolation_duration: 1 }
$data merge entity $(bone_tail) { transformation: [-0.9901326572022359f,-0.12534175838063444f,-0.06266390306779795f,0.006886657482139216f,0f,0.447173769398161f,-0.8944471029425051f,0.619212962962963f,0.14013322640130613f,-0.8856212867633043f,-0.44276135252534105f,-0.05515022371814527f,0f,0f,0f,1f], start_interpolation: 0, interpolation_duration: 1 }
$data merge entity $(bone_hair) { transformation: [-0.6867730751972401f,0.1354353796560418f,0.000047842209424317494f,0.13318073281468062f,0.11422840265825106f,0.5791425544767618f,0.5374652786512482f,1.6111305758647645f,0.07276410660669427f,0.3691221471702214f,-0.8432858779532948f,0.4903456878540353f,0f,0f,0f,1f], start_interpolation: 0, interpolation_duration: 1 }
$data merge entity $(bone_ear_left) { transformation: [-0.6763484759165017f,0.7115307067826572f,-0.38979001217490467f,0.09557913141608383f,-0.25086460188396104f,0.34392603847309017f,0.9196761580671036f,1.7800481809984838f,0.6925458040065127f,0.8194715418620659f,-0.04753431067786418f,0.3870120693154605f,0f,0f,0f,1f], start_interpolation: 0, interpolation_duration: 1 }
$data merge entity $(bone_ear_right) { transformation: [-0.6822101918208303f,-0.681535034406331f,0.4197769096608219f,-0.07567476276289452f,0.27401520758775405f,0.3676646641648617f,0.9058806812552946f,1.7829664439145636f,-0.6778679223760524f,0.8345222382642139f,-0.05628087991541608f,0.3888622981257488f,0f,0f,0f,1f], start_interpolation: 0, interpolation_duration: 1 }
$data merge entity $(bone_head) { transformation: [-0.9997965084045412f,0.020172741341010533f,0.000047842209424317494f,0.0009900412445252216f,0.017037096225407625f,0.8431137595820284f,0.5374652786512482f,1.463946712962963f,0.01080181162095134f,0.5373567240765172f,-0.8432858779532948f,0.0592877872231338f,0f,0f,0f,1f], start_interpolation: 0, interpolation_duration: 1 }
$data merge entity $(bone_body) { transformation: [-0.9901326572022359f,0f,-0.14013322640130613f,-6.403984274441296e-18f,0f,1f,0f,0.529047337962963f,0.14013322640130613f,0f,-0.9901326572022359f,0.0522925f,0f,0f,0f,1f], start_interpolation: 0, interpolation_duration: 1 }
$data merge entity $(bone_shoe_right) { transformation: [-0.623683837938242f,-0.10390224656650059f,0.7747404684493117f,-0.34782985353347323f,-0.02373362621701769f,0.9931866024312231f,0.11409245258874187f,0.2476228957803806f,-0.7813163157653983f,0.05277021801696041f,-0.6219004090762659f,0.2779225469918428f,0f,0f,0f,1f], start_interpolation: 0, interpolation_duration: 1 }
$data merge entity $(bone_lowerleg_right) { transformation: [-0.623683837938242f,-0.10390224656650059f,0.7747404684493117f,-0.36622927650157056f,-0.02373362621701769f,0.9931866024312231f,0.11409245258874187f,0.5690492620912408f,-0.7813163157653983f,0.05277021801696041f,-0.6219004090762659f,0.28058783690868766f,0f,0f,0f,1f], start_interpolation: 0, interpolation_duration: 1 }
$data merge entity $(bone_leg_right) { transformation: [-0.623683837938242f,0.7816275184087937f,-0.008768851734146437f,-0.125f,-0.02373362621701769f,-0.030148213999607876f,-0.9992636289684642f,0.5568493021262002f,-0.7813163157653983f,-0.6230164585777366f,0.03735380917710818f,0.08839774862825787f,0f,0f,0f,1f], start_interpolation: 0, interpolation_duration: 1 }
$data merge entity $(bone_shoe_left) { transformation: [-0.48205953348187125f,-0.005504904096187646f,-0.876121168680527f,0.7431318341976881f,0f,0.999980260856137f,-0.006283143965559068f,0.247939494530558f,0.87613846290369f,-0.0030288494488368567f,-0.4820500180393894f,0.3644970824818951f,0f,0f,0f,1f], start_interpolation: 0, interpolation_duration: 1 }
$data merge entity $(bone_lowerleg_left) { transformation: [-0.48205953348187125f,-0.7251524115295025f,-0.4917037586110033f,0.4253154381362414f,0f,0.5612169530617378f,-0.8276687330062065f,0.4700884912128631f,0.87613846290369f,-0.39898560331050337f,-0.27053998257505857f,0.19114742937464888f,0f,0f,0f,1f], start_interpolation: 0, interpolation_duration: 1 }
$data merge entity $(bone_leg_left) { transformation: [-0.48205953348187125f,-0.7251524115295025f,-0.4917037586110033f,0.1915f,0f,0.5612169530617378f,-0.8276687330062065f,0.63025f,0.87613846290369f,-0.39898560331050337f,-0.27053998257505857f,0.06250000000000003f,0f,0f,0f,1f], start_interpolation: 0, interpolation_duration: 1 }