# This file was generated by Animated Java via MC-Build. It is not recommended to edit this file directly.
$data merge entity $(bone_hammer) { transformation: [-0.7546391327020117f,1.705551343192264f,0.9283814802696133f,-0.6162006164966687f,1.5648719090449834f,1.1238771519567627f,-0.792687727525312f,0.7345764608828166f,-1.1497710491460649f,0.4102103616711779f,-1.6882037114936503f,0.5804315132546463f,0f,0f,0f,1f], start_interpolation: 0, interpolation_duration: 1 }
$data merge entity $(bone_hand_left) { transformation: [-0.3622267836969656f,0.4456231105294145f,-0.8186646447322865f,0.2585017460247693f,0.751138516341592f,-0.38049010921214965f,-0.5394610329392462f,1.2267625536914615f,-0.5518901035901111f,-0.8103377815169521f,-0.19690097360216555f,0.7532182826271159f,0f,0f,0f,1f], start_interpolation: 0, interpolation_duration: 1 }
$data merge entity $(bone_lowerarm_left) { transformation: [-0.3622267836969656f,0.4456231105294145f,-0.8186646447322865f,0.45555071521199475f,0.751138516341592f,-0.38049010921214965f,-0.5394610329392462f,1.058514583524214f,-0.5518901035901111f,-0.8103377815169521f,-0.19690097360216555f,0.3948970448625887f,0f,0f,0f,1f], start_interpolation: 0, interpolation_duration: 1 }
$data merge entity $(bone_arm_left) { transformation: [-0.3624598241864166f,-0.22931317564795894f,-0.9033484063886981f,0.34196903289886504f,0.6768283018312518f,0.6015735479263441f,-0.4242790547216946f,1.3564814814814814f,0.6407232832440038f,-0.7651958794384344f,-0.0628405951552419f,0.015885960828239128f,0f,0f,0f,1f], start_interpolation: 0, interpolation_duration: 1 }
$data merge entity $(bone_bread) { transformation: [-0.000005777313539568119f,1.4007241940981076e-7f,-0.000008161067821237831f,-0.3385228460398241f,0.0000074964488548046825f,0.000004046379562866372f,-0.000005237372146459989f,0.8438843811633356f,0.0000032289166655118933f,-0.000009143696853600193f,-0.0000024427249162853994f,0.8318384717950953f,0f,0f,0f,1f], start_interpolation: 0, interpolation_duration: 1 }
$data merge entity $(bone_hand_right) { transformation: [-0.5777313539568119f,0.014007241940981074f,-0.8161067821237831f,-0.2695536237220623f,0.7496448854804681f,0.4046379562866371f,-0.5237372146459989f,1.0447188912743166f,0.3228916665511893f,-0.9143696853600193f,-0.24427249162853992f,0.6825348937356079f,0f,0f,0f,1f], start_interpolation: 0, interpolation_duration: 1 }
$data merge entity $(bone_lowerarm_right) { transformation: [-0.29669026748650573f,-0.6349445620887986f,-0.7133164012222414f,-0.5503181722707029f,0.9369569599782627f,-0.049134441123628886f,-0.3459732097197134f,1.022992255589962f,0.18462540542156622f,-0.7709936509267328f,0.6094934371292196f,0.34161113871644333f,0f,0f,0f,1f], start_interpolation: 0, interpolation_duration: 1 }
$data merge entity $(bone_arm_right) { transformation: [-0.2978717096671705f,0.5158238623144655f,-0.8032422969733007f,-0.2948241654680691f,0.9047489444107438f,0.4209246200964427f,-0.06520591832272604f,1.2314814814814814f,0.30446969006389035f,-0.7461556186638634f,-0.5920726311600172f,-0.02796906615300155f,0f,0f,0f,1f], start_interpolation: 0, interpolation_duration: 1 }
$data merge entity $(bone_uppertail) { transformation: [-0.9908004033648453f,-0.004722994249374862f,-0.13524885957885258f,-0.05313718778387731f,0f,0.9993908270190957f,-0.03489949670250092f,0.11805378952585005f,0.135331299750131f,-0.034578435410068054f,-0.9901968345296461f,-0.49838090096145804f,0f,0f,0f,1f], start_interpolation: 0, interpolation_duration: 1 }
$data merge entity $(bone_middletail) { transformation: [-0.9908004033648453f,-0.09142850089508815f,-0.0997767002668292f,-0.015315482953057201f,0f,0.737277336810124f,-0.6755902076156601f,0.37417165466495467f,0.135331299750131f,-0.6693750502149356f,-0.7304946827032297f,-0.2214770326655622f,0f,0f,0f,1f], start_interpolation: 0, interpolation_duration: 1 }
$data merge entity $(bone_tail) { transformation: [-0.9908004033648453f,-0.11413726056f,-0.072713454352812f,0.00740747153219655f,0f,0.5372996083468238f,-0.8433914458128856f,0.6377314814814814f,0.135331299750131f,-0.8356325847058671f,-0.5323566686778064f,-0.05511557370374769f,0f,0f,0f,1f], start_interpolation: 0, interpolation_duration: 1 }
$data merge entity $(bone_hair) { transformation: [-0.6870772082292949f,0.13387429497710301f,0.0022959930587244937f,0.13169837478540672f,0.12043904477522273f,0.6143648562028952f,0.44732825904434903f,1.6735949588634043f,0.05847517785753101f,0.30762557859706546f,-0.894366902940972f,0.47320586669664494f,0f,0f,0f,1f], start_interpolation: 0, interpolation_duration: 1 }
$data merge entity $(bone_ear_left) { transformation: [-0.6200388801367652f,0.613159917330531f,-0.568427761143882f,0.10772327566399247f,-0.24640489268645388f,0.6277280876387359f,0.7954756667600962f,1.8310170346209584f,0.7448734227900221f,0.7180525498599307f,-0.21001986561640806f,0.33926059414299675f,0f,0f,0f,1f], start_interpolation: 0, interpolation_duration: 1 }
$data merge entity $(bone_ear_right) { transformation: [-0.6201096149115987f,-0.5828246655735968f,0.5926574999107331f,-0.0905331784641596f,0.26753686375666125f,0.6481075113184449f,0.7756909230422131f,1.8343952991351242f,-0.7374876894060256f,0.7251752640316362f,-0.21693473606013103f,0.3404413150951195f,0f,0f,0f,1f], start_interpolation: 0, interpolation_duration: 1 }
$data merge entity $(bone_head) { transformation: [-0.9998371270591601f,0.01790105499570751f,0.0022959930587244937f,0.0009561156327346693f,0.01703709622540764f,0.894207563160007f,0.44732825904434903f,1.4824652314814815f,0.0059545534082126594f,0.44729451842995205f,-0.894366902940972f,0.05929250484977263f,0f,0f,0f,1f], start_interpolation: 0, interpolation_duration: 1 }
$data merge entity $(bone_body) { transformation: [-0.9908004033648453f,0f,-0.135331299750131f,-6.403984274441296e-18f,0f,1f,0f,0.5475658564814814f,0.135331299750131f,0f,-0.9908004033648453f,0.0522925f,0f,0f,0f,1f], start_interpolation: 0, interpolation_duration: 1 }
$data merge entity $(bone_shoe_right) { transformation: [-0.6132959861871541f,-0.028071916834349897f,0.7893541669060671f,-0.37787944842355087f,-0.023860203263159907f,0.9995705921279078f,0.01700946951860286f,0.24569297892253866f,-0.7894927004266518f,-0.008402311486069222f,-0.6137024337044168f,0.29707579199557665f,0f,0f,0f,1f], start_interpolation: 0, interpolation_duration: 1 }
$data merge entity $(bone_lowerleg_right) { transformation: [-0.6132959861871541f,-0.028071916834349897f,0.7893541669060671f,-0.3718505352062314f,-0.023860203263159907f,0.9995705921279078f,0.01700946951860286f,0.5546397856900778f,-0.7894927004266518f,-0.008402311486069222f,-0.6137024337044168f,0.28040174057354783f,0f,0f,0f,1f], start_interpolation: 0, interpolation_duration: 1 }
$data merge entity $(bone_leg_right) { transformation: [-0.6132959861871541f,0.7898273564602204f,-0.006385946584966666f,-0.125f,-0.023860203263159907f,-0.026607376584414366f,-0.9993611650507217f,0.5435988923182441f,-0.7894927004266518f,-0.6127518212933806f,0.0351636385301366f,0.08897627914951987f,0f,0f,0f,1f], start_interpolation: 0, interpolation_duration: 1 }
$data merge entity $(bone_shoe_left) { transformation: [-0.47500998265914995f,0.00721844010697531f,-0.879950800043148f,0.7481930323484964f,0f,0.9999663551946485f,0.008202955487521757f,0.25427989089966274f,0.8799804068126483f,0.003896485743881517f,-0.4749940010407433f,0.36122155745277323f,0f,0f,0f,1f], start_interpolation: 0, interpolation_duration: 1 }
$data merge entity $(bone_lowerleg_left) { transformation: [-0.47500998265914995f,-0.7319328500648951f,-0.4885077475025692f,0.4275772771564795f,0f,0.5551348004121809f,-0.8317603942069663f,0.4691747879058148f,0.8799804068126483f,-0.3950944904288187f,-0.2636945719172807f,0.18966369304437639f,0f,0f,0f,1f], start_interpolation: 0, interpolation_duration: 1 }
$data merge entity $(bone_leg_left) { transformation: [-0.47500998265914995f,-0.7319328500648951f,-0.4885077475025692f,0.192f,0f,0.5551348004121809f,-0.8317603942069663f,0.627f,0.8799804068126483f,-0.3950944904288187f,-0.2636945719172807f,0.06250000000000003f,0f,0f,0f,1f], start_interpolation: 0, interpolation_duration: 1 }