# This file was generated by Animated Java via MC-Build. It is not recommended to edit this file directly.
$data merge entity $(bone_hammer) { transformation: [-0.9869710159310082f,1.5521411869895272f,0.9782758952057609f,-0.4777960215603008f,1.2407953121000992f,1.3829638580504078f,-0.9423989275113422f,0.7049122258107664f,-1.3515150701935619f,0.13618546455056335f,-1.5796006812047838f,0.6876919870585421f,0f,0f,0f,1f], start_interpolation: 0, interpolation_duration: 1 }
$data merge entity $(bone_hand_left) { transformation: [-0.4737460876468839f,0.46957242969876534f,-0.7450277697549729f,0.32835529267825886f,0.5955817498080476f,-0.4523514852054441f,-0.6638226518641958f,1.325522914418158f,-0.6487272336929096f,-0.7582083269782962f,-0.06536902298427057f,0.734265288022747f,0f,0f,0f,1f], start_interpolation: 0, interpolation_duration: 1 }
$data merge entity $(bone_lowerarm_left) { transformation: [-0.4737460876468839f,0.46957242969876534f,-0.7450277697549729f,0.5359943514356816f,0.5955817498080476f,-0.4523514852054441f,-0.6638226518641958f,1.1254987420538756f,-0.6487272336929096f,-0.7582083269782962f,-0.06536902298427057f,0.39899504343703174f,0f,0f,0f,1f], start_interpolation: 0, interpolation_duration: 1 }
$data merge entity $(bone_arm_left) { transformation: [-0.376710828204174f,-0.3913748072809552f,-0.8395919914693806f,0.3421415172043335f,0.6758426867044569f,0.5037249371782956f,-0.5380500445988493f,1.375f,0.633502655670698f,-0.7701213851663369f,0.07474916298966858f,0.017544294846830483f,0f,0f,0f,1f], start_interpolation: 0, interpolation_duration: 1 }
$data merge entity $(bone_bread) { transformation: [-0.000006857724627071099f,-0.0000013450286890283987f,-0.0000071527974083538195f,-0.21173384453081195f,0.000006323968628424559f,0.000003763496406521426f,-0.000006770783971210597f,0.8625183091355251f,0.0000036026426031407223f,-0.000009166623839985522f,-0.0000017303102757148965f,0.8230750732429346f,0f,0f,0f,1f], start_interpolation: 0, interpolation_duration: 1 }
$data merge entity $(bone_hand_right) { transformation: [-0.6857724627071099f,-0.13450286890283986f,-0.7152797408353819f,-0.1946071584180798f,0.6323968628424559f,0.37634964065214255f,-0.6770783971210597f,1.0690043965959672f,0.3602642603140722f,-0.9166623839985522f,-0.17303102757148964f,0.666700571459317f,0f,0f,0f,1f], start_interpolation: 0, interpolation_duration: 1 }
$data merge entity $(bone_lowerarm_right) { transformation: [-0.3923466731882583f,-0.6852639528325962f,-0.6135775443954509f,-0.4976223125612434f,0.9013345825058239f,-0.1533721301156543f,-0.4050592056512715f,1.0011851578104514f,0.1834667774207589f,-0.7119622915941773f,0.6778271438433323f,0.35187974564501673f,0f,0f,0f,1f], start_interpolation: 0, interpolation_duration: 1 }
$data merge entity $(bone_arm_right) { transformation: [-0.3609889431417197f,0.4114473536998137f,-0.8368978779175178f,-0.2938272951818044f,0.8559843335896808f,0.5023391135688047f,-0.1222547979751204f,1.25f,0.37010512503673093f,-0.7605041026268877f,-0.533531354569924f,-0.024807442687363644f,0f,0f,0f,1f], start_interpolation: 0, interpolation_duration: 1 }
$data merge entity $(bone_uppertail) { transformation: [-0.9914448613738104f,-0.004555298414973687f,-0.13044667919045067f,-0.05046683377777921f,0f,0.9993908270190957f,-0.03489949670250092f,0.13657230804436865f,0.13052619222005146f,-0.03460092667022696f,-0.9908408999522049f,-0.49863204468872935f,0f,0f,0f,1f], start_interpolation: 0, interpolation_duration: 1 }
$data merge entity $(bone_middletail) { transformation: [-0.9914448613738104f,-0.08818221730122613f,-0.09623400338396587f,-0.013988036012941399f,0f,0.737277336810124f,-0.6755902076156601f,0.39269017318347327f,0.13052619222005146f,-0.669810439735012f,-0.7309698269877654f,-0.2215480665391933f,0f,0f,0f,1f], start_interpolation: 0, interpolation_duration: 1 }
$data merge entity $(bone_tail) { transformation: [-0.9914448613738104f,-0.11008467397291982f,-0.07013167195883589f,0.007928111474194819f,0f,0.5372996083468238f,-0.8433914458128856f,0.65625f,0.13052619222005146f,-0.8361761150778139f,-0.5327029357136193f,-0.05507839912868729f,0f,0f,0f,1f], start_interpolation: 0, interpolation_duration: 1 }
$data merge entity $(bone_hair) { transformation: [-0.6872639579205106f,0.13288419028813017f,0.00452749308981186f,0.13051612152706543f,0.12659256326077403f,0.649263193716684f,0.3271136238088909f,1.744444765792866f,0.04052869440903901f,0.2253865507440041f,-0.9449741683902989f,0.44514744736357614f,0f,0f,0f,1f], start_interpolation: 0, interpolation_duration: 1 }
$data merge entity $(bone_ear_left) { transformation: [-0.5377258750615233f,0.4224801651608968f,-0.7555639785485253f,0.1237981763556703f,-0.21650790765799277f,0.9088351338481095f,0.5526103717093418f,1.8810403493109167f,0.8148467397068463f,0.5202800589167578f,-0.35177386400809607f,0.27486139139278565f,0f,0f,0f,1f], start_interpolation: 0, interpolation_duration: 1 }
$data merge entity $(bone_ear_right) { transformation: [-0.5318401971593643f,-0.3901186657796203f,0.7731716868272438f,-0.10845671643416048f,0.2347328641255107f,0.9226814764949884f,0.5265613583052764f,1.8849978750967464f,-0.8136623914037829f,0.5211798631191268f,-0.35346665843954317f,0.27511857109892823f,0f,0f,0f,1f], start_interpolation: 0, interpolation_duration: 1 }
$data merge entity $(bone_head) { transformation: [-0.9998542451575062f,0.016461781399202242f,0.00452749308981186f,0.0009221675480346575f,0.017037096225407635f,0.9448314211915381f,0.3271136238088909f,1.50098375f,0.0011071552373610183f,0.3271430807496061f,-0.9449741683902989f,0.05929705794560597f,0f,0f,0f,1f], start_interpolation: 0, interpolation_duration: 1 }
$data merge entity $(bone_body) { transformation: [-0.9914448613738104f,0f,-0.13052619222005146f,-6.403984274441296e-18f,0f,1f,0f,0.566084375f,0.13052619222005146f,0f,-0.9914448613738104f,0.0522925f,0f,0f,0f,1f], start_interpolation: 0, interpolation_duration: 1 }
$data merge entity $(bone_shoe_right) { transformation: [-0.6102203323729771f,-0.02888555377812019f,0.7917049770852426f,-0.3787731936234263f,-0.023893274934867703f,0.9995515045935616f,0.018052730475844436f,0.25394884886938984f,-0.7918713641567676f,-0.007900281493591281f,-0.610636821835059f,0.2959739159084669f,0f,0f,0f,1f], start_interpolation: 0, interpolation_duration: 1 }
$data merge entity $(bone_lowerleg_right) { transformation: [-0.6102203323729771f,-0.02888555377812019f,0.7917049770852426f,-0.37259763298491716f,-0.023893274934867703f,0.9995515045935616f,0.018052730475844436f,0.5504166475401288f,-0.7918713641567676f,-0.007900281493591281f,-0.610636821835059f,0.2796231992713235f,0f,0f,0f,1f], start_interpolation: 0, interpolation_duration: 1 }
$data merge entity $(bone_leg_right) { transformation: [-0.6102203323729771f,0.7922114195340272f,-0.005675624943107476f,-0.125f,-0.023893274934867703f,-0.02556427599388189f,-0.9993876020872958f,0.539701712962963f,-0.7918713641567676f,-0.6097110254479493f,0.03452836624732947f,0.08914643518518517f,0f,0f,0f,1f], start_interpolation: 0, interpolation_duration: 1 }
$data merge entity $(bone_shoe_left) { transformation: [-0.4960649668394209f,-0.00280356638163326f,-0.8682808812188301f,0.7330074272157261f,-5.551115123125783e-17f,0.9999947872389325f,-0.0032288535057640178f,0.25368211369184146f,0.8682854073831968f,-0.0016017211072660298f,-0.49606238097127486f,0.3709133415289859f,0f,0f,0f,1f], start_interpolation: 0, interpolation_duration: 1 }
$data merge entity $(bone_lowerleg_left) { transformation: [-0.4960649668394209f,-0.7114315677331067f,-0.497779743568798f,0.42071440586507236f,-5.551115123125783e-17f,0.5732904634076328f,-0.8193522103258534f,0.4719274955860674f,0.8682854073831968f,-0.4064519270451006f,-0.2843893147196637f,0.19402507302361477f,0f,0f,0f,1f], start_interpolation: 0, interpolation_duration: 1 }
$data merge entity $(bone_leg_left) { transformation: [-0.4960649668394209f,-0.7114315677331067f,-0.497779743568798f,0.1905f,-5.551115123125783e-17f,0.5732904634076328f,-0.8193522103258534f,0.63675f,0.8682854073831968f,-0.4064519270451006f,-0.2843893147196637f,0.06250000000000003f,0f,0f,0f,1f], start_interpolation: 0, interpolation_duration: 1 }