# This file was generated by Animated Java via MC-Build. It is not recommended to edit this file directly.
$data merge entity $(bone_hammer) { transformation: [-1.2153861911311319f,1.3406535379034823f,1.0323576296479893f,-0.31411380637685404f,0.8664764147236489f,1.5848865254028408f,-1.0380901223409948f,0.6860533377487568f,-1.453386668066413f,-0.17624009385258116f,-1.4821890568289267f,0.8027989910264128f,0f,0f,0f,1f], start_interpolation: 0, interpolation_duration: 1 }
$data merge entity $(bone_hand_left) { transformation: [-0.5833853717429432f,0.49553166223103495f,-0.6435136981936713f,0.39521940053960813f,0.41590867906735146f,-0.4982832587236773f,-0.7607455321933636f,1.4098666963520494f,-0.6976256006718782f,-0.7114507472778847f,0.0845952450492388f,0.7020653615969668f,0f,0f,0f,1f], start_interpolation: 0, interpolation_duration: 1 }
$data merge entity $(bone_lowerarm_left) { transformation: [-0.5833853717429432f,0.49553166223103495f,-0.6435136981936713f,0.6143373074323939f,0.41590867906735146f,-0.4982832587236773f,-0.7607455321933636f,1.1895320678851733f,-0.6976256006718782f,-0.7114507472778847f,0.0845952450492388f,0.3874707342850272f,0f,0f,0f,1f], start_interpolation: 0, interpolation_duration: 1 }
$data merge entity $(bone_arm_left) { transformation: [-0.3915851951928226f,-0.5495435512490807f,-0.7380128184431134f,0.3421415172043335f,0.6742245857130146f,0.37444629827599063f,-0.636561998337571f,1.375f,0.6261647091028948f,-0.7468546411370532f,0.22388814637253657f,0.017544294846830483f,0f,0f,0f,1f], start_interpolation: 0, interpolation_duration: 1 }
$data merge entity $(bone_bread) { transformation: [-0.000007665882804290838f,-0.0000030055799083594707f,-0.0000056745687276958685f,-0.06713710041915581f,0.000004882515333234372f,0.0000030115198440001104f,-0.000008190957956791428f,0.9001874912510874f,0.000004170765499474803f,-0.000009049709257410394f,-8.411168199074821e-7f,0.8035231125483328f,0f,0f,0f,1f], start_interpolation: 0, interpolation_duration: 1 }
$data merge entity $(bone_hand_right) { transformation: [-0.7665882804290838f,-0.30055799083594703f,-0.5674568727695868f,-0.10986381934513861f,0.4882515333234372f,0.301151984400011f,-0.8190957956791427f,1.0989671831311976f,0.4170765499474802f,-0.9049709257410393f,-0.0841116819907482f,0.6421419671630414f,0f,0f,0f,1f], start_interpolation: 0, interpolation_duration: 1 }
$data merge entity $(bone_lowerarm_right) { transformation: [-0.5007696622812603f,-0.7195037204756557f,-0.4811903381827215f,-0.4280193707429676f,0.8453896085411512f,-0.2871772470105006f,-0.4503838791188123f,0.9719809942187418f,0.1858659600608778f,-0.6323318946733267f,0.7520706215971268f,0.36253270748717975f,0f,0f,0f,1f], start_interpolation: 0, interpolation_duration: 1 }
$data merge entity $(bone_arm_right) { transformation: [-0.42483737862099263f,0.2709240642244303f,-0.8637785324668356f,-0.2938272951818044f,0.7987153777097385f,0.5613002009463888f,-0.2167852158878304f,1.25f,0.42610673209471006f,-0.782011659658384f,-0.45485252227717354f,-0.024807442687363644f,0f,0f,0f,1f], start_interpolation: 0, interpolation_duration: 1 }
$data merge entity $(bone_hair) { transformation: [-0.6872115936073677f,0.1331811630652549f,0.0024757667161030283f,0.13125400902955447f,0.13060001126532778f,0.6719905607279728f,0.2088468013367048f,1.7898945969481757f,0.026150768040694838f,0.14384527832741162f,-0.9779452357625116f,0.41213202750579037f,0f,0f,0f,1f], start_interpolation: 0, interpolation_duration: 1 }
$data merge entity $(bone_ear_left) { transformation: [-0.4472035486570195f,0.19057801215535902f,-0.878232364926217f,0.14006518943486881f,-0.1622691932605117f,1.0686350139326042f,0.2659804868592103f,1.9007370706361684f,0.8795895036817751f,0.29403909875012224f,-0.3974447053443301f,0.2107937242036479f,0f,0f,0f,1f], start_interpolation: 0, interpolation_duration: 1 }
$data merge entity $(bone_ear_right) { transformation: [-0.44336185388055727f,-0.15340834285244193f,0.8859021873720249f,-0.12418503920000203f,0.1774440535279314f,1.0744963968880488f,0.23592037533031746f,1.905239783501211f,-0.8786033657977712f,0.2944200005629336f,-0.39939816087892044f,0.21108633287738598f,0f,0f,0f,1f], start_interpolation: 0, interpolation_duration: 1 }
$data merge entity $(bone_head) { transformation: [-0.9998542451575062f,0.016892572914770906f,0.0024757667161030283f,0.0009221675480346575f,0.01703709622540764f,0.9777999544506193f,0.2088468013367048f,1.50098375f,0.001107155237361046f,0.20885854077984453f,-0.9779452357625116f,0.05929705794560597f,0f,0f,0f,1f], start_interpolation: 0, interpolation_duration: 1 }
$data merge entity $(bone_shoe_right) { transformation: [-0.6126815928470938f,-0.028234346772940986f,0.7898253524980401f,-0.3783901167826691f,-0.023866969251483627f,0.999566859195533f,0.017218065417655748f,0.2532762511504588f,-0.789969387739232f,-0.008301545656278095f,-0.6130900837353515f,0.2967452323509728f,0f,0f,0f,1f], start_interpolation: 0, interpolation_duration: 1 }
$data merge entity $(bone_lowerleg_right) { transformation: [-0.6126815928470938f,-0.028234346772940986f,0.7898253524980401f,-0.37200026939233916f,-0.023866969251483627f,0.999566859195533f,0.017218065417655748f,0.5537951770147742f,-0.789969387739232f,-0.008301545656278095f,-0.6130900837353515f,0.28024627929970325f,0f,0f,0f,1f], start_interpolation: 0, interpolation_duration: 1 }
$data merge entity $(bone_leg_right) { transformation: [-0.6126815928470938f,0.7903051786823271f,-0.006244224070542819f,-0.125f,-0.023866969251483627f,-0.026398816394213043f,-0.999366534496595f,0.5428194564471879f,-0.789969387739232f,-0.612144449489563f,0.03503625827658374f,0.08901031035665294f,0f,0f,0f,1f], start_interpolation: 0, interpolation_duration: 1 }
$data merge entity $(bone_shoe_left) { transformation: [-0.5236885652664962f,-0.006244768978674986f,-0.8518868994587967f,0.7122804417029338f,0f,0.999973132863883f,-0.007330317209460591f,0.251571539442501f,0.8519097878350258f,-0.0038388033023707413f,-0.5236744952545302f,0.3829209024570125f,0f,0f,0f,1f], start_interpolation: 0, interpolation_duration: 1 }
$data merge entity $(bone_lowerleg_left) { transformation: [-0.5236885652664962f,-0.6833957872022479f,-0.5086457358941867f,0.4112159051869665f,0f,0.5970652563891976f,-0.8021926698823056f,0.47565654747415864f,0.8519097878350258f,-0.42009912835796465f,-0.3126762474889316f,0.19940859585707432f,0f,0f,0f,1f], start_interpolation: 0, interpolation_duration: 1 }
$data merge entity $(bone_leg_left) { transformation: [-0.5236885652664962f,-0.6833957872022479f,-0.5086457358941867f,0.1885f,0f,0.5970652563891976f,-0.8021926698823056f,0.64975f,0.8519097878350258f,-0.42009912835796465f,-0.3126762474889316f,0.06250000000000003f,0f,0f,0f,1f], start_interpolation: 0, interpolation_duration: 1 }