# This file was generated by Animated Java via MC-Build. It is not recommended to edit this file directly.
$data merge entity $(bone_hammer) { transformation: [0.000008399956588865281f,-0.000018079537940098774f,-0.000006049695443200916f,0.9581336481080109f,-0.000001156511564355661f,0.000006115476246208719f,-0.000019881931723586286f,8.023047868278956f,0.00001902973956953874f,0.00000835218749384638f,0.0000014621059335580282f,-0.3231854110101009f,0f,0f,0f,1f], start_interpolation: 0, interpolation_duration: 1 }
$data merge entity $(bone_hand_left) { transformation: [0.40319791626553336f,-0.24138699968219862f,0.8827025301332033f,0.503120050071383f,-0.05551255508907171f,-0.969258594116821f,-0.23970009169411466f,8.107476415473572f,0.9134274993378594f,0.04764550466844201f,-0.4042030545880059f,-0.17192431941289663f,0f,0f,0f,1f], start_interpolation: 0, interpolation_duration: 1 }
$data merge entity $(bone_lowerarm_left) { transformation: [0.40319791626553336f,-0.16458338554095348f,0.9001909517002546f,0.43034333427749266f,-0.05551255508907171f,-0.9862812947525709f,-0.15545920316493228f,7.671355155450169f,0.9134274993378594f,0.012708926983456797f,-0.4068030071524965f,-0.1663045907623993f,0f,0f,0f,1f], start_interpolation: 0, interpolation_duration: 1 }
$data merge entity $(bone_arm_left) { transformation: [0.40319791626553336f,-0.44484984724315213f,0.7997124819126413f,0.21000364431486884f,-0.05551255508907171f,-0.8841753596797465f,-0.46384511376393117f,7.233412047608795f,0.9134274993378594f,0.14262730013197256f,-0.3811924142876524f,-0.09565950616578164f,0f,0f,0f,1f], start_interpolation: 0, interpolation_duration: 1 }
$data merge entity $(bone_bread) { transformation: [0.000003667064217042156f,0.000001939531659525888f,-0.000009098948124359529f,-0.6822033080345193f,2.5644911869163213e-7f,-0.000009797631220326672f,-0.0000019851086418638243f,8.295382933403097f,-0.000009299831927385103f,4.946103640007116e-7f,-0.0000036425934044594894f,-0.17015238913499903f,0f,0f,0f,1f], start_interpolation: 0, interpolation_duration: 1 }
$data merge entity $(bone_hand_right) { transformation: [0.3667064217042156f,0.1939531659525888f,-0.9098948124359528f,-0.5031200500713829f,0.025644911869163213f,-0.9797631220326671f,-0.19851086418638242f,8.107476415473572f,-0.9299831927385103f,0.04946103640007116f,-0.36425934044594893f,-0.17192431941289674f,0f,0f,0f,1f], start_interpolation: 0, interpolation_duration: 1 }
$data merge entity $(bone_lowerarm_right) { transformation: [0.4031979162655336f,0.16458338554095353f,-0.9001909517002544f,-0.4303433342774926f,0.05551255508907171f,-0.9862812947525709f,-0.15545920316493228f,7.671355155450169f,-0.9134274993378593f,0.012708926983456839f,-0.4068030071524968f,-0.16630459076239942f,0f,0f,0f,1f], start_interpolation: 0, interpolation_duration: 1 }
$data merge entity $(bone_arm_right) { transformation: [0.4031979162655336f,0.44484984724315213f,-0.7997124819126411f,-0.2100036443148688f,0.05551255508907171f,-0.8841753596797465f,-0.46384511376393117f,7.233412047608795f,-0.9134274993378593f,0.14262730013197267f,-0.3811924142876526f,-0.0956595061657817f,0f,0f,0f,1f], start_interpolation: 0, interpolation_duration: 1 }
$data merge entity $(bone_uppertail) { transformation: [-1f,-1.2166021009725782e-16f,1.401396109990561e-17f,0.021875000000000075f,0f,0.11443267650446382f,0.9934310054291767f,7.018104043289076f,-1.2246467991473532e-16f,0.9934310054291767f,-0.11443267650446382f,-0.5853653179100506f,0f,0f,0f,1f], start_interpolation: 0, interpolation_duration: 1 }
$data merge entity $(bone_middletail) { transformation: [-1f,-8.369109900183735e-17f,8.940580391945056e-17f,0.02187500000000004f,0f,0.7300537916866999f,0.6833896847654878f,6.7590579721432835f,-1.2246467991473532e-16f,0.6833896847654878f,-0.7300537916866999f,-0.30860237331507445f,0f,0f,0f,1f], start_interpolation: 0, interpolation_duration: 1 }
$data merge entity $(bone_tail) { transformation: [-1f,-7.313500109875e-17f,9.822865895910631e-17f,0.02187500000000001f,0f,0.8020978704022819f,0.5971926040199461f,6.57243528338705f,-1.2246467991473532e-16f,0.5971926040199461f,-0.8020978704022819f,-0.05794678881436138f,0f,0f,0f,1f], start_interpolation: 0, interpolation_duration: 1 }
$data merge entity $(bone_hair) { transformation: [-0.688790336113716f,0.12464612580550517f,-0.007981636836915105f,0.12887502035238016f,0.11202669131708275f,0.6316154559328387f,0.4002854498298788f,7.634826497884728f,0.05493535572744678f,0.274818593163618f,-0.9163557454001667f,0.25975427592811895f,0f,0f,0f,1f], start_interpolation: 0, interpolation_duration: 1 }
$data merge entity $(bone_ear_left) { transformation: [-0.3957780606065152f,0.46019794928648877f,-0.8452267888888612f,0.1329873927264653f,0.050795245981610726f,1.1886657687994442f,0.3702801151825468f,7.783871655418f,0.9169403305167754f,0.13278691938328485f,-0.38533662120933226f,0.08623945004200936f,0f,0f,0f,1f], start_interpolation: 0, interpolation_duration: 1 }
$data merge entity $(bone_ear_right) { transformation: [-0.4125166188538556f,-0.4555072486151385f,0.8387454851434912f,-0.1281134492011338f,-0.050049411304156355f,1.1895107139763395f,0.3687262698464826f,7.784112580005494f,-0.9095741286984202f,0.1411319814816318f,-0.40068310305840027f,0.08861893062681933f,0f,0f,0f,1f], start_interpolation: 0, interpolation_duration: 1 }
$data merge entity $(bone_head) { transformation: [-0.9999580511486302f,0.004493263450653365f,-0.007981636836915105f,1.7532222464559252e-17f,0.0009226874919481421f,0.9163900410318107f,0.4002854498298788f,7.420353841319023f,0.00911288049003058f,0.4002612937585637f,-0.9163557454001667f,-0.14316146073109295f,0f,0f,0f,1f], start_interpolation: 0, interpolation_duration: 1 }
$data merge entity $(bone_body) { transformation: [-1f,2.822208655406883e-17f,1.1916841719664328e-16f,-8.010663748541321e-18f,0f,0.9730839722899122f,-0.2304508252805474f,6.50899010872206f,-1.2246467991473532e-16f,-0.2304508252805474f,-0.9730839722899122f,0.06541203352769678f,0f,0f,0f,1f], start_interpolation: 0, interpolation_duration: 1 }
$data merge entity $(bone_shoe_right) { transformation: [-0.999771640780308f,0.014451219126640005f,-0.0157425714927615f,-0.12941970563613053f,0f,0.7366754489921693f,0.6762464660552288f,5.702792657690239f,0.02136975178730143f,0.676092038939921f,-0.7365072223614713f,-0.08212364309896616f,0f,0f,0f,1f], start_interpolation: 0, interpolation_duration: 1 }
$data merge entity $(bone_lowerleg_right) { transformation: [-0.999771640780308f,0.002808177634235631f,-0.021184438388247438f,-0.12696713903056078f,0f,0.9913282381143932f,0.13140899633211167f,6.136542641448419f,0.02136975178730143f,0.1313789878762488f,-0.9911018591714787f,-0.029531476818340646f,0f,0f,0f,1f], start_interpolation: 0, interpolation_duration: 1 }
$data merge entity $(bone_leg_right) { transformation: [-0.999771640780308f,0.00505155819024705f,-0.020764104875997443f,-0.125f,0f,0.971658682920974f,0.23638824823640875f,6.503656462585034f,0.02136975178730143f,0.23633426680049713f,-0.9714367957023352f,0.062499999999999986f,0f,0f,0f,1f], start_interpolation: 0, interpolation_duration: 1 }
$data merge entity $(bone_shoe_left) { transformation: [-0.999771640780308f,-0.009618249211408414f,0.019082860727839643f,0.12094169920858551f,0f,0.8929846690675672f,0.4500870813634705f,6.465419102524912f,-0.02136975178730167f,0.44998429982877675f,-0.8927807477853419f,0.34795163779109023f,0f,0f,0f,1f], start_interpolation: 0, interpolation_duration: 1 }
$data merge entity $(bone_lowerleg_left) { transformation: [-0.999771640780308f,-0.0008207725844782843f,0.0213539837926194f,0.1193531812955668f,0f,0.9992621348699218f,0.03840814777109425f,6.908366977294956f,-0.02136975178730167f,0.038399376916439354f,-0.999033944148535f,0.36011977913853144f,0f,0f,0f,1f], start_interpolation: 0, interpolation_duration: 1 }
$data merge entity $(bone_leg_left) { transformation: [-0.999771640780308f,0.014811790753582603f,-0.015403802975985119f,0.12499999999999999f,0f,-0.7208227371708809f,-0.693119456931833f,6.637402818270164f,-0.02136975178730167f,-0.6929611767134946f,0.7206581306530842f,0.0959365889212828f,0f,0f,0f,1f], start_interpolation: 0, interpolation_duration: 1 }