# This file was generated by Animated Java via MC-Build. It is not recommended to edit this file directly.
$data merge entity $(bone_hammer) { transformation: [-1.3281656547190395f,1.1051958336956598f,1.1639570183577563f,-0.18272497176520242f,0.5101606119276023f,1.723112960758734f,-1.0539903473375376f,0.6675241998961391f,-1.5218376790709895f,-0.38691300239821835f,-1.36915528151952f,0.857906146752712f,0f,0f,0f,1f], start_interpolation: 0, interpolation_duration: 1 }
$data merge entity $(bone_hand_left) { transformation: [-0.6375195142651389f,0.5586993688117231f,-0.5304940001739166f,0.41807128706843266f,0.24487709372524907f,-0.5059153667220178f,-0.8270942211641924f,1.4655147813625728f,-0.7304820859540749f,-0.6571945351293695f,0.18571824115114466f,0.6592568882910433f,0f,0f,0f,1f], start_interpolation: 0, interpolation_duration: 1 }
$data merge entity $(bone_lowerarm_left) { transformation: [-0.6375195142651389f,0.5586993688117231f,-0.5304940001739166f,0.6651211642148664f,0.24487709372524907f,-0.5059153667220178f,-0.8270942211641924f,1.2418053301401806f,-0.7304820859540749f,-0.6571945351293695f,0.18571824115114466f,0.36865367978852526f,0f,0f,0f,1f], start_interpolation: 0, interpolation_duration: 1 }
$data merge entity $(bone_arm_left) { transformation: [-0.3990237000967406f,-0.652072473459751f,-0.6446561689126915f,0.3421415172043335f,0.6732852479398004f,0.2689103744803927f,-0.6887482743379155f,1.375f,0.6224685226320668f,-0.7088643733838632f,0.33172916434850097f,0.017544294846830483f,0f,0f,0f,1f], start_interpolation: 0, interpolation_duration: 1 }
$data merge entity $(bone_bread) { transformation: [-0.000008086994886490223f,-0.0000040389287908049905f,-0.000004276396605635112f,0.022766604979561622f,0.000003609674451903067f,0.00000233269200161812f,-0.000009029329896335894f,0.9326361730711353f,0.00000464443366376992f,-0.000008845654427366772f,-4.285250219617848e-7f,0.7748619273128539f,0f,0f,0f,1f], start_interpolation: 0, interpolation_duration: 1 }
$data merge entity $(bone_hand_right) { transformation: [-0.8086994886490222f,-0.403892879080499f,-0.42763966056351116f,-0.06267372278942251f,0.36096744519030666f,0.23326920016181196f,-0.9029329896335893f,1.1190908996351245f,0.4644433663769919f,-0.8845654427366771f,-0.04285250219617848f,0.61574750988729f,0f,0f,0f,1f], start_interpolation: 0, interpolation_duration: 1 }
$data merge entity $(bone_lowerarm_right) { transformation: [-0.5782517889237939f,-0.7181709342415954f,-0.3871115831604448f,-0.38023993277437795f,0.7932748927631978f,-0.3840586335432387f,-0.4724551941850542f,0.9492649726152236f,0.19063004253781463f,-0.5802839608428396f,0.7917895627441529f,0.35915319595209694f,0f,0f,0f,1f], start_interpolation: 0, interpolation_duration: 1 }
$data merge entity $(bone_arm_right) { transformation: [-0.45859302371126537f,0.17446084561276676f,-0.8713528860062594f,-0.2938272951818044f,0.7467689215281622f,0.6071622003982867f,-0.2714594633590371f,1.25f,0.4816934880637525f,-0.7751886710702042f,-0.40872228689097256f,-0.024807442687363644f,0f,0f,0f,1f], start_interpolation: 0, interpolation_duration: 1 }
$data merge entity $(bone_hair) { transformation: [-0.6871909211772911f,0.13329840224211542f,0.0005955810147368068f,0.13184967071696457f,0.13267618300046308f,0.6837651157438498f,0.09961453213617262f,1.8270808582255236f,0.012871220452371289f,0.06853322151700417f,-0.995025924421342f,0.37783598343778724f,0f,0f,0f,1f], start_interpolation: 0, interpolation_duration: 1 }
$data merge entity $(bone_ear_left) { transformation: [-0.35931339144432783f,-0.04674164183589046f,-0.932275575559361f,0.15456642982555563f,-0.09208314439296737f,1.1105976025942446f,-0.009267366054357747f,1.91001819102366f,0.9286627920012082f,0.09203816744746693f,-0.3616301524235459f,0.15186199155962407f,0f,0f,0f,1f], start_interpolation: 0, interpolation_duration: 1 }
$data merge entity $(bone_ear_right) { transformation: [-0.3580227666146829f,0.08475536459961319f,0.9306157037441602f,-0.1384920992479159f,0.10430625112077886f,1.1083569488561174f,-0.0410102507164788f,1.9150117852236974f,-0.9278684737411318f,0.09189255862490356f,-0.3636929629246806f,0.15218650014363863f,0f,0f,0f,1f], start_interpolation: 0, interpolation_duration: 1 }
$data merge entity $(bone_head) { transformation: [-0.9998542451575062f,0.017062641172113428f,0.0005955810147368068f,0.0009221675480346575f,0.017037096225407635f,0.9948802351738111f,0.09961453213617262f,1.50098375f,0.0011071552373610183f,0.09961015980678913f,-0.995025924421342f,0.05929705794560597f,0f,0f,0f,1f], start_interpolation: 0, interpolation_duration: 1 }
$data merge entity $(bone_shoe_right) { transformation: [-0.6267184995432761f,-0.024536582213233273f,0.7788593444669698f,-0.37607602247410776f,-0.023692261458584163f,0.9996420505970474f,0.012427687842395906f,0.2643332643648868f,-0.7788854852140993f,-0.010664277351194195f,-0.6270754931516412f,0.301193510772949f,0f,0f,0f,1f], start_interpolation: 0, interpolation_duration: 1 }
$data merge entity $(bone_lowerleg_right) { transformation: [-0.6267184995432761f,-0.024536582213233273f,0.7788593444669698f,-0.3685168216145436f,-0.023692261458584163f,0.9996420505970474f,0.012427687842395906f,0.5732187146632278f,-0.7788854852140993f,-0.010664277351194195f,-0.6270754931516412f,0.2837903608529745f,0f,0f,0f,1f], start_interpolation: 0, interpolation_duration: 1 }
$data merge entity $(bone_leg_right) { transformation: [-0.6267184995432761f,0.7791883136363182f,-0.009460138625588593f,-0.125f,-0.023692261458584163f,-0.0311879143943512f,-0.9992327009974746f,0.5607464814814815f,-0.7788854852140993f,-0.6260134869859605f,0.03800677616525672f,0.08822759259259258f,0f,0f,0f,1f], start_interpolation: 0, interpolation_duration: 1 }