# This file was generated by Animated Java via MC-Build. It is not recommended to edit this file directly.
$data merge entity $(bone_hammer) { transformation: [-1.3175910590784974f,1.170462059808464f,1.1109681117669883f,-0.21121234533713412f,0.6030151202501236f,1.6874394336413923f,-1.0626376147678587f,0.6787319018909707f,-1.4968648381079397f,-0.35049180035875566f,-1.405997486518075f,0.8543555111934882f,0f,0f,0f,1f], start_interpolation: 0, interpolation_duration: 1 }
$data merge entity $(bone_hand_left) { transformation: [-0.6324437083576787f,0.5332646936481544f,-0.5618217887080627f,0.419595809777703f,0.2894472577200593f,-0.510066055088572f,-0.8099709281478683f,1.4571779888950112f,-0.718495122291811f,-0.674878793528676f,0.16823606417220258f,0.6718468766204546f,0f,0f,0f,1f], start_interpolation: 0, interpolation_duration: 1 }
$data merge entity $(bone_lowerarm_left) { transformation: [-0.6324437083576787f,0.5332646936481544f,-0.5618217887080627f,0.6553987915002463f,0.2894472577200593f,-0.510066055088572f,-0.8099709281478683f,1.2316331551605333f,-0.718495122291811f,-0.674878793528676f,0.16823606417220258f,0.3734239101069933f,0f,0f,0f,1f], start_interpolation: 0, interpolation_duration: 1 }
$data merge entity $(bone_arm_left) { transformation: [-0.3990237000967404f,-0.6324437083576787f,-0.6639239734486877f,0.3421415172043335f,0.6732852479398004f,0.2894472577200592f,-0.6803728829876886f,1.375f,0.6224685226320668f,-0.7184951222918112f,0.31031870323125355f,0.017544294846830483f,0f,0f,0f,1f], start_interpolation: 0, interpolation_duration: 1 }
$data merge entity $(bone_bread) { transformation: [-0.000008002258188028746f,-0.000003872822983378824f,-0.000004578766868004928f,0.009377283187139915f,0.0000039043019913732164f,0.0000024308810633187964f,-0.000008879597018792985f,0.9309563721793286f,0.000004551954509030823f,-0.000008893371655081715f,-4.3318674068249633e-7f,0.7833670160029798f,0f,0f,0f,1f], start_interpolation: 0, interpolation_duration: 1 }
$data merge entity $(bone_hand_right) { transformation: [-0.8002258188028746f,-0.38728229833788236f,-0.45787668680049276f,-0.06812024739938993f,0.3904301991373216f,0.2430881063318796f,-0.8879597018792984f,1.1195287456204221f,0.45519545090308233f,-0.8893371655081714f,-0.04331867406824963f,0.6226890609880411f,0f,0f,0f,1f], start_interpolation: 0, interpolation_duration: 1 }
$data merge entity $(bone_lowerarm_right) { transformation: [-0.5643276653424043f,-0.7212269930834041f,-0.4017037597248285f,-0.38703780840345764f,0.8035543701243626f,-0.368302280700582f,-0.46760432449325f,0.9566700808731334f,0.1893004500344101f,-0.5866728683675608f,0.787388268351865f,0.36326965200676026f,0f,0f,0f,1f], start_interpolation: 0, interpolation_duration: 1 }
$data merge entity $(bone_arm_right) { transformation: [-0.45573077433248915f,0.1881852632866185f,-0.869997567817322f,-0.2938272951818044f,0.7593222225955734f,0.5922118241047146f,-0.2696570371102618f,1.25f,0.4644773660780773f,-0.7834994971742564f,-0.4127824055466258f,-0.024807442687363644f,0f,0f,0f,1f], start_interpolation: 0, interpolation_duration: 1 }
$data merge entity $(bone_hair) { transformation: [-0.6871940256568607f,0.13328079586357292f,0.001107078791036581f,0.13169505128061382f,0.13225860079212448f,0.6813968893575034f,0.12940950419649505f,1.8173761845243785f,0.016493441667133242f,0.08907585883891699f,-0.991590618451066f,0.3875388322352515f,0f,0f,0f,1f], start_interpolation: 0, interpolation_duration: 1 }
$data merge entity $(bone_ear_left) { transformation: [-0.38365046183759655f,0.018924287786794697f,-0.9233212118838897f,0.15064803691433945f,-0.11303897777850193f,1.1012664485006003f,0.06526309774265864f,1.9082971549280137f,0.9165339669835427f,0.1437440947041149f,-0.37844242330676553f,0.16789377327856722f,0f,0f,0f,1f], start_interpolation: 0, interpolation_duration: 1 }
$data merge entity $(bone_ear_right) { transformation: [-0.38160484696576447f,0.018924287786794697f,0.9241685333071946f,-0.13459913086883904f,0.12607860670064855f,1.1012664485006003f,0.033782648750499814f,1.91315764681379f,-0.9156865870507541f,0.1437440947041149f,-0.3804881794329867f,0.16820963221228993f,0f,0f,0f,1f], start_interpolation: 0, interpolation_duration: 1 }
$data merge entity $(bone_head) { transformation: [-0.9998542451575062f,0.01703710119309772f,0.001107078791036581f,0.0009221675480346575f,0.01703709622540763f,0.9914448636085738f,0.12940950419649505f,1.50098375f,0.0011071552373610738f,0.1294095035424857f,-0.991590618451066f,0.05929705794560597f,0f,0f,0f,1f], start_interpolation: 0, interpolation_duration: 1 }
$data merge entity $(bone_shoe_right) { transformation: [-0.6345643127862859f,-0.022482392584492864f,0.7725429923064123f,-0.37424311347708195f,-0.023575972315314386f,0.999674725549886f,0.009727107799705828f,0.26910902629541295f,-0.7725103924656652f,-0.012040976722687623f,-0.6348879494935362f,0.30386520430625874f,0f,0f,0f,1f], start_interpolation: 0, interpolation_duration: 1 }
$data merge entity $(bone_lowerleg_right) { transformation: [-0.6345643127862859f,-0.022482392584492864f,0.7725429923064123f,-0.366511615685649f,-0.023575972315314386f,0.999674725549886f,0.009727107799705828f,0.5841948825373527f,-0.7725103924656652f,-0.012040976722687623f,-0.6348879494935362f,0.28576403939907224f,0f,0f,0f,1f], start_interpolation: 0, interpolation_duration: 1 }
$data merge entity $(bone_leg_right) { transformation: [-0.6345643127862859f,0.7727883707502906f,-0.011236857709346354f,-0.125f,-0.023575972315314386f,-0.033887349344665196f,-0.9991475472040052f,0.5708791478052127f,-0.7725103924656652f,-0.6337584568173459f,0.03972293978345198f,0.08778518689986281f,0f,0f,0f,1f], start_interpolation: 0, interpolation_duration: 1 }