# This file was generated by Animated Java via MC-Build. It is not recommended to edit this file directly.
$data merge entity $(bone_hammer) { transformation: [0.000008395840316714346f,-0.00001781849238823411f,-0.000006785202440933884f,0.957473509356607f,-0.0000010235824989561599f,0.000006981991822997f,-0.000019601832741588526f,6.918542989105173f,0.00001903916810214781f,0.000008232915460019263f,0.00000193828759066119f,-0.3278604986518687f,0f,0f,0f,1f], start_interpolation: 0, interpolation_duration: 1 }
$data merge entity $(bone_hand_left) { transformation: [0.4030003352022885f,-0.2608253246248322f,0.8772461911351878f,0.4975876758963542f,-0.049131959949895665f,-0.9633131952183158f,-0.2638441555724917f,7.0259865655088305f,0.9138800689030947f,0.0632284584078264f,-0.4010303999811545f,-0.17673732812135337f,0f,0f,0f,1f], start_interpolation: 0, interpolation_duration: 1 }
$data merge entity $(bone_lowerarm_left) { transformation: [0.4030003352022885f,-0.15831229802362184f,0.9014033204516851f,0.4275839566140339f,-0.049131959949895665f,-0.9872472482556827f,-0.15142298809317156f,6.5894381729207705f,0.9138800689030947f,0.016735803119745193f,-0.40563916546064943f,-0.16933696517934105f,0f,0f,0f,1f], start_interpolation: 0, interpolation_duration: 1 }
$data merge entity $(bone_arm_left) { transformation: [0.4030003352022885f,-0.44001462467845154f,0.8024823112666876f,0.20963921282798836f,-0.049131959949895665f,-0.885975619648479f,-0.4611217321922442f,6.150603373813634f,0.9138800689030947f,0.14640468386487976f,-0.3786672526164622f,-0.09682089520251777f,0f,0f,0f,1f], start_interpolation: 0, interpolation_duration: 1 }
$data merge entity $(bone_bread) { transformation: [0.0000035403907002601257f,0.0000019696223832687065f,-0.00000914255004672321f,-0.677082482991023f,9.52140173890175e-8f,-0.000009782801394107156f,-0.0000020706837456134536f,7.213506711576075f,-0.000009351821639680918f,6.460530557021016e-7f,-0.0000034822474738039097f,-0.17594894688938012f,0f,0f,0f,1f], start_interpolation: 0, interpolation_duration: 1 }
$data merge entity $(bone_hand_right) { transformation: [0.35403907002601254f,0.19696223832687065f,-0.9142550046723208f,-0.49758767589635416f,0.00952140173890175f,-0.9782801394107156f,-0.20706837456134536f,7.0259865655088305f,-0.9351821639680917f,0.06460530557021016f,-0.34822474738039094f,-0.1767373281213535f,0f,0f,0f,1f], start_interpolation: 0, interpolation_duration: 1 }
$data merge entity $(bone_lowerarm_right) { transformation: [0.40300033520228873f,0.1583122980236219f,-0.9014033204516849f,-0.42758395661403387f,0.049131959949895665f,-0.9872472482556827f,-0.15142298809317156f,6.5894381729207705f,-0.9138800689030946f,0.016735803119745263f,-0.4056391654606496f,-0.16933696517934116f,0f,0f,0f,1f], start_interpolation: 0, interpolation_duration: 1 }
$data merge entity $(bone_arm_right) { transformation: [0.40300033520228873f,0.44001462467845154f,-0.8024823112666873f,-0.2096392128279883f,0.049131959949895665f,-0.885975619648479f,-0.4611217321922442f,6.150603373813634f,-0.9138800689030946f,0.14640468386487987f,-0.3786672526164624f,-0.09682089520251783f,0f,0f,0f,1f], start_interpolation: 0, interpolation_duration: 1 }
$data merge entity $(bone_uppertail) { transformation: [-1f,-1.2118888754078138e-16f,1.7630977376380022e-17f,0.02187500000000008f,0f,0.14396785578221738f,0.9895823646879883f,5.887194910415862f,-1.2246467991473532e-16f,0.9895823646879883f,-0.14396785578221738f,-0.6233747645501233f,0f,0f,0f,1f], start_interpolation: 0, interpolation_duration: 1 }
$data merge entity $(bone_middletail) { transformation: [-1f,-7.258247796007223e-17f,9.863762831594346e-17f,0.02187500000000004f,0f,0.8054373586295969f,0.5926809102069834f,5.662536295472284f,-1.2246467991473532e-16f,0.5926809102069834f,-0.8054373586295969f,-0.3180370806514821f,0f,0f,0f,1f], start_interpolation: 0, interpolation_duration: 1 }
$data merge entity $(bone_tail) { transformation: [-1f,-6.76551301639966e-17f,1.020802683632408e-16f,0.02187500000000001f,0f,0.8335486479392511f,0.5524460620899081f,5.489896901069188f,-1.2246467991473532e-16f,0.5524460620899081f,-0.8335486479392511f,-0.057553128170466136f,0f,0f,0f,1f], start_interpolation: 0, interpolation_duration: 1 }
$data merge entity $(bone_hair) { transformation: [-0.688763709396148f,0.12478274815659583f,-0.008307653386361554f,0.12903854446818103f,0.11211862034047741f,0.631889348594053f,0.3993496399283213f,6.552484411156434f,0.05508146323225612f,0.27412609670710086f,-0.9167610637370744f,0.25783069590527957f,0f,0f,0f,1f], start_interpolation: 0, interpolation_duration: 1 }
$data merge entity $(bone_ear_left) { transformation: [-0.4212267054330816f,0.5226583133631226f,-0.8093409609802767f,0.1289056267958529f,0.05069979571951283f,1.151277345604808f,0.4295835529623856f,6.701464102911492f,0.9055371849592879f,0.17866534456425054f,-0.4005311222660925f,0.08842848876439202f,0f,0f,0f,1f], start_interpolation: 0, interpolation_duration: 1 }
$data merge entity $(bone_ear_right) { transformation: [-0.4384365091012845f,-0.5169063783898606f,0.8024371426934856f,-0.12373916410198932f,-0.049853783890463965f,1.1523004020895045f,0.42799736977057773f,6.701712735722614f,-0.8973784194635406f,0.1885314926025442f,-0.4158279493917911f,0.09082625287457802f,0f,0f,0f,1f], start_interpolation: 0, interpolation_duration: 1 }
$data merge entity $(bone_head) { transformation: [-0.9999544826120549f,0.004692078352898719f,-0.008307653386361554f,1.773496379333189e-17f,0.0009840752826191822f,0.9167981766370166f,0.3993496399283213f,6.337607018517415f,0.009490221277494184f,0.39932328721948085f,-0.9167610637370744f,-0.14481696931457838f,0f,0f,0f,1f], start_interpolation: 0, interpolation_duration: 1 }
$data merge entity $(bone_body) { transformation: [-1f,2.851003403993559e-17f,1.190998563628869e-16f,-8.077608726628826e-18f,0f,0.9725241305967472f,-0.23280209493696782f,5.426750069849368f,-1.2246467991473532e-16f,-0.23280209493696782f,-0.9725241305967472f,0.0659586807580175f,0f,0f,0f,1f], start_interpolation: 0, interpolation_duration: 1 }
$data merge entity $(bone_shoe_right) { transformation: [-0.9997522151906539f,0.015024027204125295f,-0.016425188825397945f,-0.12955628017645415f,0f,0.7378786400083758f,0.6749334134708327f,4.62052004266381f,0.022260013957324343f,0.6747661752236545f,-0.7376958048902407f,-0.08246963953508535f,0f,0f,0f,1f], start_interpolation: 0, interpolation_duration: 1 }
$data merge entity $(bone_lowerleg_right) { transformation: [-0.9997522151906539f,0.002885861324847884f,-0.02207215498754079f,-0.1270740799909488f,0f,0.9915606984728894f,0.12964328460801944f,5.05436307437013f,0.022260013957324343f,0.12961116097145983f,-0.9913150047942632f,-0.030652055942507084f,0f,0f,0f,1f], start_interpolation: 0, interpolation_duration: 1 }
$data merge entity $(bone_leg_right) { transformation: [-0.9997522151906539f,0.0053197674165831495f,-0.021615001642695628f,-0.125f,0f,0.9710237237108075f,0.23898311235482206f,5.421343537414966f,0.022260013957324343f,0.23892389596989028f,-0.9707831187825573f,0.062499999999999986f,0f,0f,0f,1f], start_interpolation: 0, interpolation_duration: 1 }
$data merge entity $(bone_shoe_left) { transformation: [-0.9997522151906539f,-0.01004422333091499f,0.019865089958492222f,0.12072033318218099f,0f,0.892411388266703f,0.4512226879179458f,5.384391115834011f,-0.022260013957324586f,0.4511108817902474f,-0.8921902622810033f,0.3479022639941437f,0f,0f,0f,1f], start_interpolation: 0, interpolation_duration: 1 }
$data merge entity $(bone_lowerleg_left) { transformation: [-0.9997522151906539f,-0.0008096902454568494f,0.02224528316490257f,0.11914084117891655f,0f,0.9993382397490738f,0.0363742020561682f,5.827620423977338f,-0.022260013957324586f,0.036365189081446536f,-0.9990906189138654f,0.3591769931843723f,0f,0f,0f,1f], start_interpolation: 0, interpolation_duration: 1 }
$data merge entity $(bone_leg_left) { transformation: [-0.9997522151906539f,0.01535725547477736f,-0.01611405987523648f,0.12499999999999999f,0f,-0.7239016069859292f,-0.6899032275639748f,5.555454324586977f,-0.022260013957324586f,-0.6897322800242657f,0.7237222351642569f,0.09602769679300292f,0f,0f,0f,1f], start_interpolation: 0, interpolation_duration: 1 }