# This file was generated by Animated Java via MC-Build. It is not recommended to edit this file directly.
$data merge entity $(bone_hammer) { transformation: [0.000008407798634809661f,-0.000017041214111703433f,-0.000008540124208309314f,0.9924043679597527f,-0.0000019588232306042004f,0.000008512147595303435f,-0.00001891386086035301f,5.77769508266501f,0.000018960477616492584f,0.000008436121306182591f,0.0000018330094488665154f,-0.3001528569323753f,0f,0f,0f,1f], start_interpolation: 0, interpolation_duration: 1 }
$data merge entity $(bone_hand_left) { transformation: [0.40357433447086366f,-0.33023477716090993f,0.8532717905274287f,0.5361301264131972f,-0.09402351506900161f,-0.9426232292696453f,-0.32034516736691343f,5.928721300453166f,0.910102925591644f,0.04905547466644986f,-0.4114683769559702f,-0.14291559265334935f,0f,0f,0f,1f], start_interpolation: 0, interpolation_duration: 1 }
$data merge entity $(bone_lowerarm_left) { transformation: [0.40357433447086366f,-0.2020436010803675f,0.8923598712508745f,0.4467889715604722f,-0.09402351506900161f,-0.9793080733589791f,-0.17920735494949513f,5.495683511764742f,0.910102925591644f,-0.011579322795502514f,-0.4142204535185686f,-0.14803582445198563f,0f,0f,0f,1f], start_interpolation: 0, interpolation_duration: 1 }
$data merge entity $(bone_arm_left) { transformation: [0.40357433447086366f,-0.47363783131724024f,0.7828122133062957f,0.21219023323615163f,-0.09402351506900161f,-0.8725216593029296f,-0.47944293994315157f,5.06351262739126f,0.910102925591644f,0.11988810947030862f,-0.39666044173469883f,-0.0886537452299734f,0f,0f,0f,1f], start_interpolation: 0, interpolation_duration: 1 }
$data merge entity $(bone_bread) { transformation: [0.0000034365533301472153f,0.0000024982946773020155f,-0.000009052547979128227f,-0.7254156305317017f,4.179519842726723e-7f,-0.000009670779198730523f,-0.0000025102481606892272f,6.106279293515076f,-0.000009381653231062035f,4.843071285512275e-7f,-0.0000034278315678191985f,-0.13772237299400983f,0f,0f,0f,1f], start_interpolation: 0, interpolation_duration: 1 }
$data merge entity $(bone_hand_right) { transformation: [0.3436553330147215f,0.24982946773020154f,-0.9052547979128226f,-0.5361301264131971f,0.04179519842726723f,-0.9670779198730521f,-0.2510248160689227f,5.928721300453166f,-0.9381653231062034f,0.04843071285512275f,-0.34278315678191984f,-0.14291559265334947f,0f,0f,0f,1f], start_interpolation: 0, interpolation_duration: 1 }
$data merge entity $(bone_lowerarm_right) { transformation: [0.4035743344708639f,0.20204360108036756f,-0.8923598712508742f,-0.44678897156047215f,0.09402351506900161f,-0.9793080733589791f,-0.17920735494949513f,5.495683511764742f,-0.9101029255916439f,-0.0115793227955025f,-0.41422045351856884f,-0.14803582445198574f,0f,0f,0f,1f], start_interpolation: 0, interpolation_duration: 1 }
$data merge entity $(bone_arm_right) { transformation: [0.4035743344708639f,0.47363783131724024f,-0.7828122133062955f,-0.21219023323615158f,0.09402351506900161f,-0.8725216593029296f,-0.47944293994315157f,5.06351262739126f,-0.9101029255916439f,0.11988810947030873f,-0.39666044173469905f,-0.08865374522997345f,0f,0f,0f,1f], start_interpolation: 0, interpolation_duration: 1 }
$data merge entity $(bone_uppertail) { transformation: [-1f,-1.2006679083417976e-16f,2.4115629069130742e-17f,0.021875000000000085f,0f,0.1969190552404252f,0.980419749741517f,4.731359219001766f,-1.2246467991473532e-16f,0.980419749741517f,-0.1969190552404252f,-0.6678474282452918f,0f,0f,0f,1f], start_interpolation: 0, interpolation_duration: 1 }
$data merge entity $(bone_middletail) { transformation: [-1f,-5.787670928610565e-17f,1.0792536471483517e-16f,0.021875000000000044f,0f,0.8812774817194398f,0.47259919616334833f,4.552222799722378f,-1.2246467991473532e-16f,0.47259919616334833f,-0.8812774817194398f,-0.33376250226880866f,0f,0f,0f,1f], start_interpolation: 0, interpolation_duration: 1 }
$data merge entity $(bone_tail) { transformation: [-1f,-5.926574662845287e-17f,1.0716888122580455e-16f,0.02187500000000001f,0f,0.87510032525639f,0.48394154681754775f,4.400991066341894f,-1.2246467991473532e-16f,0.48394154681754775f,-0.87510032525639f,-0.060293650626186746f,0f,0f,0f,1f], start_interpolation: 0, interpolation_duration: 1 }
$data merge entity $(bone_hair) { transformation: [-0.6889456371974568f,0.12383935126047624f,-0.006014279941364721f,0.12789722252775423f,0.11149917314120822f,0.6299534817447578f,0.4058916745667742f,5.4620908433902295f,0.05405407824962804f,0.27896671112704713f,-0.9139014043944603f,0.27131124463495915f,0f,0f,0f,1f], start_interpolation: 0, interpolation_duration: 1 }
$data merge entity $(bone_ear_left) { transformation: [-0.45119108650402795f,0.5825441493536444f,-0.7660202175810995f,0.12367629924009373f,0.04161289770362825f,1.104638008983165f,0.49443825605489655f,5.612363613398488f,0.8914566563798951f,0.24327771593155234f,-0.4107844169468917f,0.10752586376978501f,0f,0f,0f,1f], start_interpolation: 0, interpolation_duration: 1 }
$data merge entity $(bone_ear_right) { transformation: [-0.46339984549964963f,-0.5778495711294321f,0.7609114310388794f,-0.11994003551202266f,-0.04107069444272177f,1.1053259332093577f,0.49353303461644504f,5.612508038153305f,-0.8851970296204645f,0.2512196617021034f,-0.4212350149935871f,0.10919321829374457f,0f,0f,0f,1f], start_interpolation: 0, interpolation_duration: 1 }
$data merge entity $(bone_head) { transformation: [-0.9999764036940401f,0.00331971262628379f,-0.006014279941364721f,1.6312696099880825e-17f,0.0005928229199962209f,0.9139210015523034f,0.4058916745667742f,5.250056204166879f,0.006844020464590768f,0.4058785316196381f,-0.9139014043944603f,-0.13320327225154516f,0f,0f,0f,1f], start_interpolation: 0, interpolation_duration: 1 }
$data merge entity $(bone_body) { transformation: [-1f,2.6490998303421298e-17f,1.1956514891684243e-16f,-7.608993880016316e-18f,0f,0.9763235326307009f,-0.21631541699913284f,4.335763675291545f,-1.2246467991473532e-16f,-0.21631541699913284f,-0.9763235326307009f,0.0621321501457726f,0f,0f,0f,1f], start_interpolation: 0, interpolation_duration: 1 }
$data merge entity $(bone_shoe_right) { transformation: [-0.9998715457999312f,0.010964323488793896f,-0.011690830171084715f,-0.1286132111643599f,0f,0.7294073690266342f,0.684079593329346f,3.5298614809600424f,0.016027847630173623f,0.6839917204324015f,-0.7293136735865217f,-0.08004078806620996f,0f,0f,0f,1f], start_interpolation: 0, interpolation_duration: 1 }
$data merge entity $(bone_lowerleg_right) { transformation: [-0.9998715457999312f,0.002275863292575269f,-0.01586544502778194f,-0.12636743182439822f,0f,0.9898674727799416f,0.1419943179576268f,3.9630242967533134f,0.016027847630173623f,0.14197607819109925f,-0.9897403201455516f,-0.02280503930316348f,0f,0f,0f,1f], start_interpolation: 0, interpolation_duration: 1 }
$data merge entity $(bone_leg_right) { transformation: [-0.9998715457999312f,0.00353869689281556f,-0.01563232305055265f,-0.125f,0f,0.9753226641064164f,0.22078428585468318f,4.330867346938776f,0.016027847630173623f,0.22075592518585596f,-0.9751973798137896f,0.062499999999999986f,0f,0f,0f,1f], start_interpolation: 0, interpolation_duration: 1 }
$data merge entity $(bone_shoe_left) { transformation: [-0.9998715457999312f,-0.0071044750665244984f,0.014367266047693339f,0.12227655260691188f,-8.673617379884035e-19f,0.8963939749867387f,0.44325821098708756f,4.2848796924564185f,-0.016027847630173866f,0.4432012726081713f,-0.8962788294157357f,0.34815142584713854f,0f,0f,0f,1f], start_interpolation: 0, interpolation_duration: 1 }
$data merge entity $(bone_lowerleg_left) { transformation: [-0.9998715457999312f,-0.0008111402907118514f,0.016007309301842517f,0.12066763978182572f,-8.673617379884035e-19f,0.998718584752909f,0.050608185791884475f,4.7261013938087135f,-0.016027847630173866f,0.050601684957861603f,-0.998590295156011f,0.3656572794059159f,0f,0f,0f,1f], start_interpolation: 0, interpolation_duration: 1 }
$data merge entity $(bone_leg_left) { transformation: [-0.9998715457999312f,0.011413848281626681f,-0.011252376062862356f,0.12499999999999999f,-8.673617379884035e-19f,-0.7020515993475467f,-0.7121260786220031f,4.462427113702624f,-0.016027847630173866f,-0.7120346030362256f,0.7019614178709457f,0.09538994169096211f,0f,0f,0f,1f], start_interpolation: 0, interpolation_duration: 1 }