# This file was generated by Animated Java via MC-Build. It is not recommended to edit this file directly.
$data merge entity $(bone_hammer) { transformation: [-0.4420449633096228f,1.154204500049949f,0.6335775944239663f,-0.5273032758506082f,1.2860455007113805f,0.521785832934891f,-0.0532809565180189f,0.8994001023901371f,-0.28230403148312877f,0.569705066057787f,-1.2348088585669783f,0.6240450977261429f,0f,0f,0f,1f], start_interpolation: 0, interpolation_duration: 1 }
$data merge entity $(bone_hand_left) { transformation: [-0.3182723735829279f,0.4561758679852552f,-0.831027240035962f,0.13367645492752941f,0.9259527605121927f,-0.03836228869297347f,-0.3756857997131209f,1.1374571199363932f,-0.20325890266785238f,-0.8890623781682228f,-0.41018764756160625f,0.882621544127501f,0f,0f,0f,1f], start_interpolation: 0, interpolation_duration: 1 }
$data merge entity $(bone_lowerarm_left) { transformation: [-0.3182723735829279f,0.4561758679852552f,-0.831027240035962f,0.33539172155225944f,0.9259527605121927f,-0.03836228869297347f,-0.3756857997131209f,1.120493795404969f,-0.20325890266785238f,-0.8890623781682228f,-0.41018764756160625f,0.4894892737812401f,0f,0f,0f,1f], start_interpolation: 0, interpolation_duration: 1 }
$data merge entity $(bone_arm_left) { transformation: [-0.645807173425048f,0.01260012227720722f,-0.7633965756219696f,0.34163271961768865f,0.43760557187114285f,0.8254426863450267f,-0.35657500617238413f,1.52934587598524f,0.6256472314492247f,-0.5643452918897307f,-0.5385906918076236f,0.20996199639210783f,0f,0f,0f,1f], start_interpolation: 0, interpolation_duration: 1 }
$data merge entity $(bone_bread) { transformation: [-0.000004982650878834808f,-0.00000608859985253464f,-0.0000061726932578382626f,0.00575314258987511f,0.000006936375895367076f,0.0000014721556285656594f,-0.0000070512018297204524f,1.0896939354541633f,0.000005201911154356381f,-0.00000779497977168624f,0.000003489757971720252f,1.0371796518222605f,0f,0f,0f,1f], start_interpolation: 0, interpolation_duration: 1 }
$data merge entity $(bone_hand_right) { transformation: [-0.4982650878834808f,-0.608859985253464f,-0.6172693257838262f,-0.08141788145405943f,0.6936375895367075f,0.14721556285656592f,-0.7051201829720452f,1.253389712046587f,0.5201911154356381f,-0.7794979771686239f,0.3489757971720252f,0.8555544393848482f,0f,0f,0f,1f], start_interpolation: 0, interpolation_duration: 1 }
$data merge entity $(bone_lowerarm_right) { transformation: [-0.278024146224039f,-0.8770820865361746f,-0.39170089046840934f,-0.4692526165942741f,0.9064521284107443f,-0.10461098927961043f,-0.40914677051343395f,1.2071320402245092f,0.31787908552785543f,-0.46881078741779375f,0.824117305111768f,0.6482521693235426f,0f,0f,0f,1f], start_interpolation: 0, interpolation_duration: 1 }
$data merge entity $(bone_arm_right) { transformation: [-0.14850851569143408f,0.3798090971700794f,-0.9130664107686671f,-0.28112842315221914f,0.8578866526010661f,0.5087562480400063f,0.07209418401780658f,1.459125369331825f,0.491910268297039f,-0.7726008864783322f,-0.40138779024383675f,0.26557329273974356f,0f,0f,0f,1f], start_interpolation: 0, interpolation_duration: 1 }
$data merge entity $(bone_uppertail) { transformation: [-0.9766583754635063f,-0.12320270315165806f,-0.17595315164301267f,-0.05733404013895117f,-0.1152440169319564f,0.9918247139400587f,-0.054795559848471675f,0.4596273011509657f,0.18126564538922307f,-0.03323899447704326f,-0.982872288269327f,-0.5922224883120262f,0f,0f,0f,1f], start_interpolation: 0, interpolation_duration: 1 }
$data merge entity $(bone_middletail) { transformation: [-0.9766583754635063f,-0.18965547155092977f,-0.10084254929234512f,-0.019110195074783655f,-0.1152440169319564f,0.8588456273727377f,-0.4991021988572233f,0.6488442267055408f,0.18126564538922307f,-0.4758308422680509f,-0.8606554335784474f,-0.26597336995438525f,0f,0f,0f,1f], start_interpolation: 0, interpolation_duration: 1 }
$data merge entity $(bone_tail) { transformation: [-0.9766583754635063f,-0.20428530370044523f,-0.06637719735723588f,0.0016326790993525572f,-0.1152440169319564f,0.7591296451761912f,-0.6406566930705219f,0.8490494432900788f,0.18126564538922307f,-0.6180531502279449f,-0.7649529850225708f,-0.026925562134831854f,0f,0f,0f,1f], start_interpolation: 0, interpolation_duration: 1 }
$data merge entity $(bone_hair) { transformation: [-0.6487036276483292f,0.19282540067096687f,-0.25555848538645265f,0.24945991336845466f,0.15493978750284926f,0.6648555129276694f,0.22113256333672843f,1.909020000676916f,0.21254944301143094f,0.10385331860738264f,-0.9411643055169007f,0.6203300523915543f,0f,0f,0f,1f], start_interpolation: 0, interpolation_duration: 1 }
$data merge entity $(bone_ear_left) { transformation: [-0.36366555149206825f,0.3804658196527857f,-0.8518385766386916f,0.2048310488114351f,0.1799988710576441f,0.9342001663708556f,0.33280928341556226f,1.9994024723563535f,0.9139736172756538f,-0.03259685246660671f,-0.4044861187019744f,0.35582049134378124f,0f,0f,0f,1f], start_interpolation: 0, interpolation_duration: 1 }
$data merge entity $(bone_ear_right) { transformation: [-0.8054212832904929f,0.0016160744078965172f,0.5927005924433149f,-0.09235363265859539f,-0.1154266377686407f,0.9894764016160955f,-0.15950215327776188f,2.012242828516051f,-0.5813546660310919f,-0.1986972181750448f,-0.7894713869527513f,0.42673840038868077f,0f,0f,0f,1f], start_interpolation: 0, interpolation_duration: 1 }
$data merge entity $(bone_head) { transformation: [-0.9604744876423262f,0.11035678110199187f,-0.25555848538645265f,0.01717078113277793f,0.05304993678738276f,0.9737998221600692f,0.22113256333672843f,1.6295383497803546f,0.273266285507498f,0.19883482397664787f,-0.9411643055169007f,0.3155676072147555f,0f,0f,0f,1f], start_interpolation: 0, interpolation_duration: 1 }
$data merge entity $(bone_body) { transformation: [-0.9594733245002574f,0.0057244228107811435f,-0.28174131851027323f,0.009828519409467816f,-0.07238148520796975f,0.9612443967626505f,0.2660265593723615f,0.7327510416666662f,0.27234511225926616f,0.27563824240459f,-0.9218740147941019f,0.05136054675008546f,0f,0f,0f,1f], start_interpolation: 0, interpolation_duration: 1 }
$data merge entity $(bone_shoe_right) { transformation: [-0.8711517994008415f,-0.15326539910836212f,0.46648071754021103f,-0.2512611611836804f,0.02146619664731092f,0.9372396399019611f,0.3480245103407824f,0.3655955044141856f,-0.49054433520546825f,0.3131957452338663f,-0.8131879735739016f,0.3406559698195921f,0f,0f,0f,1f], start_interpolation: 0, interpolation_duration: 1 }
$data merge entity $(bone_lowerleg_right) { transformation: [-0.8711517994008415f,-0.06285757822993926f,0.4869737849820489f,-0.2679827855515621f,0.02146619664731092f,0.9859483864047972f,0.16566527019045368f,0.7372812117757241f,-0.49054433520546825f,0.15477307325515033f,-0.8575613977978378f,0.3851764988350211f,0f,0f,0f,1f], start_interpolation: 0, interpolation_duration: 1 }
$data merge entity $(bone_leg_right) { transformation: [-0.8711517994008415f,0.4905991016267362f,0.020175824238803666f,-0.10791662972833939f,0.02146619664731092f,0.07910379989370109f,-0.996635234799511f,0.7420274999999995f,-0.49054433520546825f,-0.8677874799312426f,-0.07944271440735542f,0.10112463050828718f,0f,0f,0f,1f], start_interpolation: 0, interpolation_duration: 1 }
$data merge entity $(bone_shoe_left) { transformation: [-0.728977638650145f,0.3008854588521328f,-0.6148654673986822f,0.37572664294823166f,-0.08215928643896f,0.8532700971402164f,0.5149563020084003f,0.07244793484475331f,0.6795891803140333f,0.4259085371035277f,-0.5972942859449044f,0.1559946770141085f,0f,0f,0f,1f], start_interpolation: 0, interpolation_duration: 1 }
$data merge entity $(bone_lowerleg_left) { transformation: [-0.728977638650145f,-0.2125762471376117f,-0.6506941996828829f,0.26907439873987193f,-0.08215928643896f,0.9708590853743989f,-0.22512771485942512f,0.4761855342882901f,0.6795891803140333f,-0.11065249883701106f,-0.7251996762969669f,0.09235596069301527f,0f,0f,0f,1f], start_interpolation: 0, interpolation_duration: 1 }
$data merge entity $(bone_leg_left) { transformation: [-0.728977638650145f,-0.2592925105188786f,-0.6335290019698196f,0.1754433922284455f,-0.08215928643896f,0.9519357010246439f,-0.2950733345569552f,0.7916666666666663f,0.6795891803140333f,-0.16305157191372657f,-0.7152431271229128f,0.030060670337729203f,0f,0f,0f,1f], start_interpolation: 0, interpolation_duration: 1 }