# This file was generated by Animated Java via MC-Build. It is not recommended to edit this file directly.
$data merge entity $(bone_hammer) { transformation: [-0.3262801523421984f,0.47550052240066254f,0.3869025740467477f,-0.439373837624501f,0.4190247773855578f,-0.14692094475944142f,0.5339340393229552f,0.9576680834129593f,0.4474512091214927f,0.4843207362971778f,-0.21788512172248928f,0.02827223167823123f,0f,0f,0f,1f], start_interpolation: 0, interpolation_duration: 1 }
$data merge entity $(bone_hand_left) { transformation: [-0.469843419372767f,0.5571397066273185f,-0.6847207522569558f,-0.06005515409849846f,0.603395679435205f,0.7688650166250577f,0.21156616045359639f,0.8798042857777102f,0.6443297411349513f,-0.3137545752803853f,-0.6974218602679382f,0.3118274592477961f,0f,0f,0f,1f], start_interpolation: 0, interpolation_duration: 1 }
$data merge entity $(bone_lowerarm_left) { transformation: [-0.469843419372767f,0.5571397066273185f,-0.6847207522569558f,0.1863050599257689f,0.603395679435205f,0.7688650166250577f,0.21156616045359639f,1.219786785316603f,0.6443297411349513f,-0.3137545752803853f,-0.6974218602679382f,0.17308910799100072f,0f,0f,0f,1f], start_interpolation: 0, interpolation_duration: 1 }
$data merge entity $(bone_arm_left) { transformation: [-0.8212658809661649f,0.4521246317444456f,-0.3480023996049715f,0.41024804158668965f,0.1865854969733828f,0.7892411144806748f,0.5850506948397701f,1.6107077748328122f,0.53917363166244f,0.41554997362922746f,-0.7325366982866344f,0.37891620430422746f,0f,0f,0f,1f], start_interpolation: 0, interpolation_duration: 1 }
$data merge entity $(bone_bread) { transformation: [-5.391578321984702e-7f,-0.000009311393991624893f,-0.000003606556635450338f,0.24292486045021291f,0.000008564584297292205f,0.0000014257555637183496f,-0.000004961362402314704f,1.2155804891927535f,0.000005133926825204545f,-0.000003356361572485597f,0.000007897951148759223f,1.2184472190444167f,0f,0f,0f,1f], start_interpolation: 0, interpolation_duration: 1 }
$data merge entity $(bone_hand_right) { transformation: [-0.05391578321984701f,-0.9311393991624892f,-0.36065566354503376f,0.08095033837530718f,0.8564584297292205f,0.14257555637183494f,-0.4961362402314704f,1.3623145740361025f,0.5133926825204544f,-0.33563615724855966f,0.7897951148759224f,1.0783894629443322f,0f,0f,0f,1f], start_interpolation: 0, interpolation_duration: 1 }
$data merge entity $(bone_lowerarm_right) { transformation: [0.043852527468208446f,-0.9780986854921832f,-0.20346969620342245f,-0.3515526741157675f,0.9266502144709988f,0.1159360001226766f,-0.35760064862414126f,1.4135800240903484f,0.3733581870744257f,-0.1728635453588112f,0.9114394433150673f,1.001951363980983f,0f,0f,0f,1f], start_interpolation: 0, interpolation_duration: 1 }
$data merge entity $(bone_arm_right) { transformation: [0.21880689318627136f,0.3555704281272746f,-0.9086766279241247f,-0.17543419643397679f,0.8792944500904688f,0.3318880873436164f,0.34160147470333907f,1.5779683423527335f,0.42304233066475927f,-0.873739073248291f,-0.2400317027914139f,0.5691774792626888f,0f,0f,0f,1f], start_interpolation: 0, interpolation_duration: 1 }
$data merge entity $(bone_uppertail) { transformation: [-0.9616045868123517f,-0.17970862403529148f,-0.20741607717047483f,-0.10027148367246988f,-0.17347489592328968f,0.9836670999643697f,-0.04801559051069282f,0.8164714710968175f,0.2126571868191855f,-0.010190529673620469f,-0.9770737300731818f,-0.6396810959935887f,0f,0f,0f,1f], start_interpolation: 0, interpolation_duration: 1 }
$data merge entity $(bone_middletail) { transformation: [-0.9616045868123517f,-0.2231635820525983f,-0.1597330093214904f,-0.039724018627019894f,-0.17347489592328968f,0.9452792826926429f,-0.27632143998699477f,0.9212380627549895f,0.2126571868191855f,-0.23800229695852848f,-0.9476981732263782f,-0.2804310991587203f,0f,0f,0f,1f], start_interpolation: 0, interpolation_duration: 1 }
$data merge entity $(bone_tail) { transformation: [-0.9616045868123517f,-0.23623602631669374f,-0.13967518924828598f,0.003924478013069475f,-0.17347489592328968f,0.9175992092952103f,-0.35765647147117124f,1.0330057100897305f,0.2126571868191855f,-0.31969396455188687f,-0.9233486285922814f,0.008115347276367667f,0f,0f,0f,1f], start_interpolation: 0, interpolation_duration: 1 }
$data merge entity $(bone_hair) { transformation: [-0.5485163324227398f,0.2302744466688046f,-0.5270315644748618f,0.43663548890532866f,0.12538536592715174f,0.6523389665396709f,0.3153630326104856f,1.9347497250628936f,0.41642327393749307f,0.10689972846237668f,-0.7891665779224923f,0.7897724973249621f,0f,0f,0f,1f], start_interpolation: 0, interpolation_duration: 1 }
$data merge entity $(bone_ear_left) { transformation: [-0.059423217713447635f,0.4812722416130058f,-0.8757678102465161f,0.28813189018132773f,0.5696132149422664f,0.7401383560438166f,0.36435952765402146f,2.0377065809722565f,0.819761957253272f,-0.47939995241078864f,-0.31665892872894064f,0.510544212839291f,0f,0f,0f,1f], start_interpolation: 0, interpolation_duration: 1 }
$data merge entity $(bone_ear_right) { transformation: [-0.7960359509765963f,-0.3712303433635354f,0.47935180646171327f,0.003159721564424775f,-0.5545689031304483f,0.7660797073930632f,-0.33309949701594305f,2.0382996402460223f,-0.2424460691235825f,-0.5334435163095219f,-0.8119523204780053f,0.6705765731742341f,0f,0f,0f,1f], start_interpolation: 0, interpolation_duration: 1 }
$data merge entity $(bone_head) { transformation: [-0.8288141069300493f,0.18789599836325438f,-0.5270315644748618f,0.1158096196157507f,0.014575725312270402f,0.948859160199415f,0.3153630326104856f,1.6861957514807864f,0.559334179525412f,0.25369546291712997f,-0.7891665779224923f,0.5443339796796174f,0f,0f,0f,1f], start_interpolation: 0, interpolation_duration: 1 }
$data merge entity $(bone_body) { transformation: [-0.9025553975265423f,0.10005802005497341f,-0.41878651723567173f,0.01930671245834857f,-0.14479391629145708f,0.8454490923734415f,0.5140530653637877f,0.8994177083333338f,0.40549781281862374f,0.5245991086797638f,-0.748576849075437f,0.0485979054106311f,0f,0f,0f,1f], start_interpolation: 0, interpolation_duration: 1 }
$data merge entity $(bone_shoe_right) { transformation: [-0.9848219383676433f,-0.042967465807832846f,0.168165235978933f,-0.15606191086567842f,0.07975899768167827f,0.7484876618350642f,0.6583348102367764f,0.48548305785796597f,-0.15415658272876825f,0.6617552545788594f,-0.7337000279669186f,0.31604461125251415f,0f,0f,0f,1f], start_interpolation: 0, interpolation_duration: 1 }
$data merge entity $(bone_lowerleg_right) { transformation: [-0.9848219383676433f,0.02215593091690027f,0.17214779822874018f,-0.14504013058658932f,0.07975899768167827f,0.9386664143700877f,0.33547558006867917f,0.8696002707850793f,-0.15415658272876825f,0.3441140468780782f,-0.9261864125231918f,0.44638705822617264f,0f,0f,0f,1f], start_interpolation: 0, interpolation_duration: 1 }
$data merge entity $(bone_leg_right) { transformation: [-0.9848219383676433f,0.16778312065302653f,-0.044436180458377036f,-0.09003987531892879f,0.07975899768167827f,0.21008498714291401f,-0.974424343120581f,0.9022637500000005f,-0.15415658272876825f,-0.9631786555987906f,-0.22027851779121543f,0.11192030547548269f,0f,0f,0f,1f], start_interpolation: 0, interpolation_duration: 1 }
$data merge entity $(bone_shoe_left) { transformation: [-0.8636260673739273f,0.3705148572273179f,-0.34186072650432514f,0.11692249747721425f,-0.19165786534723894f,0.3858942056140314f,0.9024150512508394f,0.23537685907454237f,0.4662802573590098f,0.8448694589386786f,-0.26225620860120685f,-0.3601259185546868f,0f,0f,0f,1f], start_interpolation: 0, interpolation_duration: 1 }
$data merge entity $(bone_lowerleg_left) { transformation: [-0.8636260673739273f,0.10024972109231423f,-0.49406478236478063f,0.15153003379195754f,-0.19165786534723894f,0.8411537822261325f,0.5056951426474371f,0.6036794072367972f,0.4662802573590098f,0.5314229088659852f,-0.7072286854544505f,-0.1417933298057169f,0f,0f,0f,1f], start_interpolation: 0, interpolation_duration: 1 }
$data merge entity $(bone_leg_left) { transformation: [-0.8636260673739273f,0.027585520778504097f,-0.5033776463010883f,0.15860523149012098f,-0.19165786534723894f,0.9055639138509199f,0.3784458489421481f,0.9270833333333337f,0.4662802573590098f,0.4233119853894787f,-0.7767816196479118f,0.004241657114409873f,0f,0f,0f,1f], start_interpolation: 0, interpolation_duration: 1 }