# This file was generated by Animated Java via MC-Build. It is not recommended to edit this file directly.
$data merge entity $(bone_hammer) { transformation: [-0.000018524693708485208f,0.000002541922554640306f,0.000009187063214694733f,0.09150199373995968f,0.000002870469169590418f,-0.000017659349739843787f,0.000010674059737985724f,1.7011887140721f,0.000009089769388219768f,0.000010757033711477702f,0.00001535220166545805f,-0.4169138584411344f,0f,0f,0f,1f], start_interpolation: 0, interpolation_duration: 1 }
$data merge entity $(bone_hand_left) { transformation: [-0.88918529800729f,0.44097903430534713f,-0.12201228262273456f,0.18163730345709664f,0.13778252014034004f,0.5123548674233145f,0.8476487875125018f,1.5551764762166158f,0.4363089306345488f,0.7369056799419863f,-0.5163376181509295f,-0.284519304309821f,0f,0f,0f,1f], start_interpolation: 0, interpolation_duration: 1 }
$data merge entity $(bone_lowerarm_left) { transformation: [-0.88918529800729f,0.44097903430534713f,-0.12201228262273456f,0.3766327201889923f,0.13778252014034004f,0.5123548674233145f,0.8476487875125018f,1.7817333941553626f,0.4363089306345488f,0.7369056799419863f,-0.5163376181509295f,0.041331176039526074f,0f,0f,0f,1f], start_interpolation: 0, interpolation_duration: 1 }
$data merge entity $(bone_arm_left) { transformation: [-0.9242355264852806f,0.32602958427526496f,0.19872946877545286f,0.5381192486503344f,0.09260354253534805f,-0.31353553051499783f,0.9450502923202462f,1.6264353266971527f,0.3704231033458629f,0.8918521072924459f,0.25958918164215466f,0.48307667293281575f,0f,0f,0f,1f], start_interpolation: 0, interpolation_duration: 1 }
$data merge entity $(bone_bread) { transformation: [0.000003141429728446329f,-0.000008920459675428773f,0.0000032491257963154854f,0.6226588086646181f,0.000008964920126882158f,0.0000016610138973490464f,-0.000004107461497255509f,1.259135456545498f,0.000003124360155272878f,0.000004203145490208785f,0.000008518916692178692f,1.1879909601164365f,0f,0f,0f,1f], start_interpolation: 0, interpolation_duration: 1 }
$data merge entity $(bone_hand_right) { transformation: [0.3141429728446329f,-0.8920459675428772f,0.3249125796315485f,0.4065436166134596f,0.8964920126882158f,0.16610138973490463f,-0.41074614972555085f,1.4028441550587156f,0.3124360155272878f,0.4203145490208785f,0.8518916692178691f,1.1929755600329754f,0f,0f,0f,1f], start_interpolation: 0, interpolation_duration: 1 }
$data merge entity $(bone_lowerarm_right) { transformation: [0.3141429728446329f,-0.9349142622335819f,0.16507427081339113f,-0.006863783717952293f,0.8964920126882158f,0.2349032567805865f,-0.375662789134225f,1.5067154389163813f,0.3124360155272878f,0.2659995906502686f,0.911936376056642f,1.310597254023641f,0f,0f,0f,1f], start_interpolation: 0, interpolation_duration: 1 }
$data merge entity $(bone_arm_right) { transformation: [0.49290683327495993f,0.07621016452938767f,-0.8667380599311733f,0.030884063400510038f,0.8471757015672303f,0.18503505730273065f,0.49805156183175037f,1.59836561573664f,0.19833351805713853f,-0.9797724421473479f,0.026641644538201614f,0.8253037162725327f,0f,0f,0f,1f], start_interpolation: 0, interpolation_duration: 1 }
$data merge entity $(bone_uppertail) { transformation: [-0.95264191210643f,-0.16951178896669447f,-0.25246611792380313f,-0.1563440419498816f,-0.16810257700267398f,0.985391241613116f,-0.027306126734149283f,1.187266192103042f,0.25340661179863666f,0.01642724424461195f,-0.9672203651408828f,-0.6241603981508874f,0f,0f,0f,1f], start_interpolation: 0, interpolation_duration: 1 }
$data merge entity $(bone_middletail) { transformation: [-0.95264191210643f,-0.16951178896669447f,-0.25246611792380313f,-0.060642154675590115f,-0.16810257700267398f,0.985391241613116f,-0.027306126734149283f,1.197636524713388f,0.25340661179863666f,0.01642724424461195f,-0.9672203651408828f,-0.25750497482996787f,0f,0f,0f,1f], start_interpolation: 0, interpolation_duration: 1 }
$data merge entity $(bone_tail) { transformation: [-0.95264191210643f,-0.16951178896669447f,-0.25246611792380313f,0.018253507175598368f,-0.16810257700267398f,0.985391241613116f,-0.027306126734149283f,1.2061696893178095f,0.25340661179863666f,0.01642724424461195f,-0.9672203651408828f,0.04475138927655805f,0f,0f,0f,1f], start_interpolation: 0, interpolation_duration: 1 }
$data merge entity $(bone_hair) { transformation: [-0.3847716002127512f,0.24549783634279046f,-0.7581955323980898f,0.6671430295423417f,0.03742812471127771f,0.644360777433324f,0.3870303578930929f,1.909186577950535f,0.5835665781642363f,0.12054045319531f,-0.5247352062904884f,0.8653108301250428f,0f,0f,0f,1f], start_interpolation: 0, interpolation_duration: 1 }
$data merge entity $(bone_ear_left) { transformation: [0.2350532875396952f,0.09108109771731543f,-0.9677056296495286f,0.3927137581343008f,0.8567400738109453f,0.4508112906762901f,0.25053068898878217f,2.0312549783901264f,0.45907123406198985f,-0.8879602546496024f,0.027931849552360555f,0.6241777324545549f,0f,0f,0f,1f], start_interpolation: 0, interpolation_duration: 1 }
$data merge entity $(bone_ear_right) { transformation: [-0.39136969505616376f,-0.5233484596443357f,0.7569254597247651f,0.15235993656642363f,-0.8845627423000734f,0.44074107445969946f,-0.15263046949637515f,1.9911473502470256f,-0.25372921929927555f,-0.7292830006739571f,-0.6354272485515312f,0.8730386292795594f,0f,0f,0f,1f], start_interpolation: 0, interpolation_duration: 1 }
$data merge entity $(bone_head) { transformation: [-0.6022232956150444f,0.2499332648330991f,-0.7581955323980898f,0.28666609944282206f,-0.10718938194995588f,0.9158154500041648f,0.3870303578930929f,1.6776361923675969f,0.7910989436320475f,0.3143492081484177f,-0.5247352062904884f,0.7023074352792594f,0f,0f,0f,1f], start_interpolation: 0, interpolation_duration: 1 }
$data merge entity $(bone_body) { transformation: [-0.8233997009862281f,0.2728143455760017f,-0.49757940598835904f,0.02809673976947628f,-0.21643961393810285f,0.659576022144496f,0.7198009200677423f,1.066084375f,0.5245634622561081f,0.700379756889062f,-0.48404686777821765f,0.04410304718017033f,0f,0f,0f,1f], start_interpolation: 0, interpolation_duration: 1 }
$data merge entity $(bone_shoe_right) { transformation: [-0.9691561825909109f,0.2433828203365343f,0.03874398677017506f,-0.11186256271290718f,0.146446659464102f,0.44229831767054517f,0.8848308166636214f,0.6187704685821555f,0.19821621951197266f,0.863213183953327f,-0.4642987501292049f,0.2587396430728991f,0f,0f,0f,1f], start_interpolation: 0, interpolation_duration: 1 }
$data merge entity $(bone_lowerleg_right) { transformation: [-0.9691561825909109f,0.22608411764705702f,-0.098093147026512f,-0.012271174938851513f,0.146446659464102f,0.8484498688673321f,0.508612028908885f,0.9917207405794495f,0.19821621951197266f,0.4785590786587993f,-0.8553896998185233f,0.4634361245904076f,0f,0f,0f,1f], start_interpolation: 0, interpolation_duration: 1 }
$data merge entity $(bone_leg_right) { transformation: [-0.9691561825909109f,-0.13586198673792277f,-0.20561569566897783f,-0.07184270520493424f,0.146446659464102f,0.35355329577418104f,-0.9238795608622479f,1.0625f,0.19821621951197266f,-0.9254953201431326f,-0.32275182836901556f,0.11987441640665833f,0f,0f,0f,1f], start_interpolation: 0, interpolation_duration: 1 }
$data merge entity $(bone_shoe_left) { transformation: [-0.938319946128798f,0.2924312556543528f,-0.18449834528598968f,0.02605056637232997f,-0.27165382488521606f,-0.2933623063760913f,0.9165930158052333f,0.8503951754837474f,0.21391558644026398f,0.9101771903943313f,0.35470777262952513f,-0.7854777833562471f,0f,0f,0f,1f], start_interpolation: 0, interpolation_duration: 1 }
$data merge entity $(bone_lowerleg_left) { transformation: [-0.938319946128798f,0.1741978366453568f,-0.29868175773710604f,0.09947187323673007f,-0.27165382488521606f,0.16302001014724257f,0.9484875727793303f,0.9258327241006811f,0.21391558644026398f,0.9711228501068597f,-0.1056434185278356f,-0.3614147132779191f,0f,0f,0f,1f], start_interpolation: 0, interpolation_duration: 1 }
$data merge entity $(bone_leg_left) { transformation: [-0.938319946128798f,0.10542208803081904f,-0.32930511999067363f,0.13900515624828721f,-0.27165382488521606f,0.36444606906485044f,0.8907206420468825f,1.0625f,0.21391558644026398f,0.9252379402609906f,-0.3133287024508248f,-0.014450485680047608f,0f,0f,0f,1f], start_interpolation: 0, interpolation_duration: 1 }
execute on vehicle unless entity @s[tag=aj.transforms_only] positioned ^1.1640624219 ^-0.0007803047 ^0.2203124844 rotated ~0 ~0 run function animated_java:meowster/animations/spawn/zzz/frames/zzz/0