# This file was generated by Animated Java via MC-Build. It is not recommended to edit this file directly.
$data merge entity $(bone_hammer) { transformation: [0.000008252892173147263f,-0.000015295185057669135f,-0.000011488031276412738f,1.0654813382493864f,-0.000004396380551022971f,0.000010660069759765953f,-0.00001735115352203674f,4.580192920052217f,0.000018616911306840597f,0.000009297741905772393f,9.951817043396447e-7f,-0.23335228480025788f,0f,0f,0f,1f], start_interpolation: 0, interpolation_duration: 1 }
$data merge entity $(bone_hand_left) { transformation: [0.3961388243110685f,-0.4618477882158545f,0.793580904756136f,0.6328341901264942f,-0.21102626644910255f,-0.8869466675883242f,-0.41084489010150615f,4.798465205637777f,0.8936117427283485f,-0.004714803716967267f,-0.44881602454002667f,-0.0550961394954442f,0f,0f,0f,1f], start_interpolation: 0, interpolation_duration: 1 }
$data merge entity $(bone_lowerarm_left) { transformation: [0.3961388243110685f,-0.312134358238514f,0.8635080626609546f,0.49481227859290133f,-0.21102626644910255f,-0.9462206210104727f,-0.24522326815191775f,4.380058274784709f,0.8936117427283485f,-0.08508042537262026f,-0.4407032725955383f,-0.09271764008989972f,0f,0f,0f,1f], start_interpolation: 0, interpolation_duration: 1 }
$data merge entity $(bone_arm_left) { transformation: [0.3961388243110685f,-0.5573497107238385f,0.729681664720649f,0.21875000000000003f,-0.21102626644910255f,-0.8286865864985286f,-0.5184076159027458f,3.969599449909656f,0.8936117427283485f,0.05137938607525347f,-0.44589035865841886f,-0.06726878792450072f,0f,0f,0f,1f], start_interpolation: 0, interpolation_duration: 1 }
$data merge entity $(bone_bread) { transformation: [0.0000033039408307015092f,0.000003676881008026052f,-0.000008692785574258733f,-0.8425754120471827f,0.000001418877863413112f,-0.000009298816469476709f,-0.000003393935455441795f,4.950584636068226f,-0.000009331171448212687f,-1.120639094712881e-7f,-0.0000035939784479396036f,-0.03924965052367565f,0f,0f,0f,1f], start_interpolation: 0, interpolation_duration: 1 }
$data merge entity $(bone_hand_right) { transformation: [0.3303940830701509f,0.36768810080260517f,-0.8692785574258731f,-0.6328341901264942f,0.1418877863413112f,-0.9298816469476708f,-0.33939354554417944f,4.798465205637777f,-0.9331171448212686f,-0.01120639094712881f,-0.3593978447939603f,-0.05509613949544433f,0f,0f,0f,1f], start_interpolation: 0, interpolation_duration: 1 }
$data merge entity $(bone_lowerarm_right) { transformation: [0.3961388243110687f,0.3121343582385141f,-0.8635080626609544f,-0.4948122785929012f,0.21102626644910255f,-0.9462206210104727f,-0.24522326815191775f,4.380058274784709f,-0.8936117427283485f,-0.08508042537262023f,-0.44070327259553854f,-0.09271764008989983f,0f,0f,0f,1f], start_interpolation: 0, interpolation_duration: 1 }
$data merge entity $(bone_arm_right) { transformation: [0.3961388243110687f,0.5573497107238385f,-0.7296816647206488f,-0.21874999999999997f,0.21102626644910255f,-0.8286865864985286f,-0.5184076159027458f,3.969599449909656f,-0.8936117427283485f,0.05137938607525358f,-0.4458903586584191f,-0.06726878792450078f,0f,0f,0f,1f], start_interpolation: 0, interpolation_duration: 1 }
$data merge entity $(bone_uppertail) { transformation: [-1f,-1.1758265955783806e-16f,3.42332586518451e-17f,0.02187500000000009f,0f,0.27953577044156425f,0.9601352785121693f,3.5430486768861553f,-1.2246467991473532e-16f,0.9601352785121693f,-0.27953577044156425f,-0.7154065257660827f,0f,0f,0f,1f], start_interpolation: 0, interpolation_duration: 1 }
$data merge entity $(bone_middletail) { transformation: [-1f,-3.8843410662368146e-17f,1.161412384759746e-16f,0.021875000000000044f,0f,0.9483651821638422f,0.31718051841079775f,3.4228298640667463f,-1.2246467991473532e-16f,0.31718051841079775f,-0.9483651821638422f,-0.3558929216823914f,0f,0f,0f,1f], start_interpolation: 0, interpolation_duration: 1 }
$data merge entity $(bone_tail) { transformation: [-1f,-4.686520405326298e-17f,1.1314261122877003e-16f,0.02187500000000001f,0f,0.9238795325112867f,0.38268343236508984f,3.3032412914526557f,-1.2246467991473532e-16f,0.38268343236508984f,-0.9238795325112867f,-0.06718056777261425f,0f,0f,0f,1f], start_interpolation: 0, interpolation_duration: 1 }
$data merge entity $(bone_hair) { transformation: [-0.6893654271085455f,0.12155372436685118f,1.1099069304367543e-16f,0.12499999999999997f,0.11016508693698383f,0.6247772547023209f,0.42261826174069933f,4.359297335506859f,0.051370823700026665f,0.2913384185087483f,-0.9063077870366499f,0.30611641842722603f,0f,0f,0f,1f], start_interpolation: 0, interpolation_duration: 1 }
$data merge entity $(bone_ear_left) { transformation: [-0.48590940831832574f,0.6362387235982638f,-0.715542550936851f,0.1171010365226337f,0.020947545560180303f,1.0460265244741989f,0.5645364591493452f,4.5125531999152555f,0.8737581171255229f,0.32874394849598176f,-0.4114577063197425f,0.14980518298044873f,0f,0f,0f,1f], start_interpolation: 0, interpolation_duration: 1 }
$data merge entity $(bone_ear_right) { transformation: [-0.4859094083183255f,-0.636238723598264f,0.7155425509368513f,-0.11710103652263376f,-0.020947545560180303f,1.0460265244741989f,0.5645364591493452f,4.5125531999152555f,-0.873758117125523f,0.32874394849598165f,-0.4114577063197423f,0.14980518298044873f,0f,0f,0f,1f], start_interpolation: 0, interpolation_duration: 1 }
$data merge entity $(bone_head) { transformation: [-1f,-5.175581015019658e-17f,1.1099069304367543e-16f,1.262530096657969e-17f,0f,0.9063077870366499f,0.42261826174069933f,4.154674018828152f,-1.2246467991473532e-16f,0.42261826174069933f,-0.9063077870366499f,-0.10309340599567088f,0f,0f,0f,1f], start_interpolation: 0, interpolation_duration: 1 }
$data merge entity $(bone_body) { transformation: [-1f,2.1265768495757713e-17f,1.2060416625018976e-16f,-6.403984274441296e-18f,0f,0.984807753012208f,-0.17364817766693033f,3.232751041666668f,-1.2246467991473532e-16f,-0.17364817766693033f,-0.984807753012208f,0.0522925f,0f,0f,0f,1f], start_interpolation: 0, interpolation_duration: 1 }
$data merge entity $(bone_shoe_right) { transformation: [-1f,-8.659560562354932e-17f,8.659560562354932e-17f,-0.12632812499999999f,0f,0.7071067811865476f,0.7071067811865475f,2.4287589096204925f,-1.2246467991473532e-16f,0.7071067811865475f,-0.7071067811865476f,-0.07373658829976773f,0f,0f,0f,1f], start_interpolation: 0, interpolation_duration: 1 }
$data merge entity $(bone_lowerleg_right) { transformation: [-1f,-2.1265768495757713e-17f,1.2060416625018976e-16f,-0.12499999999999999f,0f,0.984807753012208f,0.17364817766693033f,2.85986375928709f,-1.2246467991473532e-16f,0.17364817766693033f,-0.984807753012208f,-0.0026180666250988915f,0f,0f,0f,1f], start_interpolation: 0, interpolation_duration: 1 }
$data merge entity $(bone_leg_right) { transformation: [-1f,-2.1265768495757713e-17f,1.2060416625018976e-16f,-0.125f,0f,0.984807753012208f,0.17364817766693033f,3.229166666666668f,-1.2246467991473532e-16f,0.17364817766693033f,-0.984807753012208f,0.062499999999999986f,0f,0f,0f,1f], start_interpolation: 0, interpolation_duration: 1 }
$data merge entity $(bone_shoe_left) { transformation: [-1f,-5.175581015019657e-17f,1.1099069304367548e-16f,0.12632812499999996f,0f,0.90630778703665f,0.42261826174069933f,3.1595492671599454f,-1.2246467991473532e-16f,0.42261826174069933f,-0.90630778703665f,0.3477420353159986f,0f,0f,0f,1f], start_interpolation: 0, interpolation_duration: 1 }
$data merge entity $(bone_lowerleg_left) { transformation: [-1f,-1.0673500138322958e-17f,1.2199866483456202e-16f,0.12499999999999994f,0f,0.9961946980917455f,0.08715574274765814f,3.5952120202991202f,-1.2246467991473532e-16f,0.08715574274765814f,-0.9961946980917455f,0.38101666616961677f,0f,0f,0f,1f], start_interpolation: 0, interpolation_duration: 1 }
$data merge entity $(bone_leg_left) { transformation: [-1f,9.381338752702731e-17f,-7.871877887341985e-17f,0.12499999999999999f,0f,-0.6427876096865393f,-0.766044443118978f,3.354166666666668f,-1.2246467991473532e-16f,-0.766044443118978f,0.6427876096865393f,0.09375000000000001f,0f,0f,0f,1f], start_interpolation: 0, interpolation_duration: 1 }