# This file was generated by Animated Java via MC-Build. It is not recommended to edit this file directly.
$data merge entity $(bone_hammer) { transformation: [0.0000015562931799689089f,-0.0000043365755964530755f,-0.000020317476255972544f,1.2590342128099186f,-0.0000159994684565698f,0.000012746475754973938f,-0.0000039461554344535975f,2.7764004436920104f,0.00001325227295308198f,0.00001589808937268524f,-0.00000237819125658607f,0.015293759084885561f,0f,0f,0f,1f], start_interpolation: 0, interpolation_duration: 1 }
$data merge entity $(bone_hand_left) { transformation: [0.07470207263850762f,-0.9365924750043733f,0.3423655007571499f,1.080479302308297f,-0.7679744859153503f,-0.27303710875002507f,-0.5793668321784401f,3.1287204222596103f,0.636109101747935f,-0.21964806625738797f,-0.7396755624345213f,0.3653502669150398f,0f,0f,0f,1f], start_interpolation: 0, interpolation_duration: 1 }
$data merge entity $(bone_lowerarm_left) { transformation: [0.07470207263850762f,-0.841641072596606f,0.5348456835966295f,0.7083161405194852f,-0.7679744859153503f,-0.3906847315694726f,-0.507524018644973f,2.9559645175187343f,0.636109101747935f,-0.37283474279756174f,-0.6755438292490809f,0.200487404084243f,0f,0f,0f,1f], start_interpolation: 0, interpolation_duration: 1 }
$data merge entity $(bone_arm_left) { transformation: [0.07470207263850762f,-0.9089499834299222f,0.410157930517326f,0.25810185185185186f,-0.7679744859153503f,-0.3148077572624649f,-0.557773488927567f,2.8000363002496695f,0.636109101747935f,-0.2733239901474466f,-0.7215671881975467f,0.06510661521433583f,0f,0f,0f,1f], start_interpolation: 0, interpolation_duration: 1 }
$data merge entity $(bone_bread) { transformation: [6.2499724915697e-7f,0.00000879166226989749f,-0.000004723986978242762f,-1.3318825733852895f,0.000006847060766920528f,-0.000003821407241328498f,-0.000006206013660154142f,3.095548431356353f,-0.0000072613454189044f,-0.000002846668443634257f,-0.000006258541481796939f,0.39957844553870325f,0f,0f,0f,1f], start_interpolation: 0, interpolation_duration: 1 }
$data merge entity $(bone_hand_right) { transformation: [0.062499724915697f,0.8791662269897488f,-0.4723986978242762f,-1.0766088911960163f,0.6847060766920527f,-0.3821407241328497f,-0.6206013660154142f,3.132324448497472f,-0.72613454189044f,-0.2846668443634257f,-0.6258541481796939f,0.3701559329885131f,0f,0f,0f,1f], start_interpolation: 0, interpolation_duration: 1 }
$data merge entity $(bone_lowerarm_right) { transformation: [0.07470207263850778f,0.8328881994098234f,-0.5483765564166411f,-0.7083161405194852f,0.7679744859153503f,-0.39883517959855924f,-0.5011443788945842f,2.9559645175187343f,-0.636109101747935f,-0.383702680207537f,-0.6694307013238845f,0.20048740408424284f,0f,0f,0f,1f], start_interpolation: 0, interpolation_duration: 1 }
$data merge entity $(bone_arm_right) { transformation: [0.07470207263850778f,0.9089499834299222f,-0.4101579305173259f,-0.25810185185185186f,0.7679744859153503f,-0.3148077572624649f,-0.557773488927567f,2.8000363002496695f,-0.636109101747935f,-0.2733239901474464f,-0.7215671881975468f,0.06510661521433578f,0f,0f,0f,1f], start_interpolation: 0, interpolation_duration: 1 }
$data merge entity $(bone_uppertail) { transformation: [-1f,-9.264409236595592e-17f,8.009163487098267e-17f,0.021875000000000096f,0f,0.6539978296333733f,0.7564964235439828f,2.0473469637070614f,-1.2246467991473532e-16f,0.7564964235439828f,-0.6539978296333733f,-0.7881295520148887f,0f,0f,0f,1f], start_interpolation: 0, interpolation_duration: 1 }
$data merge entity $(bone_middletail) { transformation: [-1f,2.2283165762250678e-17f,1.2042034026787434e-16f,0.02187500000000005f,0f,0.983306699953943f,-0.18195585680512194f,2.1163420689168797f,-1.2246467991473532e-16f,-0.18195585680512194f,-0.983306699953943f,-0.41537994445769855f,0f,0f,0f,1f], start_interpolation: 0, interpolation_duration: 1 }
$data merge entity $(bone_tail) { transformation: [-1f,7.910828297468908e-18f,1.2220890565857524e-16f,0.021875000000000012f,0f,0.997911444701132f,-0.06459681520399788f,2.136528573668129f,-1.2246467991473532e-16f,-0.06459681520399788f,-0.997911444701132f,-0.10353261798859481f,0f,0f,0f,1f], start_interpolation: 0, interpolation_duration: 1 }
$data merge entity $(bone_hair) { transformation: [-0.689537365120723f,0.12055789581422302f,0.0028628012603850836f,0.12366780606001057f,0.09514060891845022f,0.5368645244949302f,0.6271489535555606f,3.0704277920631804f,0.07407082176537012f,0.4327150056280453f,-0.7788940842137068f,0.5220865766661396f,0f,0f,0f,1f], start_interpolation: 0, interpolation_duration: 1 }
$data merge entity $(bone_ear_left) { transformation: [-0.5177506454543671f,0.684160978840294f,-0.6622207862543574f,0.11143287944136723f,-0.19029707532853551f,0.8610915206004472f,0.7064106599393774f,3.25548460030273f,0.8340990901883254f,0.6211348177262067f,-0.24989519758625606f,0.4116023372101532f,0f,0f,0f,1f], start_interpolation: 0, interpolation_duration: 1 }
$data merge entity $(bone_ear_right) { transformation: [-0.5122545053740061f,-0.6868861912271085f,0.6647220385887096f,-0.11315512771671765f,0.1909881578298787f,0.8620114254251829f,0.7055203469484235f,3.2556352877450534f,-0.8373283975196242f,0.6168362638070398f,-0.24573492111673167f,0.4108982012187418f,0f,0f,0f,1f], start_interpolation: 0, interpolation_duration: 1 }
$data merge entity $(bone_head) { transformation: [-0.9999948601057103f,-0.0014436520025506378f,0.0028628012603850836f,-9.23614018594895e-18f,0.0006709470808921405f,0.7788990562866154f,0.6271489535555606f,2.9697175128159614f,-0.0031352180427480967f,0.6271476508643841f,-0.7788940842137068f,0.07541880803819934f,0f,0f,0f,1f], start_interpolation: 0, interpolation_duration: 1 }
$data merge entity $(bone_body) { transformation: [-1f,-9.687385400415128e-18f,1.220809255810358e-16f,6.83092109513298e-19f,0f,0.9968664080617635f,0.07910350484041491f,2.038306597222221f,-1.2246467991473532e-16f,0.07910350484041491f,-0.9968664080617635f,-0.005577870370370407f,0f,0f,0f,1f], start_interpolation: 0, interpolation_duration: 1 }
$data merge entity $(bone_shoe_right) { transformation: [-0.9959077999460093f,-0.04340535834009125f,0.07926934384784413f,-0.11808026346793243f,8.673617379884035e-19f,0.8771151193501309f,0.48028019676789285f,1.3009647526554038f,-0.0903750740342683f,0.4783147941207486f,-0.8735257888113702f,-0.028449243181153896f,0f,0f,0f,1f], start_interpolation: 0, interpolation_duration: 1 }
$data merge entity $(bone_lowerleg_right) { transformation: [-0.9959077999460093f,-0.03145841548927947f,0.08472320875417394f,-0.1291664846460663f,8.673617379884035e-19f,0.9374621228199351f,0.34808729979409053f,1.6846051193311131f,-0.0903750740342683f,0.34666285692707965f,-0.9336258402703171f,0.10841348446142736f,0f,0f,0f,1f], start_interpolation: 0, interpolation_duration: 1 }
$data merge entity $(bone_leg_right) { transformation: [-0.9959077999460093f,0.0087492896071218f,0.08995056385632157f,-0.125f,8.673617379884035e-19f,0.9953027957931658f,-0.09681087070317924f,2.0421296296296285f,-0.0903750740342683f,-0.09641470125286082f,-0.991229817638484f,0.062499999999999986f,0f,0f,0f,1f], start_interpolation: 0, interpolation_duration: 1 }
$data merge entity $(bone_shoe_left) { transformation: [-0.9959077999460093f,0.02745864375503245f,-0.0861027112803868f,0.14738643046497799f,-1.3877787807814457e-17f,0.9527263153083417f,0.303829834148969f,1.8325673887239005f,0.09037507403426805f,0.30258650168526063f,-0.9488275686293988f,0.3164871837541151f,0f,0f,0f,1f], start_interpolation: 0, interpolation_duration: 1 }
$data merge entity $(bone_lowerleg_left) { transformation: [-0.9959077999460093f,0.026199556716087834f,-0.08649414566651276f,0.1563376695559671f,-1.3877787807814457e-17f,0.9570575359497493f,0.2898980387684507f,2.2286459096463f,0.09037507403426805f,0.28871171799855067f,-0.9531410650494637f,0.429823011573342f,0f,0f,0f,1f], start_interpolation: 0, interpolation_duration: 1 }
$data merge entity $(bone_leg_left) { transformation: [-0.9959077999460093f,-0.08766220862013356f,0.021977060461754457f,0.12499999999999999f,-1.3877787807814457e-17f,-0.2431761267871413f,-0.9699821500217435f,2.1300925925925913f,0.09037507403426805f,-0.9660127890150546f,0.24218100142797372f,0.08449074074074074f,0f,0f,0f,1f], start_interpolation: 0, interpolation_duration: 1 }