# This file was generated by Animated Java via MC-Build. It is not recommended to edit this file directly.
$data merge entity $(bone_hammer) { transformation: [-0.00001454856147994871f,0.000005062710195411513f,-0.000014026264724409236f,0.8519445138066427f,-0.00001461902475532091f,-9.771118797109441e-7f,0.00001481071049462585f,0.8277688086431787f,0.0000029413010463475083f,0.000020185192484333215f,0.000004234917980663967f,-0.049518116568070814f,0f,0f,0f,1f], start_interpolation: 0, interpolation_duration: 1 }
$data merge entity $(bone_hand_left) { transformation: [-0.698330951037538f,-0.703929939723148f,-0.12967853632877308f,0.9788123231335546f,-0.7017131882554035f,0.7090176016239532f,-0.06994742322526307f,0.8980125158732621f,0.14118245022468037f,0.0421506885920343f,-0.9890858583559736f,0.4706279569647648f,0f,0f,0f,1f], start_interpolation: 0, interpolation_duration: 1 }
$data merge entity $(bone_lowerarm_left) { transformation: [-0.698330951037538f,-0.7139990775462264f,0.05039047614525467f,0.6630908560310826f,-0.7017131882554035f,0.6690272257682192f,-0.24495136784536875f,1.1938479922676466f,0.14118245022468037f,-0.20641678333899674f,-0.9682249879571057f,0.3793530355820522f,0f,0f,0f,1f], start_interpolation: 0, interpolation_duration: 1 }
$data merge entity $(bone_arm_left) { transformation: [-0.698330951037538f,-0.7101542227149326f,0.08952576602943743f,0.31134259259259256f,-0.7017131882554035f,0.6545653620611523f,-0.2813232806189158f,1.5180623981635613f,0.14118245022468037f,-0.25927816481513155f,-0.9554278355787281f,0.25092931957205733f,0f,0f,0f,1f], start_interpolation: 0, interpolation_duration: 1 }
$data merge entity $(bone_bread) { transformation: [-0.00000652516026960014f,0.000007513955725217576f,9.811996817681204e-7f,-1.0892479129882502f,0.000007050471227677364f,0.000006494575510790055f,-0.0000028480422051542313f,0.6799324231520599f,-0.0000027772538457486147f,-0.0000011666011718304443f,-0.000009535507473761341f,0.4080990488650079f,0f,0f,0f,1f], start_interpolation: 0, interpolation_duration: 1 }
$data merge entity $(bone_hand_right) { transformation: [-0.652516026960014f,0.7513955725217576f,0.09811996817681203f,-0.9779273792062182f,0.7050471227677364f,0.6494575510790054f,-0.2848042205154231f,0.9016672351880037f,-0.27772538457486146f,-0.11666011718304442f,-0.953550747376134f,0.48441565511730483f,0f,0f,0f,1f], start_interpolation: 0, interpolation_duration: 1 }
$data merge entity $(bone_lowerarm_right) { transformation: [-0.698330951037538f,0.711997790926101f,-0.07343724218242385f,-0.6630908560310829f,0.7017131882554035f,0.6607621361518424f,-0.2664432413413611f,1.1938479922676466f,-0.14118245022468054f,-0.2375974434719498f,-0.9610488908500697f,0.379353035582052f,0f,0f,0f,1f], start_interpolation: 0, interpolation_duration: 1 }
$data merge entity $(bone_arm_right) { transformation: [-0.698330951037538f,0.7101542227149328f,-0.08952576602943721f,-0.31134259259259267f,0.7017131882554035f,0.6545653620611523f,-0.2813232806189158f,1.5180623981635613f,-0.14118245022468054f,-0.2592781648151314f,-0.9554278355787281f,0.2509293195720572f,0f,0f,0f,1f], start_interpolation: 0, interpolation_duration: 1 }
$data merge entity $(bone_uppertail) { transformation: [-1f,-3.64543853666604e-17f,1.1691311138686539e-16f,0.02187500000000008f,0f,0.9546680027928449f,0.29767264644827696f,0.466578940482745f,-1.2246467991473532e-16f,0.29767264644827696f,-0.9546680027928449f,-0.6557156482624784f,0f,0f,0f,1f], start_interpolation: 0, interpolation_duration: 1 }
$data merge entity $(bone_middletail) { transformation: [-1f,8.805975411732e-17f,8.510627198635667e-17f,0.021875000000000047f,0f,0.6949454491336684f,-0.7190624609367422f,0.7391755015707984f,-1.2246467991473532e-16f,-0.7190624609367422f,-0.6949454491336684f,-0.3922887905582565f,0f,0f,0f,1f], start_interpolation: 0, interpolation_duration: 1 }
$data merge entity $(bone_tail) { transformation: [-1f,7.392217482771134e-17f,9.763764589214477e-17f,0.021875000000000016f,0f,0.7972718824735745f,-0.6036203653100538f,0.9278068657301902f,-1.2246467991473532e-16f,-0.6036203653100538f,-0.7972718824735745f,-0.14314132728526444f,0f,0f,0f,1f], start_interpolation: 0, interpolation_duration: 1 }
$data merge entity $(bone_hair) { transformation: [-0.6897242370620935f,0.11941748650122923f,0.006379291567364954f,0.12207362419972217f,0.06740878445726488f,0.36719317481630903f,0.8459087953760249f,1.6011009902573483f,0.09867386982938789f,0.5838738188050979f,-0.5332894284950538f,0.7632335654902738f,0f,0f,0f,1f], start_interpolation: 0, interpolation_duration: 1 }
$data merge entity $(bone_ear_left) { transformation: [-0.5498565531232423f,0.7229725587725264f,-0.6063166940130081f,0.10558555981550448f,-0.4467312590079683f,0.5173300647512148f,0.7946340718408056f,1.8094334972873036f,0.7057541733582469f,0.8907332525247902f,0.03060650961540179f,0.7227350668904426f,0f,0f,0f,1f], start_interpolation: 0, interpolation_duration: 1 }
$data merge entity $(bone_ear_right) { transformation: [-0.5379576274727668f,-0.7297477629987281f,0.6118406585019739f,-0.10938528660648543f,0.45080641887231443f,0.5227722327749472f,0.7900706215383768f,1.8102388191712888f,-0.712302719177311f,0.8819880037873704f,0.03793970988072981f,0.7214409612769397f,0f,0f,0f,1f], start_interpolation: 0, interpolation_duration: 1 }
$data merge entity $(bone_head) { transformation: [-0.9999748643024051f,-0.0030944147241501966f,0.006379291567364954f,-3.767629878392896e-17f,0.0037460969943666402f,0.5333144257028788f,0.8459087953760249f,1.6510041457999334f,-0.006019760850340185f,0.8459114303133182f,-0.5332894284950538f,0.3076503266914238f,0f,0f,0f,1f], start_interpolation: 0, interpolation_duration: 1 }
$data merge entity $(bone_body) { transformation: [-1f,-5.049696325486454e-17f,1.1156905721863674e-16f,1.0321515991691537e-17f,0f,0.9110304889239531f,0.41233899676235214f,0.8021954861111111f,-1.2246467991473532e-16f,0.41233899676235214f,-0.9110304889239531f,-0.08428157407407408f,0f,0f,0f,1f], start_interpolation: 0, interpolation_duration: 1 }
$data merge entity $(bone_shoe_right) { transformation: [-0.9769904590836157f,-0.05984820785423962f,0.2047140319475479f,-0.11929191268626657f,-6.938893903907228e-18f,0.959823432777912f,0.2806046647695385f,0.21139021023038207f,-0.21328301118369908f,0.27414808025419546f,-0.9377383362289041f,0.030125776629781942f,0f,0f,0f,1f], start_interpolation: 0, interpolation_duration: 1 }
$data merge entity $(bone_lowerleg_right) { transformation: [-0.9769904590836157f,-0.12120219629642194f,0.17549834891676197f,-0.1629599621003515f,-6.938893903907228e-18f,0.8228426068385095f,0.5682693413964949f,0.5251483948110003f,-0.21328301118369908f,0.5551937247341054f,-0.8039093762087144f,0.2363840829065223f,0f,0f,0f,1f], start_interpolation: 0, interpolation_duration: 1 }
$data merge entity $(bone_leg_right) { transformation: [-0.9769904590836157f,0.09664415070113405f,0.1901303526395573f,-0.125f,-6.938893903907228e-18f,0.8914463068781385f,-0.4531263421534083f,0.8162037037037038f,-0.21328301118369908f,-0.4427001130433379f,-0.8709345366052663f,0.062499999999999986f,0f,0f,0f,1f], start_interpolation: 0, interpolation_duration: 1 }
$data merge entity $(bone_shoe_left) { transformation: [-0.9769904590836157f,0.02819984160619267f,-0.21141052904945745f,0.15313914831439235f,1.3877787807814457e-17f,0.9912206690825988f,0.1322179457692687f,0.4332108746122833f,0.2132830111836989f,0.1291756715362104f,-0.9684131365401768f,0.19442985681269342f,0f,0f,0f,1f], start_interpolation: 0, interpolation_duration: 1 }
$data merge entity $(bone_lowerleg_left) { transformation: [-0.9769904590836157f,0.11662437470996304f,-0.1785732289093076f,0.1945569957740891f,1.3877787807814457e-17f,0.8372595075352905f,0.5468057397666586f,0.7530804458289111f,0.2132830111836989f,0.5342239907241838f,-0.8179945506390255f,0.39038061056451645f,0f,0f,0f,1f], start_interpolation: 0, interpolation_duration: 1 }
$data merge entity $(bone_leg_left) { transformation: [-0.9769904590836157f,-0.19834103567526773f,-0.07842497323460185f,0.12499999999999999f,1.3877787807814457e-17f,0.36770379787565466f,-0.929942964395032f,0.8532407407407407f,0.2132830111836989f,-0.9085454037058808f,-0.3592431022933249f,0.07175925925925927f,0f,0f,0f,1f], start_interpolation: 0, interpolation_duration: 1 }