# This file was generated by Animated Java via MC-Build. It is not recommended to edit this file directly.
$data merge entity $(bone_hammer) { transformation: [-0.000020123454714355592f,-3.7486260944083004e-21f,-0.0000053920634396358495f,0.5302671974852353f,-0.0000053920634396358495f,4.468304551775846e-21f,0.000020123454714355592f,0.8980743642940745f,-2.4644124403722294e-21f,0.000020833333333333336f,-5.2862665924864375e-21f,-0.39062499999999994f,0f,0f,0f,1f], start_interpolation: 0, interpolation_duration: 1 }
$data merge entity $(bone_hand_left) { transformation: [-0.9659258262890683f,-0.25881904510252074f,1.2246467991473532e-16f,0.5551428547836131f,-0.25881904510252074f,0.9659258262890683f,0f,0.9694445378539984f,-1.1829179713786698e-16f,-3.169619151431765e-17f,-1f,0.06250000000000007f,0f,0f,0f,1f], start_interpolation: 0, interpolation_duration: 1 }
$data merge entity $(bone_lowerarm_left) { transformation: [-0.9659258262890683f,-0.25881904510252074f,1.2246467991473532e-16f,0.4406963082773423f,-0.25881904510252074f,0.9659258262890683f,0f,1.3965648641661959f,-1.1829179713786698e-16f,-3.169619151431765e-17f,-1f,0.06250000000000006f,0f,0f,0f,1f], start_interpolation: 0, interpolation_duration: 1 }
$data merge entity $(bone_arm_left) { transformation: [-0.9659258262890683f,-0.25881904510252074f,1.2246467991473532e-16f,0.3125f,-0.25881904510252074f,0.9659258262890683f,0f,1.875f,-1.1829179713786698e-16f,-3.169619151431765e-17f,-1f,0.06250000000000004f,0f,0f,0f,1f], start_interpolation: 0, interpolation_duration: 1 }
$data merge entity $(bone_bread) { transformation: [-0.000009659258262890684f,0.0000025881904510252075f,1.2246467991473532e-21f,-0.5513891567567227f,0.0000025881904510252075f,0.000009659258262890684f,0f,0.7419720730343572f,-1.18291797137867e-21f,3.1696191514317654e-22f,-0.00001f,-0.06250000000000007f,0f,0f,0f,1f], start_interpolation: 0, interpolation_duration: 1 }
$data merge entity $(bone_hand_right) { transformation: [-0.9659258262890683f,0.25881904510252074f,1.2246467991473532e-16f,-0.5551428547836131f,0.25881904510252074f,0.9659258262890683f,0f,0.9694445378539984f,-1.1829179713786698e-16f,3.169619151431765e-17f,-1f,0.06249999999999993f,0f,0f,0f,1f], start_interpolation: 0, interpolation_duration: 1 }
$data merge entity $(bone_lowerarm_right) { transformation: [-0.9659258262890683f,0.25881904510252074f,1.2246467991473532e-16f,-0.4406963082773423f,0.25881904510252074f,0.9659258262890683f,0f,1.3965648641661959f,-1.1829179713786698e-16f,3.169619151431765e-17f,-1f,0.062499999999999944f,0f,0f,0f,1f], start_interpolation: 0, interpolation_duration: 1 }
$data merge entity $(bone_arm_right) { transformation: [-0.9659258262890683f,0.25881904510252074f,1.2246467991473532e-16f,-0.3125f,0.25881904510252074f,0.9659258262890683f,0f,1.875f,-1.1829179713786698e-16f,3.169619151431765e-17f,-1f,0.06249999999999996f,0f,0f,0f,1f], start_interpolation: 0, interpolation_duration: 1 }
$data merge entity $(bone_uppertail) { transformation: [-1f,4.6865204053262974e-17f,1.1314261122877003e-16f,0.02187500000000005f,0f,0.9238795325112867f,-0.38268343236508984f,0.5771321070271891f,-1.2246467991473532e-16f,-0.38268343236508984f,-0.9238795325112867f,-0.4163674610674906f,0f,0f,0f,1f], start_interpolation: 0, interpolation_duration: 1 }
$data merge entity $(bone_middletail) { transformation: [-1f,9.381338752702731e-17f,7.871877887341986e-17f,0.02187500000000002f,0f,0.6427876096865393f,-0.766044443118978f,0.8675376460902229f,-1.2246467991473532e-16f,-0.766044443118978f,-0.6427876096865393f,-0.17271357261409057f,0f,0f,0f,1f], start_interpolation: 0, interpolation_duration: 1 }
$data merge entity $(bone_tail) { transformation: [-1f,1.1314261122877003e-16f,4.686520405326299e-17f,0.021875000000000006f,0f,0.38268343236508984f,-0.9238795325112866f,1.15625f,-1.2246467991473532e-16f,-0.9238795325112866f,-0.38268343236508984f,-0.053125f,0f,0f,0f,1f], start_interpolation: 0, interpolation_duration: 1 }
$data merge entity $(bone_hair) { transformation: [-0.6893654271085455f,0.12155372436685122f,1.2246467991473532e-16f,0.12499999999999994f,0.12155372436685122f,0.6893654271085455f,0f,2.359375f,-8.442291637513283e-17f,1.48860379470304e-17f,-1f,0.34375f,0f,0f,0f,1f], start_interpolation: 0, interpolation_duration: 1 }
$data merge entity $(bone_ear_left) { transformation: [-0.38268343236508995f,0f,-0.9238795325112866f,0.142644375f,0f,1.3f,0f,2.421416875f,0.9238795325112866f,0f,-0.38268343236508995f,0.11416500000000002f,0f,0f,0f,1f], start_interpolation: 0, interpolation_duration: 1 }
$data merge entity $(bone_ear_right) { transformation: [-0.3826834323650897f,0f,0.9238795325112866f,-0.142644375f,0f,1.3f,0f,2.421416875f,-0.9238795325112866f,0f,-0.3826834323650897f,0.11416499999999999f,0f,0f,0f,1f], start_interpolation: 0, interpolation_duration: 1 }
$data merge entity $(bone_head) { transformation: [-1f,0f,1.2246467991473532e-16f,-7.269197238038901e-18f,0f,1f,0f,2.00098375f,-1.2246467991473532e-16f,0f,-1f,0.0593575f,0f,0f,0f,1f], start_interpolation: 0, interpolation_duration: 1 }
$data merge entity $(bone_body) { transformation: [-1f,0f,1.2246467991473532e-16f,-6.403984274441296e-18f,0f,1f,0f,1.066084375f,-1.2246467991473532e-16f,0f,-1f,0.0522925f,0f,0f,0f,1f], start_interpolation: 0, interpolation_duration: 1 }
$data merge entity $(bone_shoe_right) { transformation: [-1f,0f,1.2246467991473532e-16f,-0.126328125f,0f,1f,0f,0.250595f,-1.2246467991473532e-16f,0f,-1f,0.06732249999999998f,0f,0f,0f,1f], start_interpolation: 0, interpolation_duration: 1 }
$data merge entity $(bone_lowerleg_right) { transformation: [-1f,0f,1.2246467991473532e-16f,-0.125f,0f,1f,0f,0.6875f,-1.2246467991473532e-16f,0f,-1f,0.062499999999999986f,0f,0f,0f,1f], start_interpolation: 0, interpolation_duration: 1 }
$data merge entity $(bone_leg_right) { transformation: [-1f,0f,1.2246467991473532e-16f,-0.125f,0f,1f,0f,1.0625f,-1.2246467991473532e-16f,0f,-1f,0.062499999999999986f,0f,0f,0f,1f], start_interpolation: 0, interpolation_duration: 1 }
$data merge entity $(bone_shoe_left) { transformation: [-1f,0f,1.2246467991473532e-16f,0.12632812499999999f,0f,1f,0f,0.250595f,-1.2246467991473532e-16f,0f,-1f,0.06732250000000001f,0f,0f,0f,1f], start_interpolation: 0, interpolation_duration: 1 }
$data merge entity $(bone_lowerleg_left) { transformation: [-1f,0f,1.2246467991473532e-16f,0.12499999999999999f,0f,1f,0f,0.6875f,-1.2246467991473532e-16f,0f,-1f,0.06250000000000001f,0f,0f,0f,1f], start_interpolation: 0, interpolation_duration: 1 }
$data merge entity $(bone_leg_left) { transformation: [-1f,0f,1.2246467991473532e-16f,0.12499999999999999f,0f,1f,0f,1.0625f,-1.2246467991473532e-16f,0f,-1f,0.06250000000000001f,0f,0f,0f,1f], start_interpolation: 0, interpolation_duration: 1 }
$data merge entity $(bone_string2) { transformation: [-0.00001f,0f,1.2246467991473532e-21f,1.164062734375f,0f,0.00001f,0f,-0.0007752815375f,-1.2246467991473532e-21f,0f,-0.00001f,0.22031097598750013f,0f,0f,0f,1f], start_interpolation: 0, interpolation_duration: 1 }
$data merge entity $(bone_string) { transformation: [-0.00001f,0f,1.2246467991473532e-21f,1.164062734375f,0f,0.00001f,0f,-0.00077696231875f,-1.2246467991473532e-21f,0f,-0.00001f,0.22031194351875014f,0f,0f,0f,1f], start_interpolation: 0, interpolation_duration: 1 }
$data merge entity $(bone_flame) { transformation: [-0.00001f,0f,1.2246467991473532e-21f,1.164062734375f,0f,0.00001f,0f,-0.00077432483125f,-1.2246467991473532e-21f,0f,-0.00001f,0.22030866628750012f,0f,0f,0f,1f], start_interpolation: 0, interpolation_duration: 1 }
$data merge entity $(bone_bomb) { transformation: [-0.00001f,0f,1.2246467991473532e-21f,1.1640625f,0f,0.00001f,0f,-0.000783125f,-1.2246467991473532e-21f,0f,-0.00001f,0.22031250000000013f,0f,0f,0f,1f], start_interpolation: 0, interpolation_duration: 1 }
$data merge entity $(bone_gg) { transformation: [-0.000010833333333333334f,0f,1.3267006990762992e-21f,-7.654042494670958e-18f,0f,0.000010833333333333334f,0f,-0.40625f,-1.3267006990762992e-21f,0f,-0.000010833333333333334f,0.0625f,0f,0f,0f,1f], start_interpolation: 0, interpolation_duration: 1 }