# This file was generated by Animated Java via MC-Build. It is not recommended to edit this file directly.
$data merge entity $(bone_hammer) { transformation: [-0.00001704942576938031f,-0.000011897230654737155f,0.0000013419245359375011f,0.6451850242146163f,-3.8713892585306957e-7f,0.0000028816499883645093f,0.000020629444844067573f,0.8193452667676202f,-0.000011966410579796172f,0.000016857632510833763f,-0.0000025793452159803596f,-0.3715804359915822f,0f,0f,0f,1f], start_interpolation: 0, interpolation_duration: 1 }
$data merge entity $(bone_hand_left) { transformation: [-0.8183724369302547f,0.06441237772499991f,0.5710670714273833f,0.4252268596514316f,-0.018582668440947338f,0.9902133525152433f,-0.1383191994414962f,0.9446992519554912f,-0.5743877078302162f,-0.12380857036705706f,-0.8091663605200204f,0.011746513053895201f,0f,0f,0f,1f], start_interpolation: 0, interpolation_duration: 1 }
$data merge entity $(bone_lowerarm_left) { transformation: [-0.8183724369302547f,-0.0607159892904875f,0.5714718917998624f,0.39837900813704413f,-0.018582668440947338f,0.99667909638482f,0.07928091361199538f,1.3854182898881537f,-0.5743877078302162f,0.054261841786067896f,-0.8167829660439387f,0.035740421218672096f,0f,0f,0f,1f], start_interpolation: 0, interpolation_duration: 1 }
$data merge entity $(bone_arm_left) { transformation: [-0.8183724369302547f,-0.1102920038098052f,0.5640055215762112f,0.34375f,-0.018582668440947338f,0.9859766446058631f,0.16584553272662328f,1.8737848466694953f,-0.5743877078302162f,0.1252426851651687f,-0.8089456291409013f,0.09777468871454473f,0f,0f,0f,1f], start_interpolation: 0, interpolation_duration: 1 }
$data merge entity $(bone_bread) { transformation: [-0.818372436930255f,-0.06441237772499986f,-0.571067071427383f,-0.43137175864436983f,0.018582668440947338f,0.9902133525152433f,-0.1383191994414962f,0.7096387643850355f,0.5743877078302161f,-0.12380857036705706f,-0.8091663605200206f,-0.09821538898270224f,0f,0f,0f,1f], start_interpolation: 0, interpolation_duration: 1 }
$data merge entity $(bone_hand_right) { transformation: [-0.818372436930255f,-0.06441237772499986f,-0.571067071427383f,-0.4252268596514316f,0.018582668440947338f,0.9902133525152433f,-0.1383191994414962f,0.9446992519554912f,0.5743877078302161f,-0.12380857036705706f,-0.8091663605200206f,0.011746513053895097f,0f,0f,0f,1f], start_interpolation: 0, interpolation_duration: 1 }
$data merge entity $(bone_lowerarm_right) { transformation: [-0.818372436930255f,0.060715989290487486f,-0.571471891799862f,-0.39837900813704413f,0.018582668440947338f,0.99667909638482f,0.07928091361199538f,1.3854182898881537f,0.5743877078302161f,0.05426184178606791f,-0.8167829660439389f,0.035740421218672f,0f,0f,0f,1f], start_interpolation: 0, interpolation_duration: 1 }
$data merge entity $(bone_arm_right) { transformation: [-0.818372436930255f,0.11029200380980517f,-0.564005521576211f,-0.34375f,0.018582668440947338f,0.9859766446058631f,0.16584553272662328f,1.8737848466694953f,0.5743877078302161f,0.12524268516516873f,-0.8089456291409014f,0.09777468871454464f,0f,0f,0f,1f], start_interpolation: 0, interpolation_duration: 1 }
$data merge entity $(bone_uppertail) { transformation: [-0.9995468755281369f,-0.01891070590736424f,-0.023418557257530517f,0.006337907927918182f,0.009490259570264909f,0.5403413585692002f,-0.8413923883616251f,0.47354771739371954f,0.028565339053266133f,-0.8412333810671544f,-0.5399170491687548f,-0.3427014867031657f,0f,0f,0f,1f], start_interpolation: 0, interpolation_duration: 1 }
$data merge entity $(bone_middletail) { transformation: [-0.9995468755281369f,-0.02087980671394714f,-0.021681265957671014f,0.014556464782479475f,0.009490259570264909f,0.4649530180164445f,-0.8852844887439792f,0.8091514764571222f,0.028565339053266133f,-0.8850891055193189f,-0.4645441816402222f,-0.1666186462481826f,0f,0f,0f,1f], start_interpolation: 0, interpolation_duration: 1 }
$data merge entity $(bone_tail) { transformation: [-0.9995468755281369f,-0.018910705907364236f,-0.023418557257530517f,0.021875f,0.009490259570264909f,0.5403413585692002f,-0.8413923883616251f,1.134349000757025f,0.028565339053266133f,-0.8412333810671544f,-0.5399170491687548f,0.007552578662687132f,0f,0f,0f,1f], start_interpolation: 0, interpolation_duration: 1 }
$data merge entity $(bone_hair) { transformation: [-0.6893654271085455f,0.1215537243668512f,1.2199866483456202e-16f,0.12499999999999994f,0.12109117574756262f,0.6867421835332849f,0.08715574274765818f,2.332026785503114f,0.01059410513093695f,0.06008215582420191f,-0.9961946980917457f,0.4146766699362798f,0f,0f,0f,1f], start_interpolation: 0, interpolation_duration: 1 }
$data merge entity $(bone_ear_left) { transformation: [-0.38268343236508995f,0.05238877696976994f,-0.9230002039112792f,0.142644375f,-0.08052140686538041f,1.2919292119329342f,0.07677471649082981f,2.413842223636506f,0.9203638919632244f,0.1348121930759976f,-0.37706268243819885f,0.1913726158719687f,0f,0f,0f,1f], start_interpolation: 0, interpolation_duration: 1 }
$data merge entity $(bone_ear_right) { transformation: [-0.3826834323650897f,-1.3875550179819867e-17f,0.9238795325112866f,-0.142644375f,0.0805214068653804f,1.2950531075192695f,0.033353058785002616f,2.413842223636506f,-0.9203638919632243f,0.11330246557195564f,-0.3812272063696535f,0.19137261587196866f,0f,0f,0f,1f], start_interpolation: 0, interpolation_duration: 1 }
$data merge entity $(bone_head) { transformation: [-1f,-1.0673500138322974e-17f,1.2199866483456202e-16f,-1.2262451306442927e-17f,0f,0.9961946980917457f,0.08715574274765818f,1.9997857619800044f,-1.2246467991473532e-16f,0.08715574274765818f,-0.9961946980917457f,0.10013051367121134f,0f,0f,0f,1f], start_interpolation: 0, interpolation_duration: 1 }
$data merge entity $(bone_body) { transformation: [-1f,-5.341834311772723e-18f,1.223481206754078e-16f,-6.403984274441296e-18f,0f,0.9990482215818578f,0.043619387365336f,1.066084375f,-1.2246467991473532e-16f,0.043619387365336f,-0.9990482215818578f,0.0522925f,0f,0f,0f,1f], start_interpolation: 0, interpolation_duration: 1 }
$data merge entity $(bone_shoe_right) { transformation: [-0.9063077870366499f,0f,0.4226182617406995f,-0.12771680904332186f,0f,1f,0f,0.250595f,-0.4226182617406995f,0f,-0.9063077870366499f,0.06669992510501668f,0f,0f,0f,1f], start_interpolation: 0, interpolation_duration: 1 }
$data merge entity $(bone_lowerleg_right) { transformation: [-0.9537169507482269f,0f,0.3007057995042732f,-0.125f,0f,1f,0f,0.6875f,-0.3007057995042732f,0f,-0.9537169507482269f,0.062499999999999986f,0f,0f,0f,1f], start_interpolation: 0, interpolation_duration: 1 }
$data merge entity $(bone_leg_right) { transformation: [-0.9537169507482269f,0f,0.3007057995042732f,-0.125f,0f,1f,0f,1.0625f,-0.3007057995042732f,0f,-0.9537169507482269f,0.062499999999999986f,0f,0f,0f,1f], start_interpolation: 0, interpolation_duration: 1 }
$data merge entity $(bone_shoe_left) { transformation: [-0.9537169507482268f,0f,-0.30070579950427295f,0.12714536613376812f,0f,1f,0f,0.250595f,0.30070579950427295f,0f,-0.9537169507482268f,0.06701860890293748f,0f,0f,0f,1f], start_interpolation: 0, interpolation_duration: 1 }
$data merge entity $(bone_lowerleg_left) { transformation: [-0.984807753012208f,0f,-0.17364817766693022f,0.12499999999999999f,0f,1f,0f,0.6875f,0.17364817766693022f,0f,-0.984807753012208f,0.06250000000000001f,0f,0f,0f,1f], start_interpolation: 0, interpolation_duration: 1 }
$data merge entity $(bone_leg_left) { transformation: [-0.984807753012208f,0f,-0.17364817766693022f,0.12499999999999999f,0f,1f,0f,1.0625f,0.17364817766693022f,0f,-0.984807753012208f,0.06250000000000001f,0f,0f,0f,1f], start_interpolation: 0, interpolation_duration: 1 }
$data merge entity $(bone_string2) { transformation: [-0.00001f,0f,1.2246467991473532e-21f,1.164062734375f,0f,0.00001f,0f,-0.0007752815375f,-1.2246467991473532e-21f,0f,-0.00001f,0.22031097598750013f,0f,0f,0f,1f], start_interpolation: 0, interpolation_duration: 1 }
$data merge entity $(bone_string) { transformation: [-0.00001f,0f,1.2246467991473532e-21f,1.164062734375f,0f,0.00001f,0f,-0.00077696231875f,-1.2246467991473532e-21f,0f,-0.00001f,0.22031194351875014f,0f,0f,0f,1f], start_interpolation: 0, interpolation_duration: 1 }
$data merge entity $(bone_flame) { transformation: [-0.00001f,0f,1.2246467991473532e-21f,1.164062734375f,0f,0.00001f,0f,-0.00077432483125f,-1.2246467991473532e-21f,0f,-0.00001f,0.22030866628750012f,0f,0f,0f,1f], start_interpolation: 0, interpolation_duration: 1 }
$data merge entity $(bone_bomb) { transformation: [-0.00001f,0f,1.2246467991473532e-21f,1.1640625f,0f,0.00001f,0f,-0.000783125f,-1.2246467991473532e-21f,0f,-0.00001f,0.22031250000000013f,0f,0f,0f,1f], start_interpolation: 0, interpolation_duration: 1 }
$data merge entity $(bone_gg) { transformation: [-0.000010833333333333334f,0f,1.3267006990762992e-21f,-1.1481063742006437e-16f,0f,0.000010833333333333334f,0f,1.09375f,-1.3267006990762992e-21f,0f,-0.000010833333333333334f,0.9375f,0f,0f,0f,1f], start_interpolation: 0, interpolation_duration: 1 }