# This file was generated by Animated Java via MC-Build. It is not recommended to edit this file directly.
$data merge entity $(bone_hammer) { transformation: [-0.00001704942576938031f,-0.000011899085749048013f,0.0000013253743052326788f,0.6459821618001997f,-4.191495831650517e-7f,0.0000028980480242205498f,0.000020626521981517433f,0.8189755168196123f,-0.000011965332103167928f,0.000016853511615206244f,-0.0000026110824718466983f,-0.3720814345030182f,0f,0f,0f,1f], start_interpolation: 0, interpolation_duration: 1 }
$data merge entity $(bone_hand_left) { transformation: [-0.8183724369302547f,0.06361796665116845f,0.5711561159543046f,0.4259339982436393f,-0.02011917999192248f,0.9900730551128366f,-0.13910630516258615f,0.9447426924406181f,-0.5743359409520605f,-0.12533195864864133f,-0.8089685575298995f,0.01105847320263996f,0f,0f,0f,1f], start_interpolation: 0, interpolation_duration: 1 }
$data merge entity $(bone_lowerarm_left) { transformation: [-0.8183724369302547f,-0.06151084241291116f,0.5713868835898233f,0.39873467261418016f,-0.02011917999192248f,0.9967124854494421f,0.07848209952370055f,1.3854764946002933f,-0.5743359409520605f,0.052731751486646286f,-0.8169195733460312f,0.03437579456314136f,0f,0f,0f,1f], start_interpolation: 0, interpolation_duration: 1 }
$data merge entity $(bone_arm_left) { transformation: [-0.8183724369302547f,-0.11101006458383376f,0.5638646291743518f,0.34375f,-0.02011917999192248f,0.9860989455663142f,0.1649366185825816f,1.8739036285761084f,-0.5743359409520605f,0.12363508852302584f,-0.8092296286077362f,0.0956137993472026f,0f,0f,0f,1f], start_interpolation: 0, interpolation_duration: 1 }
$data merge entity $(bone_bread) { transformation: [-0.8135401204212284f,-0.13362515106531817f,-0.5531682291853728f,-0.4142219425193013f,-0.02366365901470502f,0.9800413802487674f,-0.192923180426142f,0.7045713083426f,0.5810271109914312f,-0.14718427906152778f,-0.7823900254268971f,-0.06435349405804114f,0f,0f,0f,1f], start_interpolation: 0, interpolation_duration: 1 }
$data merge entity $(bone_hand_right) { transformation: [-0.8188482553994335f,-0.10881848453590472f,-0.5636009865610715f,-0.4187538786538611f,0.010450822467209811f,0.9788770196130818f,-0.20418266523671685f,0.9448766659417518f,0.5739149021754557f,-0.17308471306478623f,-0.8004144970977336f,0.03370571848221955f,0f,0f,0f,1f], start_interpolation: 0, interpolation_duration: 1 }
$data merge entity $(bone_lowerarm_right) { transformation: [-0.819197804385288f,0.028914128507586165f,-0.5727817476691887f,-0.40596841245441284f,0.0280089631727045f,0.9995535800694403f,0.01039896881210986f,1.3868667646287074f,0.572826723601748f,-0.007524210457712149f,-0.8196419529188795f,0.030378606670449962f,0f,0f,0f,1f], start_interpolation: 0, interpolation_duration: 1 }
$data merge entity $(bone_arm_right) { transformation: [-0.8193314534236168f,0.12561446047578617f,-0.5593898253902378f,-0.34375f,0.027942923142034143f,0.9832922050807864f,0.17987671465101657f,1.8739036849577846f,0.5726387713707674f,0.13174766315476727f,-0.8091522667435567f,0.09563487107679564f,0f,0f,0f,1f], start_interpolation: 0, interpolation_duration: 1 }
$data merge entity $(bone_uppertail) { transformation: [-0.9995468755281369f,-0.018699894676408323f,-0.023587233009199952f,0.00631693488371984f,0.00956664241568896f,0.5456270648883571f,-0.8379734992314535f,0.47293062508643835f,0.028539848892897048f,-0.8378194435559536f,-0.545200932707165f,-0.3419891462185675f,0f,0f,0f,1f], start_interpolation: 0, interpolation_duration: 1 }
$data merge entity $(bone_middletail) { transformation: [-0.9995468755281369f,-0.02081787516148105f,-0.021740738159042497f,0.014558037734641116f,0.00956664241568896f,0.46511056105582227f,-0.8852009067704509f,0.8085027028432348f,0.028539848892897048f,-0.8850077864448985f,-0.4647006509109614f,-0.1658469896212889f,0f,0f,0f,1f], start_interpolation: 0, interpolation_duration: 1 }
$data merge entity $(bone_tail) { transformation: [-0.9995468755281369f,-0.01891552860871321f,-0.023414662060170937f,0.021875f,0.00956664241568896f,0.5379153977949862f,-0.8429445439457759f,1.1342206584077048f,0.028539848892897048f,-0.8427865848437044f,-0.5374906970661499f,0.007388285920461056f,0f,0f,0f,1f], start_interpolation: 0, interpolation_duration: 1 }
$data merge entity $(bone_hair) { transformation: [-0.6893654271085455f,0.1215537243668512f,1.22050072479409e-16f,0.12499999999999994f,0.1211422009957928f,0.6870315620959142f,0.08221673475243793f,2.3337064793698703f,0.009993750314440273f,0.056677374468084386f,-0.9966144733680358f,0.4105279834358657f,0f,0f,0f,1f], start_interpolation: 0, interpolation_duration: 1 }
$data merge entity $(bone_ear_left) { transformation: [-0.3977791952882048f,0.06288309027410906f,-0.9162051622561024f,0.142644375f,-0.062138031268506116f,1.2933647578207947f,0.07950395470637889f,2.41289130161494f,0.9153745555049813f,0.11512306538976061f,-0.39274320088489745f,0.18350303864506223f,0f,0f,0f,1f], start_interpolation: 0, interpolation_duration: 1 }
$data merge entity $(bone_ear_right) { transformation: [-0.3977791952882046f,-0.012085563629160875f,0.9174340767915978f,-0.142644375f,0.06213803126850612f,1.2965936209789977f,0.03704837717738056f,2.41289130161494f,-0.9153745555049815f,0.0932680073140682f,-0.39615922618319904f,0.18350303864506218f,0f,0f,0f,1f], start_interpolation: 0, interpolation_duration: 1 }
$data merge entity $(bone_head) { transformation: [-1f,-1.0068646105092006e-17f,1.22050072479409e-16f,-1.1956538186503176e-17f,0f,0.9966144733680358f,0.08221673475243793f,1.9999103952294908f,-1.2246467991473532e-16f,0.08221673475243793f,-0.9966144733680358f,0.09763254347970193f,0f,0f,0f,1f], start_interpolation: 0, interpolation_duration: 1 }
$data merge entity $(bone_body) { transformation: [-1f,-5.014514606828098e-18f,1.2236197313657737e-16f,-6.403984274441296e-18f,0f,0.9991613355113536f,0.04094661914210202f,1.066084375f,-1.2246467991473532e-16f,0.04094661914210202f,-0.9991613355113536f,0.0522925f,0f,0f,0f,1f], start_interpolation: 0, interpolation_duration: 1 }
$data merge entity $(bone_shoe_left) { transformation: [-0.9537169507482268f,0.00009111715603000557f,-0.3007057856995238f,0.1273821415839274f,-5.374633363005375e-20f,0.9999999540921751f,0.0003030109701250073f,0.25059747898017704f,0.30070579950427295f,0.000288986698470884f,-0.9537169069651561f,0.06836142920875778f,0f,0f,0f,1f], start_interpolation: 0, interpolation_duration: 1 }
$data merge entity $(bone_lowerleg_left) { transformation: [-0.984807753012208f,-1.0842021724855044e-19f,-0.17364817766693025f,0.1252367754501593f,-5.421010862427522e-20f,1.0000000000000002f,0f,0.6875024789801771f,0.17364817766693022f,0f,-0.9848077530122081f,0.06384282030582031f,0f,0f,0f,1f], start_interpolation: 0, interpolation_duration: 1 }
$data merge entity $(bone_leg_left) { transformation: [-0.984807753012208f,-0.0006314012004248273f,-0.1736470297458896f,0.12499999999999999f,-5.421010862427522e-20f,0.9999933893861943f,-0.003636094596027955f,1.0625f,0.17364817766693022f,-0.0035808541488541227f,-0.98480124282848f,0.06250000000000001f,0f,0f,0f,1f], start_interpolation: 0, interpolation_duration: 1 }