# This file was generated by Animated Java via MC-Build. It is not recommended to edit this file directly.
$data merge entity $(bone_hammer) { transformation: [-0.000017049425769380305f,-0.000011931509706192173f,9.919348986755814e-7f,0.6600963568099498f,-9.296689842842307e-7f,0.000003040152436595198f,0.000020589341089983964f,0.8153445889520554f,-0.000011936522705203074f,0.00001680548502933147f,-0.0000030204099746334547f,-0.3824140458850922f,0f,0f,0f,1f], start_interpolation: 0, interpolation_duration: 1 }
$data merge entity $(bone_hand_left) { transformation: [-0.8183724369302546f,0.04761287513642777f,0.5727124658972242f,0.43834265396583266f,-0.04462411124564307f,0.9882883723192302f,-0.1459273169565693f,0.9451324524458926f,-0.5729530898497475f,-0.14497967878240564f,-0.8066632814079104f,-0.0016054701024189252f,0f,0f,0f,1f], start_interpolation: 0, interpolation_duration: 1 }
$data merge entity $(bone_lowerarm_left) { transformation: [-0.8183724369302546f,-0.07747340513313974f,0.5694422059962826f,0.40408488263352244f,-0.04462411124564307f,0.9964464439234255f,0.0714364968898667f,1.3857486143682822f,-0.5729530898497475f,0.03305080769717825f,-0.8189214864333402f,0.01300918392617708f,0f,0f,0f,1f], start_interpolation: 0, interpolation_duration: 1 }
$data merge entity $(bone_arm_left) { transformation: [-0.8183724369302546f,-0.12181175042730084f,0.561630173629118f,0.34375f,-0.04462411124564307f,0.9877966739521258f,0.14921936745829698f,1.8750166544351945f,-0.5729530898497475f,0.09705477003710206f,-0.8138213123558958f,0.061081624710179194f,0f,0f,0f,1f], start_interpolation: 0, interpolation_duration: 1 }
$data merge entity $(bone_bread) { transformation: [-0.3447464916084646f,-0.875620364378376f,-0.261900459261503f,-0.1727015127130344f,-0.03628054917506224f,0.37254077953956444f,-0.7179146029747683f,1.0475970318286492f,0.9379944446931502f,-0.3074123372051508f,-0.12402589503163575f,0.3541093331920384f,0f,0f,0f,1f], start_interpolation: 0, interpolation_duration: 1 }
$data merge entity $(bone_hand_right) { transformation: [-0.6373891989657331f,-0.721554439293095f,-0.27035939077133675f,-0.33658344739734014f,0.05644228783408273f,0.3062059682692986f,-0.9502905730040236f,1.2368935520026914f,0.7684720406012676f,-0.6209646496642849f,-0.15444619348315386f,0.2856085928009495f,0f,0f,0f,1f], start_interpolation: 0, interpolation_duration: 1 }
$data merge entity $(bone_lowerarm_right) { transformation: [-0.8203311888141227f,-0.4247899201220905f,-0.382897198241873f,-0.524420240201327f,0.1822145473600038f,0.44049318572999074f,-0.8790697424299352f,1.4316741325676716f,0.5420835723292097f,-0.7908977665211299f,-0.2839473956962645f,-0.06411651333261251f,0f,0f,0f,1f], start_interpolation: 0, interpolation_duration: 1 }
$data merge entity $(bone_arm_right) { transformation: [-0.8236505994433777f,0.3647601064001556f,-0.4342231624585586f,-0.34375f,0.1820205266256011f,0.895222455436848f,0.40674965662992213f,1.8750890050262354f,0.5370923737342614f,0.25598206980288263f,-0.803744338714699f,0.0626746056166278f,0f,0f,0f,1f], start_interpolation: 0, interpolation_duration: 1 }
$data merge entity $(bone_uppertail) { transformation: [-0.9995468755281369f,-0.015455587695184137f,-0.025829603770393558f,0.006176662189481633f,0.010776526244653611f,0.6174842937332309f,-0.7865093854970019f,0.45774772535330066f,0.028105339422204965f,-0.7864313522500039f,-0.6170379389423256f,-0.32118448273154054f,0f,0f,0f,1f], start_interpolation: 0, interpolation_duration: 1 }
$data merge entity $(bone_middletail) { transformation: [-0.9995468755281369f,-0.02007909037251605f,-0.02242484674978604f,0.014677112094072997f,0.010776526244653611f,0.4569019894446046f,-0.8894517628987313f,0.7949310639237008f,0.028105339422204965f,-0.8892903924879516f,-0.4564785731275761f,-0.14815924463347696f,0f,0f,0f,1f], start_interpolation: 0, interpolation_duration: 1 }
$data merge entity $(bone_tail) { transformation: [-0.9995468755281369f,-0.019273385914294148f,-0.023120990838148444f,0.021875f,0.010776526244653611f,0.4880750214091236f,-0.8727351488043678f,1.131666638243403f,0.028105339422204965f,-0.8725888551155593f,-0.4876461625236893f,0.0059139000674930595f,0f,0f,0f,1f], start_interpolation: 0, interpolation_duration: 1 }
$data merge entity $(bone_hair) { transformation: [-0.6893654271085455f,0.12155372436685122f,1.2246118615540193e-16f,0.12499999999999994f,0.12155025659590443f,0.6893457604022204f,0.007553582330847823f,2.3572275440806854f,0.0009181660646261094f,0.005207178509704487f,-0.9999714712900419f,0.34480975301489686f,0f,0f,0f,1f], start_interpolation: 0, interpolation_duration: 1 }
$data merge entity $(bone_ear_left) { transformation: [-0.5266432736789256f,0.28880041181365435f,-0.8205451786343179f,0.142644375f,0.33046418110092884f,1.2256803655110626f,0.043162894062946267f,2.391034878817771f,0.7832242892671528f,-0.32295814548782004f,-0.5699496244371833f,0.061492114216097f,0f,0f,0f,1f], start_interpolation: 0, interpolation_duration: 1 }
$data merge entity $(bone_ear_right) { transformation: [-0.5266432736789254f,-0.2606101403110029f,0.8261107108188466f,-0.142644375f,-0.33046418110092884f,1.2267329336820345f,0.01831993264976952f,2.391034878817771f,-0.783224289267153f,-0.3423575093187656f,-0.5632099728681019f,0.06149211421609697f,0f,0f,0f,1f], start_interpolation: 0, interpolation_duration: 1 }
$data merge entity $(bone_head) { transformation: [-1f,-9.25047042356879e-19f,1.2246118615540193e-16f,-7.068444384929055e-18f,0f,0.9999714712900419f,0.007553582330847823f,2.0009947006837336f,-1.2246467991473532e-16f,0.007553582330847823f,-0.9999714712900419f,0.05771822855251311f,0f,0f,0f,1f], start_interpolation: 0, interpolation_duration: 1 }
$data merge entity $(bone_body) { transformation: [-1f,2.147306206996207e-19f,1.224644916593341e-16f,-6.403984274441296e-18f,0f,0.9999984627779915f,-0.001753408581552857f,1.066084375f,-1.2246467991473532e-16f,-0.001753408581552857f,-0.9999984627779915f,0.0522925f,0f,0f,0f,1f], start_interpolation: 0, interpolation_duration: 1 }
$data merge entity $(bone_shoe_left) { transformation: [-0.9537169507482268f,0.0009111701799138147f,-0.30070441903039485f,0.1295126041418903f,1.8385198533040155e-18f,0.9999954092209711f,0.0030301051107624612f,0.25084287097935126f,0.30070579950427295f,0.002889862606682993f,-0.9537125724444501f,0.08044388278110899f,0f,0f,0f,1f], start_interpolation: 0, interpolation_duration: 1 }
$data merge entity $(bone_lowerleg_left) { transformation: [-0.984807753012208f,8.673617379884035e-19f,-0.17364817766693025f,0.1273672380081222f,0f,0.9999999999999999f,-1.3877787807814457e-17f,0.6877478709793512f,0.17364817766693022f,-1.3877787807814457e-17f,-0.984807753012208f,0.07592527387817151f,0f,0f,0f,1f], start_interpolation: 0, interpolation_duration: 1 }
$data merge entity $(bone_leg_left) { transformation: [-0.984807753012208f,-0.006312634688325869f,-0.1735333980833013f,0.12499999999999999f,0f,0.99933901072173f,-0.03635301431399966f,1.0625f,0.17364817766693022f,-0.03580073034179064f,-0.9841568056463099f,0.06250000000000001f,0f,0f,0f,1f], start_interpolation: 0, interpolation_duration: 1 }