# This file was generated by Animated Java via MC-Build. It is not recommended to edit this file directly.
$data merge entity $(bone_hammer) { transformation: [-0.000017049425769380305f,-0.000011935581077459814f,9.416809733406297e-7f,0.6621537588496451f,-0.0000010001403085622489f,0.0000030526835595750365f,0.00002058418373961103f,0.8149522878134173f,-0.000011930824702230668f,0.000016800321580441887f,-0.0000030712203594270056f,-0.3840478106982366f,0f,0f,0f,1f], start_interpolation: 0, interpolation_duration: 1 }
$data merge entity $(bone_hand_left) { transformation: [-0.8183724369302546f,0.04520068672035009f,0.572907891718071f,0.44016074190445187f,-0.04800673481098794f,0.9880408195013294f,-0.1465288108596015f,0.9451409926824743f,-0.572679585707072f,-0.14741857725249607f,-0.8064154358612105f,-0.00351559500935612f,0f,0f,0f,1f], start_interpolation: 0, interpolation_duration: 1 }
$data merge entity $(bone_lowerarm_left) { transformation: [-0.8183724369302546f,-0.07987071294139494f,0.5691109063153416f,0.40484291102567876f,-0.04800673481098794f,0.9963349462039162f,0.07079568055769363f,1.3857078517070185f,-0.572679585707072f,0.030616077264613975f,-0.8192073900590151f,0.010022451656090371f,0f,0f,0f,1f], start_interpolation: 0, interpolation_duration: 1 }
$data merge entity $(bone_arm_left) { transformation: [-0.8183724369302546f,-0.12334215475215897f,0.5612960603228306f,0.34375f,-0.04800673481098794f,0.9879552804389412f,0.14710444339176362f,1.8750544515494316f,-0.572679585707072f,0.09344023070341587f,-0.8144366245451322f,0.056304565926376046f,0f,0f,0f,1f], start_interpolation: 0, interpolation_duration: 1 }
$data merge entity $(bone_bread) { transformation: [-0.2590429460406758f,-0.9197912070347171f,-0.22154214264945427f,-0.14832125505995292f,0.03310590443588852f,0.2965377647366914f,-0.7173747898565355f,1.1199166458857714f,0.9652982705868944f,-0.2570009524234976f,-0.03484890535017687f,0.3739683397721948f,0f,0f,0f,1f], start_interpolation: 0, interpolation_duration: 1 }
$data merge entity $(bone_hand_right) { transformation: [-0.5986466419710174f,-0.7706879804421441f,-0.21831682220762072f,-0.32703506312890795f,0.09757954051310808f,0.2003546333238568f,-0.9748519139740728f,1.2916994324541935f,0.7950474396726747f,-0.6048950799168992f,-0.04473824943214161f,0.29693028719893294f,0f,0f,0f,1f], start_interpolation: 0, interpolation_duration: 1 }
$data merge entity $(bone_lowerarm_right) { transformation: [-0.8202474131459686f,-0.4623172004630367f,-0.3368337681755896f,-0.531465950208657f,0.19794646740483238f,0.32306005712404995f,-0.9254455119200442f,1.4345525514637343f,0.5366669146400719f,-0.8257693416729791f,-0.17347511949464084f,-0.06821459357208748f,0f,0f,0f,1f], start_interpolation: 0, interpolation_duration: 1 }
$data merge entity $(bone_arm_right) { transformation: [-0.8229060216794538f,0.3789848837020202f,-0.42331564748903433f,-0.34375f,0.19782381718130893f,0.8895339650205742f,0.41181921085664713f,1.8751498435129874f,0.5326269020989366f,0.2551465911983574f,-0.8069750926517794f,0.05816270238084895f,0f,0f,0f,1f], start_interpolation: 0, interpolation_duration: 1 }
$data merge entity $(bone_uppertail) { transformation: [-0.9995468755281369f,-0.014997186852107193f,-0.026098429233615557f,0.006165571558401093f,0.010942305950071904f,0.6266830007542579f,-0.7791974605362453f,0.4555184336888559f,0.028041211857444334f,-0.7791299640959534f,-0.6262349315435893f,-0.3178763993820388f,0f,0f,0f,1f], start_interpolation: 0, interpolation_duration: 1 }
$data merge entity $(bone_middletail) { transformation: [-0.9995468755281369f,-0.019985810525777983f,-0.0225080207829733f,0.014697552986757656f,0.010942305950071904f,0.45534277823005087f,-0.8902489653205071f,0.7930039465400887f,0.028041211857444334f,-0.8900918613780076f,-0.45491776042071547f,-0.14544285164436763f,0f,0f,0f,1f], start_interpolation: 0, interpolation_duration: 1 }
$data merge entity $(bone_tail) { transformation: [-0.9995468755281369f,-0.01933342259514036f,-0.023070812571228873f,0.021875f,0.010942305950071904f,0.4806359946483028f,-0.8768519296830745f,1.1312950607177643f,0.028041211857444334f,-0.876707054505206f,-0.48020665449197136f,0.005765694237801135f,0f,0f,0f,1f], start_interpolation: 0, interpolation_duration: 1 }
$data merge entity $(bone_hair) { transformation: [-0.6893654271085455f,0.12155372436685122f,1.2246416055123908e-16f,0.12499999999999996f,0.12155320886664893f,0.6893625035616203f,-0.0029123584228214006f,2.3602284227265518f,-0.00035400801298519447f,-0.00200767920804143f,-0.9999957590752158f,0.3355448332023775f,0f,0f,0f,1f], start_interpolation: 0, interpolation_duration: 1 }
$data merge entity $(bone_ear_left) { transformation: [-0.5229681906011302f,0.3249340441888735f,-0.814880136378952f,0.142644375f,0.39348939147223594f,1.1945202367778471f,0.029312748384627312f,2.3870961656688037f,0.7560888641014292f,-0.39691217020300523f,-0.5788878355235666f,0.04487712925837541f,0f,0f,0f,1f], start_interpolation: 0, interpolation_duration: 1 }
$data merge entity $(bone_ear_right) { transformation: [-0.5229681906011302f,-0.2993268740019369f,0.820663478709851f,-0.142644375f,-0.3934893914722358f,1.1950915081845637f,0.0071746609978553715f,2.3870961656688037f,-0.7560888641014291f,-0.41492132936904336f,-0.5713667639541273f,0.04487712925837538f,0f,0f,0f,1f], start_interpolation: 0, interpolation_duration: 1 }
$data merge entity $(bone_head) { transformation: [-1f,3.5666104204780626e-19f,1.2246416055123908e-16f,-6.392326012289976e-18f,0f,0.9999957590752158f,-0.0029123584228214006f,2.001010439744124f,-1.2246467991473532e-16f,-0.0029123584228214006f,-0.9999957590752158f,0.05219730306518224f,0f,0f,0f,1f], start_interpolation: 0, interpolation_duration: 1 }
$data merge entity $(bone_body) { transformation: [-1f,9.37903987182207e-19f,1.22461088361689e-16f,-6.403984274441296e-18f,0f,0.9999706727437755f,-0.007658567252494452f,1.066084375f,-1.2246467991473532e-16f,-0.007658567252494452f,-0.9999706727437755f,0.0522925f,0f,0f,0f,1f], start_interpolation: 0, interpolation_duration: 1 }
$data merge entity $(bone_shoe_left) { transformation: [-0.9537169507482268f,0.0010022868758152498f,-0.30070412913114875f,0.12974920743711946f,4.2997066904043e-19f,0.9999944451582676f,0.003333114550725539f,0.2508949169455353f,0.30070579950427295f,0.0031788478458125f,-0.9537116530015081f,0.08178572674780366f,0f,0f,0f,1f], start_interpolation: 0, interpolation_duration: 1 }
$data merge entity $(bone_lowerleg_left) { transformation: [-0.984807753012208f,8.673617379884035e-19f,-0.17364817766693022f,0.12760384130335134f,4.336808689942018e-19f,0.9999999999999999f,0f,0.6877999169455352f,0.17364817766693022f,-6.938893903907228e-18f,-0.9848077530122079f,0.07726711784486617f,0f,0f,0f,1f], start_interpolation: 0, interpolation_duration: 1 }
$data merge entity $(bone_leg_left) { transformation: [-0.984807753012208f,-0.006943576808936907f,-0.1735092975841472f,0.12499999999999999f,4.336808689942018e-19f,0.9992002214785727f,-0.039986465174746556f,1.0625f,0.17364817766693022f,-0.03937898091964307f,-0.9840201249236138f,0.06250000000000001f,0f,0f,0f,1f], start_interpolation: 0, interpolation_duration: 1 }