# This file was generated by Animated Java via MC-Build. It is not recommended to edit this file directly.
$data merge entity $(bone_hammer) { transformation: [-0.000017049425769380305f,-0.0000119395273461429f,8.902502248663108e-7f,0.6642534877778239f,-0.0000010711693343980334f,0.0000030640418778742964f,0.000020578921774608497f,0.8145741744842264f,-0.000011924657436136851f,0.000016795449142524182f,-0.000003121411685351302f,-0.3857457637418902f,0f,0f,0f,1f], start_interpolation: 0, interpolation_duration: 1 }
$data merge entity $(bone_hand_left) { transformation: [-0.8183724369302546f,0.042732010793582784f,0.5730973126148591f,0.4420203472433506f,-0.0514161280511056f,0.9877882451812077f,-0.147074010137966f,0.9451390360939897f,-0.5723835569345688f,-0.1498277608968623f,-0.8061815588411607f,-0.005482678778323938f,0f,0f,0f,1f], start_interpolation: 0, interpolation_duration: 1 }
$data merge entity $(bone_lowerarm_left) { transformation: [-0.8183724369302546f,-0.08232186957734358f,0.568761517916013f,0.40561864553961896f,-0.0514161280511056f,0.9962063616250088f,0.07020873759080387f,1.3856490366250482f,-0.5723835569345688f,0.028213380640272054f,-0.8195004996360762f,0.006992925473546359f,0f,0f,0f,1f], start_interpolation: 0, interpolation_duration: 1 }
$data merge entity $(bone_arm_left) { transformation: [-0.8183724369302546f,-0.12490830645222752f,0.5609496140047453f,0.34375f,-0.0514161280511056f,0.9880933004500728f,0.14501038370376915f,1.875063999504225f,-0.5723835569345688f,0.08983064390795863f,-0.8150506236829789f,0.05148716628420712f,0f,0f,0f,1f], start_interpolation: 0, interpolation_duration: 1 }
$data merge entity $(bone_bread) { transformation: [-0.1754570478148289f,-0.9517326675398937f,-0.1835942272448835f,-0.1263360097525849f,0.10787537143181071f,0.23567461414240687f,-0.7041185052575158f,1.187552618786087f,0.978559006197661f,-0.1966275814483459f,0.04470261261853617f,0.38703536410685013f,0f,0f,0f,1f], start_interpolation: 0, interpolation_duration: 1 }
$data merge entity $(bone_hand_right) { transformation: [-0.5607580802009439f,-0.8108436282224142f,-0.16757979013133822f,-0.31780795967237974f,0.14302246841599486f,0.10449482300325838f,-0.9841876881437368f,1.3423732266120165f,0.8155335364149948f,-0.5758588738021058f,0.05737254086950633f,0.30486551387988836f,0f,0f,0f,1f], start_interpolation: 0, interpolation_duration: 1 }
$data merge entity $(bone_lowerarm_right) { transformation: [-0.8205515123290048f,-0.49243072309445635f,-0.29018476625635303f,-0.5355546700407097f,0.21161099852976914f,0.2098936898550358f,-0.9545498542560635f,1.43518559259479f,0.5309576262902883f,-0.8446636146488786f,-0.06802482761811052f,-0.06863417822266263f,0f,0f,0f,1f], start_interpolation: 0, interpolation_duration: 1 }
$data merge entity $(bone_arm_right) { transformation: [-0.8221262514025258f,0.38723971238502897f,-0.41731742344022865f,-0.34375f,0.21152813425200162f,0.8883288938551929f,0.4075875669863796f,1.8751859978324403f,0.5285492173626769f,0.24681406259362404f,-0.8122305973868089f,0.053615912155741796f,0f,0f,0f,1f], start_interpolation: 0, interpolation_duration: 1 }
$data merge entity $(bone_uppertail) { transformation: [-0.9995468755281369f,-0.014531086055648389f,-0.026360788303508628f,0.0061551513366456655f,0.011109094293192269f,0.6358453341723068f,-0.7717365476866395f,0.45328015634938845f,0.027975554434613432f,-0.771679699453958f,-0.6353957898858986f,-0.3144949298088199f,0f,0f,0f,1f], start_interpolation: 0, interpolation_duration: 1 }
$data merge entity $(bone_middletail) { transformation: [-0.9995468755281369f,-0.01989216013876113f,-0.02259082970926343f,0.014718525890767695f,0.011109094293192269f,0.4537389004550423f,-0.8910654287075862f,0.7910751440868424f,0.027975554434613432f,-0.8909126288132092f,-0.45331231637273306f,-0.14266999171003197f,0f,0f,0f,1f], start_interpolation: 0, interpolation_duration: 1 }
$data merge entity $(bone_tail) { transformation: [-0.9995468755281369f,-0.019394609990383064f,-0.023019398890066392f,0.021875f,0.011109094293192269f,0.47306941276947f,-0.8809551173163896f,1.1309193642942001f,0.027975554434613432f,-0.8808116596669628f,-0.4726395968904914f,0.00562290216506503f,0f,0f,0f,1f], start_interpolation: 0, interpolation_duration: 1 }
$data merge entity $(bone_hair) { transformation: [-0.6893654271085455f,0.12155372436685122f,1.2245340044726062e-16f,0.12499999999999996f,0.12154252880188197f,0.6893019339044751f,-0.013572000589011512f,2.363211312098367f,-0.001649727218703532f,-0.009356067982761337f,-0.9999078961584471f,0.32613214218755515f,0f,0f,0f,1f], start_interpolation: 0, interpolation_duration: 1 }
$data merge entity $(bone_ear_left) { transformation: [-0.5131615337096173f,0.3606366861389874f,-0.8122237124249349f,0.142644375f,0.4571940362960797f,1.1560155777724652f,0.014864082710393075f,2.382897890691505f,0.7263875367158307f,-0.4728310105715176f,-0.5831566685032721f,0.028166887186658596f,0f,0f,0f,1f], start_interpolation: 0, interpolation_duration: 1 }
$data merge entity $(bone_ear_right) { transformation: [-0.5131615337096171f,-0.337516727392132f,0.8180821542896815f,-0.142644375f,-0.4571940362960795f,1.1561620131018653f,-0.004538182944364841f,2.382897890691505f,-0.7263875367158307f,-0.48925643397991975f,-0.5750834667492339f,0.02816688718665856f,0f,0f,0f,1f], start_interpolation: 0, interpolation_duration: 1 }
$data merge entity $(bone_head) { transformation: [-1f,1.6620907079358944e-18f,1.2245340044726062e-16f,-5.710518482638849e-18f,0f,0.9999078961584471f,-0.013572000589011512f,2.0009932961317602f,-1.2246467991473532e-16f,-0.013572000589011512f,-0.9999078961584471f,0.046629922085410544f,0f,0f,0f,1f], start_interpolation: 0, interpolation_duration: 1 }
$data merge entity $(bone_body) { transformation: [-1f,1.6671297721303515e-18f,1.2245333194707873e-16f,-6.403984274441296e-18f,0f,0.9999073368120139f,-0.013613147670749412f,1.066084375f,-1.2246467991473532e-16f,-0.013613147670749412f,-0.9999073368120139f,0.0522925f,0f,0f,0f,1f], start_interpolation: 0, interpolation_duration: 1 }
$data merge entity $(bone_shoe_left) { transformation: [-0.9537169507482268f,0.0010934034796910642f,-0.30070381162255766f,0.12998577630637004f,0f,0.9999933892804244f,0.0036361236846565257f,0.2509519169068033f,0.300705799504273f,0.0034678327930740284f,-0.9537106459929109f,0.0831273754750721f,0f,0f,0f,1f], start_interpolation: 0, interpolation_duration: 1 }
$data merge entity $(bone_lowerleg_left) { transformation: [-0.984807753012208f,8.673617379884035e-19f,-0.17364817766693025f,0.12784041017260192f,0f,1.0000000000000002f,0f,0.6878569169068034f,0.17364817766693022f,0f,-0.9848077530122081f,0.07860876657213463f,0f,0f,0f,1f], start_interpolation: 0, interpolation_duration: 1 }
$data merge entity $(bone_leg_left) { transformation: [-0.984807753012208f,-0.007574427126938517f,-0.17348290307907713f,0.12499999999999999f,0f,0.9990482215818578f,-0.043619387365336f,1.0625f,0.17364817766693022f,-0.042956710859025644f,-0.9838704342468719f,0.06250000000000001f,0f,0f,0f,1f], start_interpolation: 0, interpolation_duration: 1 }