# This file was generated by Animated Java via MC-Build. It is not recommended to edit this file directly.
$data merge entity $(bone_hammer) { transformation: [-0.00001704942576938031f,-0.000011943305288057886f,8.380438582896764e-7f,0.6663808149113852f,-0.0000011421603754558486f,0.0000030740872163255153f,0.000020573605304878884f,0.8142146805429408f,-0.000011918067309295878f,0.000016790926846378984f,-0.0000031705244090560718f,-0.3874986371333318f,0f,0f,0f,1f], start_interpolation: 0, interpolation_duration: 1 }
$data merge entity $(bone_hand_left) { transformation: [-0.8183724369302547f,0.04022610519790433f,0.5732786538267785f,0.4439088850405311f,-0.054823698021880723f,0.9875330546341863f,-0.1475561863836245f,0.9451269005785872f,-0.572067230846202f,-0.15218517163469125f,-0.8059644886261911f,-0.0074946941407936195f,0f,0f,0f,1f], start_interpolation: 0, interpolation_duration: 1 }
$data merge entity $(bone_lowerarm_left) { transformation: [-0.8183724369302547f,-0.08480762462652286f,0.5683961833774422f,0.40640801352599054f,-0.054823698021880723f,0.9960615821533575f,0.06968275750396144f,1.385572881437025f,-0.572067230846202f,0.025864867356262478f,-0.8197988119219258f,0.003942426893303694f,0f,0f,0f,1f], start_interpolation: 0, interpolation_duration: 1 }
$data merge entity $(bone_arm_left) { transformation: [-0.8183724369302547f,-0.1265019831439556f,0.5605923677089107f,0.34375f,-0.054823698021880723f,0.9882084113840395f,0.14296327432259848f,1.875044860200682f,-0.572067230846202f,0.08626345651826899f,-0.8156578323423854f,0.0466697952000088f,0f,0f,0f,1f], start_interpolation: 0, interpolation_duration: 1 }
$data merge entity $(bone_bread) { transformation: [-0.09637941623502762f,-0.9726181296179439f,-0.14940237746899152f,-0.10646115449475577f,0.1818882926352688f,0.19168408728802974f,-0.681340941455979f,1.2469222337498103f,0.9785845171105164f,-0.1314198790862614f,0.11192556667742427f,0.3959251911027141f,0f,0f,0f,1f], start_interpolation: 0, interpolation_duration: 1 }
$data merge entity $(bone_hand_right) { transformation: [-0.5254058397247554f,-0.8423194803817831f,-0.12019399549265294f,-0.3085321563744864f,0.18921898276817553f,0.022053570336628303f,-0.9816872295163996f,1.3862835423735087f,0.8295449837973236f,-0.5385271887330952f,0.14779576060201416f,0.3114944599794305f,0f,0f,0f,1f], start_interpolation: 0, interpolation_duration: 1 }
$data merge entity $(bone_lowerarm_right) { transformation: [-0.8214394999314604f,-0.514937599919123f,-0.2451049084410298f,-0.5362311263387236f,0.22264356298187704f,0.10611905658926041f,-0.9691071095040735f,1.4332080627090722f,0.5250399906817454f,-0.850633889530707f,0.02747715718144958f,-0.06464521304742896f,0f,0f,0f,1f], start_interpolation: 0, interpolation_duration: 1 }
$data merge entity $(bone_arm_right) { transformation: [-0.8214394999314604f,0.3886054285702936f,-0.4174002501652949f,-0.34375f,0.22264356298187704f,0.8923432616703403f,0.3926236712352854f,1.8751968345051626f,0.5250399906817454f,0.22958511327443878f,-0.8195264998446823f,0.04907116337131653f,0f,0f,0f,1f], start_interpolation: 0, interpolation_duration: 1 }
$data merge entity $(bone_uppertail) { transformation: [-0.9995468755281369f,-0.014060989663629082f,-0.026614510922020947f,0.006145318488019471f,0.011275488696282226f,0.6449018042627176f,-0.7641822598132931f,0.45105737503395965f,0.027908904969544537f,-0.7641360817474664f,-0.6444510389432467f,-0.3110764947659187f,0f,0f,0f,1f], start_interpolation: 0, interpolation_duration: 1 }
$data merge entity $(bone_middletail) { transformation: [-0.9995468755281369f,-0.019798671462986375f,-0.022672808168371757f,0.014739771350236453f,0.011275488696282226f,0.4521136706136678f,-0.8918890582347649f,0.7891645537932853f,0.027908904969544537f,-0.8917405684685071f,-0.4516855671491667f,-0.13986824283756763f,0f,0f,0f,1f], start_interpolation: 0, interpolation_duration: 1 }
$data merge entity $(bone_tail) { transformation: [-0.9995468755281369f,-0.019456172036993975f,-0.02296738974298015f,0.021875f,0.011275488696282226f,0.4654480701803346f,-0.8850033657111493f,1.1305431309128162f,0.027908904969544537f,-0.8848613175718943f,-0.4650177864214785f,0.005485869367892776f,0f,0f,0f,1f], start_interpolation: 0, interpolation_duration: 1 }
$data merge entity $(bone_hair) { transformation: [-0.6893654271085455f,0.12155372436685122f,1.2242834101321919e-16f,0.12499999999999996f,0.12151765577285528f,0.6891608719471572f,-0.024359212836369295f,2.3661554818039727f,-0.002960953042905582f,-0.01679239916097167f,-0.9997032703507539f,0.3166407254823217f,0f,0f,0f,1f], start_interpolation: 0, interpolation_duration: 1 }
$data merge entity $(bone_ear_left) { transformation: [-0.4971442527108485f,0.39468634844237255f,-0.812817117660421f,0.142644375f,0.5203179158091477f,1.1101640186685038f,0.0007346127909388152f,2.3784694219814972f,0.6943463534033985f,-0.5493255300885116f,-0.582518492051757f,0.011497195206647062f,0f,0f,0f,1f], start_interpolation: 0, interpolation_duration: 1 }
$data merge entity $(bone_ear_right) { transformation: [-0.49714425271084817f,-0.3739574659547844f,0.8185960864432275f,-0.142644375f,-0.5203179158091477f,1.1099705986143422f,-0.015957239022072196f,2.3784694219814972f,-0.6943463534033986f,-0.5640222370336078f,-0.5741479023584645f,0.011497195206647028f,0f,0f,0f,1f], start_interpolation: 0, interpolation_duration: 1 }
$data merge entity $(bone_head) { transformation: [-1f,2.9831432029808775e-18f,1.2242834101321919e-16f,-5.028735544005485e-18f,0f,0.9997032703507539f,-0.024359212836369295f,2.000942999677311f,-1.2246467991473532e-16f,-0.024359212836369295f,-0.9997032703507539f,0.04106274190653736f,0f,0f,0f,1f], start_interpolation: 0, interpolation_duration: 1 }
$data merge entity $(bone_body) { transformation: [-1f,2.3962964389239673e-18f,1.224412332100399e-16f,-6.403984274441296e-18f,0f,0.9998085431267877f,-0.01956724535263851f,1.066084375f,-1.2246467991473532e-16f,-0.01956724535263851f,-0.9998085431267877f,0.0522925f,0f,0f,0f,1f], start_interpolation: 0, interpolation_duration: 1 }
$data merge entity $(bone_shoe_left) { transformation: [-0.9537169507482268f,0.0011845199831753265f,-0.3007034665046505f,0.13022230762191125f,0f,0.9999922415875374f,0.00393913248473445f,0.2510138701095461f,0.300705799504273f,0.0037568174219342262f,-0.9537095514187505f,0.08446881122467119f,0f,0f,0f,1f], start_interpolation: 0, interpolation_duration: 1 }
$data merge entity $(bone_lowerleg_left) { transformation: [-0.984807753012208f,0f,-0.17364817766693022f,0.12807694148814314f,0f,1f,0f,0.6879188701095461f,0.17364817766693025f,0f,-0.984807753012208f,0.07995020232173372f,0f,0f,0f,1f], start_interpolation: 0, interpolation_duration: 1 }
$data merge entity $(bone_leg_left) { transformation: [-0.984807753012208f,-0.008205177301715057f,-0.1734542149170587f,0.12499999999999999f,0f,0.9988830130412104f,-0.04725173285407683f,1.0625f,0.17364817766693025f,-0.04653387285795653f,-0.9837077355951785f,0.06250000000000001f,0f,0f,0f,1f], start_interpolation: 0, interpolation_duration: 1 }