# This file was generated by Animated Java via MC-Build. It is not recommended to edit this file directly.
$data merge entity $(bone_hammer) { transformation: [-0.00001704942576938031f,-0.000011946878484899732f,7.854636714759267e-7f,0.6685211857649613f,-0.0000012125190119959836f,0.0000030826796786399244f,0.000020568292622923926f,0.8138787001314224f,-0.000011911114824302418f,0.000016786809054841786f,-0.0000032180993111373704f,-0.3892970535418494f,0f,0f,0f,1f], start_interpolation: 0, interpolation_duration: 1 }
$data merge entity $(bone_hand_left) { transformation: [-0.8183724369302547f,0.03770225623084435f,0.573450167275187f,0.44581379830235573f,-0.05820091257580721f,0.9872780459003482f,-0.14796862457471616f,0.9451053997950842f,-0.571733511566516f,-0.15446876693459358f,-0.8057668346324057f,-0.009539580290875704f,0f,0f,0f,1f], start_interpolation: 0, interpolation_duration: 1 }
$data merge entity $(bone_lowerarm_left) { transformation: [-0.8183724369302547f,-0.08730877060019603f,0.5680173703762224f,0.40720695130258155f,-0.05820091257580721f,0.9959018861075839f,0.06922490175291217f,1.3854807650582814f,-0.571733511566516f,0.023592622228981792f,-0.8201001036021036f,0.0008927823510021804f,0f,0f,0f,1f], start_interpolation: 0, interpolation_duration: 1 }
$data merge entity $(bone_arm_left) { transformation: [-0.8183724369302547f,-0.12811498054779874f,0.5602259421269898f,0.34375f,-0.05820091257580721f,0.9882988760700063f,0.14098930929012196f,1.8749975521117064f,-0.571733511566516f,0.08277610354443836f,-0.8162529684073565f,0.041892821137856806f,0f,0f,0f,1f], start_interpolation: 0, interpolation_duration: 1 }
$data merge entity $(bone_bread) { transformation: [-0.019287314995403787f,-0.9893227830823782f,-0.09879138163215997f,-0.07077619913201039f,0.30160650654143417f,0.13199784575563925f,-0.6457458932971866f,1.3264717823669345f,0.9532373863273197f,-0.06178187104651631f,0.20231659527907914f,0.4243834966584487f,0f,0f,0f,1f], start_interpolation: 0, interpolation_duration: 1 }
$data merge entity $(bone_hand_right) { transformation: [-0.490587183904872f,-0.8701419831893523f,-0.0466598765492207f,-0.2859489723800831f,0.2639508449295775f,-0.0973583858316876f,-0.9596099708575406f,1.441622809631544f,0.830454192866319f,-0.48308826708951363f,0.2774374880062193f,0.33593163928598513f,0f,0f,0f,1f], start_interpolation: 0, interpolation_duration: 1 }
$data merge entity $(bone_lowerarm_right) { transformation: [-0.8232558496005477f,-0.54048935206706f,-0.17355421746707964f,-0.5249466077472361f,0.2349779890686258f,-0.04614784311271358f,-0.970904589148341f,1.421216810255141f,0.5167544395085013f,-0.8400843034351814f,0.16499458285071208f,-0.03554313863925909f,0f,0f,0f,1f], start_interpolation: 0, interpolation_duration: 1 }
$data merge entity $(bone_arm_right) { transformation: [-0.8204772343599723f,0.3658228042846407f,-0.4393071633405635f,-0.34375f,0.23556866911418559f,0.9165238737255061f,0.3232512815488341f,1.8751825414598058f,0.5208881934050554f,0.16173331368803945f,-0.8381633642761438f,0.04456539329684796f,0f,0f,0f,1f], start_interpolation: 0, interpolation_duration: 1 }
$data merge entity $(bone_uppertail) { transformation: [-0.9995468755281369f,-0.013590743512926853f,-0.026857686287260346f,0.006135981935794966f,0.011440099717473267f,0.6537855672946828f,-0.7565933888923586f,0.4488734985183902f,0.0278418343575513f,-0.7565578125219086f,-0.6533338415937684f,-0.30765827511673116f,0f,0f,0f,1f], start_interpolation: 0, interpolation_duration: 1 }
$data merge entity $(bone_middletail) { transformation: [-0.9995468755281369f,-0.019705884381263153f,-0.022753499570205563f,0.014761025193233069f,0.011440099717473267f,0.4504904896539111f,-0.8927079269558625f,0.7872910636069643f,0.0278418343575513f,-0.8925637214519374f,-0.4500609241063647f,-0.13706591085243838f,0f,0f,0f,1f], start_interpolation: 0, interpolation_duration: 1 }
$data merge entity $(bone_tail) { transformation: [-0.9995468755281369f,-0.01951733950899407f,-0.022915433236788584f,0.021875f,0.011440099717473267f,0.4578461234486364f,-0.888957845660586f,1.1301699006338788f,0.0278418343575513f,-0.8888171919475605f,-0.45741538185555153f,0.005354838243247867f,0f,0f,0f,1f], start_interpolation: 0, interpolation_duration: 1 }
$data merge entity $(bone_hair) { transformation: [-0.6893654271085455f,0.12155372436685122f,1.2238875337732074e-16f,0.12499999999999996f,0.12147836261024147f,0.6889380293483903f,-0.03520781265023694f,2.3690422755489244f,-0.0042796407544467225f,-0.024271048805188225f,-0.9993800127721114f,0.3071404204230384f,0f,0f,0f,1f], start_interpolation: 0, interpolation_duration: 1 }
$data merge entity $(bone_ear_left) { transformation: [-0.47511972874027775f,0.42585242826945785f,-0.8166721368236677f,0.142644375f,0.5816135585165715f,1.057387558772718f,-0.012112158340863332f,2.3738467155401164f,0.6602930500251047f,-0.6249650069321309f,-0.576974797158585f,-0.004998582997127458f,0f,0f,0f,1f], start_interpolation: 0, interpolation_duration: 1 }
$data merge entity $(bone_ear_right) { transformation: [-0.4751197287402774f,-0.4074261495568361f,0.8222157370829796f,-0.142644375f,-0.5816135585165715f,1.056957052118689f,-0.026178380184448614f,2.3738467155401164f,-0.6602930500251049f,-0.6378445912868285f,-0.5685736312070855f,-0.004998582997127493f,0f,0f,0f,1f], start_interpolation: 0, interpolation_duration: 1 }
$data merge entity $(bone_head) { transformation: [-1f,4.311713506709235e-18f,1.2238875337732074e-16f,-4.352690124436355e-18f,0f,0.9993800127721114f,-0.03520781265023694f,2.0008603856873792f,-1.2246467991473532e-16f,-0.03520781265023694f,-0.9993800127721114f,0.035542412126229925f,0f,0f,0f,1f], start_interpolation: 0, interpolation_duration: 1 }
$data merge entity $(bone_body) { transformation: [-1f,3.119294422227865e-18f,1.2242494773911907e-16f,-6.403984274441296e-18f,0f,0.9996755621649939f,-0.025470971911245262f,1.066084375f,-1.2246467991473532e-16f,-0.025470971911245262f,-0.9996755621649939f,0.0522925f,0f,0f,0f,1f], start_interpolation: 0, interpolation_duration: 1 }
$data merge entity $(bone_shoe_left) { transformation: [-0.9537169507482268f,0.0012756363779021188f,-0.3007030937774592f,0.1304587982565087f,8.514972908716637e-19f,0.9999910020797127f,0.004242140923138358f,0.2510807757346662f,0.300705799504273f,0.004045801705859791f,-0.9537083692791276f,0.0858100162611735f,0f,0f,0f,1f], start_interpolation: 0, interpolation_duration: 1 }
$data merge entity $(bone_lowerleg_left) { transformation: [-0.984807753012208f,1.734723475976807e-18f,-0.17364817766693025f,0.12831343212274057f,0f,0.9999999999999999f,-6.938893903907228e-18f,0.6879857757346661f,0.17364817766693025f,0f,-0.984807753012208f,0.08129140735823603f,0f,0f,0f,1f], start_interpolation: 0, interpolation_duration: 1 }
$data merge entity $(bone_leg_left) { transformation: [-0.984807753012208f,-0.008835818993974894f,-0.1734232334773847f,0.12499999999999999f,0f,0.9987045980408904f,-0.050883453616902545f,1.0625f,0.17364817766693025f,-0.0501104196219627f,-0.9835320311196097f,0.06250000000000001f,0f,0f,0f,1f], start_interpolation: 0, interpolation_duration: 1 }