# This file was generated by Animated Java via MC-Build. It is not recommended to edit this file directly.
$data merge entity $(bone_hammer) { transformation: [-0.000017049425769380305f,-0.000011950217517705591f,7.329119945061167e-7f,0.6706602272812744f,-0.000001281652284262663f,0.0000030896794498327458f,0.00002056305001932601f,0.8135715997946793f,-0.00001190387441694564f,0.000016783145115102276f,-0.0000032636776324850995f,-0.39113152504258036f,0f,0f,0f,1f], start_interpolation: 0, interpolation_duration: 1 }
$data merge entity $(bone_hand_left) { transformation: [-0.8183724369302546f,0.03517977573629347f,0.5736104408498683f,0.4477225608242319f,-0.06151930964460782f,0.9870264009276483f,-0.14830461359197156f,0.9450758485464152f,-0.5713859720133906f,-0.1566565263592846f,-0.8055909655249092f,-0.011605247875992113f,0f,0f,0f,1f], start_interpolation: 0, interpolation_duration: 1 }
$data merge entity $(bone_lowerarm_left) { transformation: [-0.8183724369302546f,-0.08980614778569249f,0.5676278801228236f,0.408011404850246f,-0.06151930964460782f,0.9957289274587073f,0.06884241107618892f,1.3853747336570623f,-0.5713859720133906f,0.02141865639638675f,-0.8204019210999486f,-0.002134185750714848f,0f,0f,0f,1f], start_interpolation: 0, interpolation_duration: 1 }
$data merge entity $(bone_arm_left) { transformation: [-0.8183724369302546f,-0.12973911389324114f,0.559852049026377f,0.34375f,-0.06151930964460782f,0.9883635210893434f,0.13911478972677851f,1.8749235401966278f,-0.5713859720133906f,0.07940599792252184f,-0.8168309240474685f,0.03719659759528426f,0f,0f,0f,1f], start_interpolation: 0, interpolation_duration: 1 }
$data merge entity $(bone_bread) { transformation: [0.044352670793585444f,-0.9976431655532719f,-0.03462127882309669f,-0.023060995630941827f,0.4450958084588484f,0.06665046330988691f,-0.5905316793548316f,1.4215549294147842f,0.8943839007304638f,0.01630429285262626f,0.29559870343056244f,0.4570365276069247f,0f,0f,0f,1f], start_interpolation: 0, interpolation_duration: 1 }
$data merge entity $(bone_hand_right) { transformation: [-0.4632863670198209f,-0.8847311833640454f,0.05115149378885671f,-0.25194527665417266f,0.35071027039918545f,-0.2360437119719104f,-0.9062481295291329f,1.5051207755120195f,0.8138599685265924f,-0.4019130493300479f,0.4196401463255351f,0.36752927780819683f,0f,0f,0f,1f], start_interpolation: 0, interpolation_duration: 1 }
$data merge entity $(bone_lowerarm_right) { transformation: [-0.8268396216947829f,-0.557333934308645f,-0.0755984501406956f,-0.49839137573127656f,0.23851487516952155f,-0.22573142352167178f,-0.9445400884863211f,1.4053051616735304f,0.5093592978620256f,-0.7990145243379038f,0.3195761185986487f,0.014215042827530062f,0f,0f,0f,1f], start_interpolation: 0, interpolation_duration: 1 }
$data merge entity $(bone_arm_right) { transformation: [-0.8201850896959341f,0.31220971756472243f,-0.47939702846245175f,-0.34375f,0.24133697065215107f,0.9485707650241245f,0.20486573734519378f,1.8751441187245421f,0.5187030800341514f,0.052331596571320194f,-0.8533513454394861f,0.0401355367542621f,0f,0f,0f,1f], start_interpolation: 0, interpolation_duration: 1 }
$data merge entity $(bone_uppertail) { transformation: [-0.9995468755281369f,-0.013124321771177797f,-0.0270886655261134f,0.00612704257818888f,0.011601551397436502f,0.6624324798783826f,-0.7490317841102263f,0.4467508495365234f,0.027774946032561344f,-0.749006650024032f,-0.6619800530172082f,-0.30427818757009234f,0f,0f,0f,1f], start_interpolation: 0, interpolation_duration: 1 }
$data merge entity $(bone_middletail) { transformation: [-0.9995468755281369f,-0.01961434616119984f,-0.022832455991585333f,0.014782018508092165f,0.011601551397436502f,0.4488928452977539f,-0.8935102783100254f,0.7854725400250133f,0.027774946032561344f,-0.8933702988487783f,-0.4484618841191891f,-0.1342920050103751f,0f,0f,0f,1f], start_interpolation: 0, interpolation_duration: 1 }
$data merge entity $(bone_tail) { transformation: [-0.9995468755281369f,-0.0195773501076678f,-0.022864185633887237f,0.021875f,0.011601551397436502f,0.4503390297872279f,-0.8927822591513962f,1.129803169046983f,0.027774946032561344f,-0.8926429776865217f,-0.4499078425186966f,0.005229950007446867f,0f,0f,0f,1f], start_interpolation: 0, interpolation_duration: 1 }
$data merge entity $(bone_hair) { transformation: [-0.6893654271085455f,0.12155372436685122f,1.223347522838148e-16f,0.12499999999999996f,0.12142476320476313f,0.6886340520145585f,-0.04605164108129262f,2.371855143066946f,-0.00559774848663669f,-0.03174640922305472f,-0.9989390603804217f,0.2977018310271502f,0f,0f,0f,1f], start_interpolation: 0, interpolation_duration: 1 }
$data merge entity $(bone_ear_left) { transformation: [-0.44756950560657377f,0.4530057657428614f,-0.8235611712923278f,0.142644375f,0.6399161458663752f,0.9985397419939149f,-0.022764098139294683f,2.3690722685427317f,0.6246509936841618f,-0.6983581887988783f,-0.5667704940939619f,-0.021189761098366525f,0f,0f,0f,1f], start_interpolation: 0, interpolation_duration: 1 }
$data merge entity $(bone_ear_right) { transformation: [-0.44756950560657366f,-0.43680531227883374f,0.8287235917933484f,-0.142644375f,-0.6399161458663754f,0.9979797714696201f,-0.03434731341000894f,2.3690722685427317f,-0.6246509936841618f,-0.7093923420100018f,-0.5586031421918839f,-0.02118976109836656f,0f,0f,0f,1f], start_interpolation: 0, interpolation_duration: 1 }
$data merge entity $(bone_head) { transformation: [-1f,5.639699484568776e-18f,1.223347522838148e-16f,-3.688092355794727e-18f,0f,0.9989390603804217f,-0.04605164108129262f,2.0007473832071696f,-1.2246467991473532e-16f,-0.04605164108129262f,-0.9989390603804217f,0.030115559509586935f,0f,0f,0f,1f], start_interpolation: 0, interpolation_duration: 1 }
$data merge entity $(bone_body) { transformation: [-1f,3.8300182300631e-18f,1.2240477436348616e-16f,-6.403984274441296e-18f,0f,0.9995108340519825f,-0.03127447222113109f,1.066084375f,-1.2246467991473532e-16f,-0.03127447222113109f,-0.9995108340519825f,0.0522925f,0f,0f,0f,1f], start_interpolation: 0, interpolation_duration: 1 }
$data merge entity $(bone_shoe_left) { transformation: [-0.9537169507482268f,0.0013667526555055237f,-0.30070269344101774f,0.13069524508346586f,0f,0.9999896707570644f,0.004545148972047353f,0.2511526328975888f,0.300705799504273f,0.004334785618317439f,-0.9537070995741506f,0.08715097285220198f,0f,0f,0f,1f], start_interpolation: 0, interpolation_duration: 1 }
$data merge entity $(bone_lowerleg_left) { transformation: [-0.984807753012208f,0f,-0.17364817766693025f,0.12854987894969774f,0f,1f,0f,0.6880576328975888f,0.17364817766693025f,0f,-0.9848077530122079f,0.08263236394926451f,0f,0f,0f,1f], start_interpolation: 0, interpolation_duration: 1 }
$data merge entity $(bone_leg_left) { transformation: [-0.984807753012208f,-0.00946634386586068f,-0.17338995916966776f,0.12499999999999999f,0f,0.9985129789397631f,-0.05451450163800632f,1.0625f,0.17364817766693025f,-0.05368630386470534f,-0.9833433231431943f,0.06250000000000001f,0f,0f,0f,1f], start_interpolation: 0, interpolation_duration: 1 }