# This file was generated by Animated Java via MC-Build. It is not recommended to edit this file directly.
$data merge entity $(bone_hammer) { transformation: [-0.000017049425769380305f,-0.00001195330002497998f,6.807916164158518e-7f,0.672783751688445f,-0.000001348968847068333f,0.00000309494659386533f,0.000020557951415657605f,0.8132992200805305f,-0.000011896433993504426f,0.000016779979197594763f,-0.0000033068011951517994f,-0.39299245332004834f,0f,0f,0f,1f], start_interpolation: 0, interpolation_duration: 1 }
$data merge entity $(bone_hand_left) { transformation: [-0.8183724369302546f,0.03267799758796075f,0.573758401199039f,0.4496226795639137f,-0.06475050465927996f,0.9867816679515649f,-0.1485574365055356f,0.9450400591920936f,-0.5710288316882124f,-0.1587264573672862f,-0.8054390014845484f,-0.01367958401106874f,0f,0f,0f,1f], start_interpolation: 0, interpolation_duration: 1 }
$data merge entity $(bone_lowerarm_left) { transformation: [-0.8183724369302546f,-0.09228064828346226f,0.5672308493243471f,0.40881733040107027f,-0.06475050465927996f,0.995544716525153f,0.06854261116430645f,1.3852574885305595f,-0.5710288316882124f,0.019364899980032893f,-0.8207015742823688f,-0.005116667301147945f,0f,0f,0f,1f], start_interpolation: 0, interpolation_duration: 1 }
$data merge entity $(bone_arm_left) { transformation: [-0.8183724369302546f,-0.13136621910626167f,0.559472493470914f,0.34375f,-0.06475050465927996f,0.988401700245702f,0.13736612063305154f,1.8748252056835089f,-0.5710288316882124f,0.07619052059889833f,-0.8173867370783943f,0.03262144993299389f,0f,0f,0f,1f], start_interpolation: 0, interpolation_duration: 1 }
$data merge entity $(bone_bread) { transformation: [0.08498991775965943f,-0.9951550488813565f,0.03157024131311548f,0.024876794822776882f,0.5913167546413044f,0.010449122196790714f,-0.5150374056009217f,1.5269436294984065f,0.8019483833512491f,0.09776116064809284f,0.37641711268809164f,0.4823754159909973f,0f,0f,0f,1f], start_interpolation: 0, interpolation_duration: 1 }
$data merge entity $(bone_hand_right) { transformation: [-0.44962512522881637f,-0.8791762886058813f,0.15775392329878757f,-0.21526382904890912f,0.43859240207219236f,-0.37116251029192737f,-0.8184589762464207f,1.575471227532362f,0.7781220672924756f,-0.29881004753351803f,0.5524840304348181f,0.3965828434944677f,0f,0f,0f,1f], start_interpolation: 0, interpolation_duration: 1 }
$data merge entity $(bone_lowerarm_right) { transformation: [-0.8316568119382045f,-0.5542057583331517f,0.03468320324246932f,-0.4603266878118496f,0.234666311305503f,-0.40738123283705074f,-0.8825940479464119f,1.3953323386372285f,0.5032679897381225f,-0.7258763727815783f,0.46885479835702665f,0.07560938490511354f,0f,0f,0f,1f], start_interpolation: 0, interpolation_duration: 1 }
$data merge entity $(bone_arm_right) { transformation: [-0.820394778948393f,0.23535987444663634f,-0.5211124026298752f,-0.34375f,0.24230762298730635f,0.9685824883603112f,0.055990883936484194f,1.8750833524031951f,0.5179183550681121f,-0.08033487874025211f,-0.8516495081553972f,0.03581851527908242f,0f,0f,0f,1f], start_interpolation: 0, interpolation_duration: 1 }
$data merge entity $(bone_uppertail) { transformation: [-0.9995468755281369f,-0.012665811559833123f,-0.027306058658654014f,0.006118393500205906f,0.011758481301092062f,0.6707810971734495f,-0.741562173922238f,0.4447106798979369f,0.027708874741333774f,-0.7415472317339701f,-0.6703282191346676f,-0.3009748422579773f,0f,0f,0f,1f], start_interpolation: 0, interpolation_duration: 1 }
$data merge entity $(bone_middletail) { transformation: [-0.9995468755281369f,-0.01952461110546608f,-0.022909237942789953f,0.014802477766765984f,0.011758481301092062f,0.44734430923772545f,-0.8942845224592196f,0.7837258418234224f,0.027708874741333774f,-0.8941486781032574f,-0.4469120268092664f,-0.13157619662572528f,0f,0f,0f,1f], start_interpolation: 0, interpolation_duration: 1 }
$data merge entity $(bone_tail) { transformation: [-0.9995468755281369f,-0.019635448333172947f,-0.022814311094011844f,0.021875f,0.011758481301092062f,0.44300345523280904f,-0.8964427905724295f,1.1294463861131707f,0.027708874741333774f,-0.896304852056792f,-0.44257183647405895f,0.005111248929939735f,0f,0f,0f,1f], start_interpolation: 0, interpolation_duration: 1 }
$data merge entity $(bone_hair) { transformation: [-0.6893654271085455f,0.12155372436685122f,1.2226679839249112e-16f,0.12499999999999996f,0.12135731478958443f,0.6882515330437936f,-0.05682463912864562f,2.374579633573427f,-0.006907246521889262f,-0.03917294162320774f,-0.9983841747483276f,0.28839629091437824f,0f,0f,0f,1f], start_interpolation: 0, interpolation_duration: 1 }
$data merge entity $(bone_ear_left) { transformation: [-0.41523174286150405f,0.47522767240813396f,-0.8330358157713268f,0.142644375f,0.6942079730282019f,0.9348686986192997f,-0.030457621668780927f,2.364194951536944f,0.587926772569742f,-0.7682311993920871f,-0.5523799986643991f,-0.03694851659486979f,0f,0f,0f,1f], start_interpolation: 0, interpolation_duration: 1 }
$data merge entity $(bone_ear_right) { transformation: [-0.4152317428615037f,-0.4611876193541908f,0.8376921569829451f,-0.142644375f,-0.694207973028202f,0.9342786883486603f,-0.03975198933352438f,2.364194951536944f,-0.5879267725697421f,-0.7774505207741012f,-0.5446940696145759f,-0.03694851659486983f,0f,0f,0f,1f], start_interpolation: 0, interpolation_duration: 1 }
$data merge entity $(bone_head) { transformation: [-1f,6.95901124215993e-18f,1.2226679839249112e-16f,-3.0406477314314407e-18f,0f,0.9983841747483276f,-0.05682463912864562f,2.000606980021762f,-1.2246467991473532e-16f,-0.05682463912864562f,-0.9983841747483276f,0.024828772945378684f,0f,0f,0f,1f], start_interpolation: 0, interpolation_duration: 1 }
$data merge entity $(bone_body) { transformation: [-1f,4.522368379668697e-18f,1.223811505537399e-16f,-6.403984274441296e-18f,0f,0.9993179310062821f,-0.036927940225845904f,1.066084375f,-1.2246467991473532e-16f,-0.036927940225845904f,-0.9993179310062821f,0.0522925f,0f,0f,0f,1f], start_interpolation: 0, interpolation_duration: 1 }
$data merge entity $(bone_shoe_left) { transformation: [-0.9537169507482268f,0.001457868807619648f,-0.30070226549536305f,0.13093164497666543f,9.05707399495939e-19f,0.9999882476197139f,0.0048481566036405275f,0.2512294406482745f,0.300705799504273f,0.004623769132773917f,-0.9537057423039367f,0.08849166326866437f,0f,0f,0f,1f], start_interpolation: 0, interpolation_duration: 1 }
$data merge entity $(bone_lowerleg_left) { transformation: [-0.984807753012208f,0f,-0.17364817766693025f,0.1287862788428973f,0f,0.9999999999999999f,-6.938893903907228e-18f,0.6881344406482744f,0.17364817766693025f,-1.3877787807814457e-17f,-0.984807753012208f,0.08397305436572688f,0f,0f,0f,1f], start_interpolation: 0, interpolation_duration: 1 }
$data merge entity $(bone_leg_left) { transformation: [-0.984807753012208f,-0.010096743581059569f,-0.1733543924338351f,0.12499999999999999f,0f,0.9983081582712682f,-0.058144828910475836f,1.0625f,0.17364817766693025f,-0.057261478308604986f,-0.9831416141608834f,0.06250000000000001f,0f,0f,0f,1f], start_interpolation: 0, interpolation_duration: 1 }