# This file was generated by Animated Java via MC-Build. It is not recommended to edit this file directly.
$data merge entity $(bone_hammer) { transformation: [-0.000017049425769380305f,-0.000011956110625180398f,6.295057034030017e-7f,0.6748777568672056f,-0.000001413879073880917f,0.0000030983408556170615f,0.000020553077815369496f,0.813067868670622f,-0.000011888894173833418f,0.000016777350221016435f,-0.000003347012498113401f,-0.3948701308501837f,0f,0f,0f,1f], start_interpolation: 0, interpolation_duration: 1 }
$data merge entity $(bone_hand_left) { transformation: [-0.8183724369302546f,0.030216273763343945f,0.5738933100086591f,0.4515016964492768f,-0.06786619554628401f,0.9865477351377356f,-0.14872036106961872f,0.9450003290371185f,-0.570666920344004f,-0.16065659990944306f,-0.8053128106087888f,-0.015750456922796315f,0f,0f,0f,1f], start_interpolation: 0, interpolation_duration: 1 }
$data merge entity $(bone_lowerarm_left) { transformation: [-0.8183724369302546f,-0.09471321903473867f,0.5668297457022822f,0.4096206949073533f,-0.06786619554628401f,0.9953515921828284f,0.06833291623501773f,1.385132361205463f,-0.570666920344004f,0.0174531968185209f,-0.8209961339408998f,-0.008032871454606606f,0f,0f,0f,1f], start_interpolation: 0, interpolation_duration: 1 }
$data merge entity $(bone_arm_left) { transformation: [-0.8183724369302546f,-0.13298815375617073f,0.559089174849023f,0.34375f,-0.06786619554628401f,0.9884132432407436f,0.13576980551060724f,1.8747057957481439f,-0.570666920344004f,0.07316701132914799f,-0.8179155546132194f,0.028207663844362012f,0f,0f,0f,1f], start_interpolation: 0, interpolation_duration: 1 }
$data merge entity $(bone_bread) { transformation: [0.1014065815766261f,-0.9843789895288971f,0.08867702286562967f,0.06444848042164525f,0.7192119015525733f,-0.027416064132105303f,-0.42774737545778635f,1.6329565257192709f,0.6873506716939138f,0.1739148193845818f,0.4344922931375459f,0.4950525469346709f,0f,0f,0f,1f], start_interpolation: 0, interpolation_duration: 1 }
$data merge entity $(bone_hand_right) { transformation: [-0.4511318557184552f,-0.8548025151098595f,0.2565008945752061f,-0.18279792256294072f,0.5156593014019596f,-0.4842429259114718f,-0.7068269049649565f,1.6476104551343784f,0.7284061597993704f,-0.18660506120294426f,0.6592442775631648f,0.41735254008859185f,0f,0f,0f,1f], start_interpolation: 0, interpolation_duration: 1 }
$data merge entity $(bone_lowerarm_right) { transformation: [-0.8368194563448148f,-0.5291455836334832f,0.14049252223498918f,-0.41677948532587156f,0.22560784846175613f,-0.5671086830590847f,-0.7921419319234702f,1.3968420843441893f,0.49883293415253366f,-0.6311835651537281f,0.5939469764925175f,0.13825105737217774f,0f,0f,0f,1f], start_interpolation: 0, interpolation_duration: 1 }
$data merge entity $(bone_arm_right) { transformation: [-0.8208382439256505f,0.14744123220365235f,-0.5518021931410956f,-0.34375f,0.24082721583198438f,0.9653717352200379f,-0.10029788109859444f,1.8750027719453644f,0.5179061975142498f,-0.2152173224545869f,-0.8279219013239166f,0.03165122734389014f,0f,0f,0f,1f], start_interpolation: 0, interpolation_duration: 1 }
$data merge entity $(bone_uppertail) { transformation: [-0.9995468755281369f,-0.012219395979439777f,-0.027508725594558307f,0.00610992038195635f,0.011909540227219143f,0.6787726106201734f,-0.7342519362749076f,0.44277321493214533f,0.027644284644665798f,-0.7342468450281365f,-0.6783195147515015f,-0.29778748369304797f,0f,0f,0f,1f], start_interpolation: 0, interpolation_duration: 1 }
$data merge entity $(bone_middletail) { transformation: [-0.9995468755281369f,-0.019437240102256236f,-0.02298341400110737f,0.014822125094236653f,0.011909540227219143f,0.4458685312862854f,-0.8950192264192915f,0.7820668607599971f,0.027644284644665798f,-0.8948873931986181f,-0.445435008750622f,-0.1289487622253444f,0f,0f,0f,1f], start_interpolation: 0, interpolation_duration: 1 }
$data merge entity $(bone_tail) { transformation: [-0.9995468755281369f,-0.019690885132924916f,-0.022766481164664263f,0.021875f,0.011909540227219143f,0.4359171561418525f,-0.8999079929819359f,1.1291029565455788f,0.027644284644665798f,-0.8997713609711535f,-0.43548512202209955f,0.004998688760367069f,0f,0f,0f,1f], start_interpolation: 0, interpolation_duration: 1 }
$data merge entity $(bone_hair) { transformation: [-0.6893654271085455f,0.12155372436685122f,1.2218569522562364e-16f,0.12499999999999996f,0.12127681490996568f,0.6877949955400303f,-0.06746092255677458f,2.3772033498861536f,-0.008200126385999758f,-0.046505227691487405f,-0.9977219171331203f,0.2792958163719391f,0f,0f,0f,1f], start_interpolation: 0, interpolation_duration: 1 }
$data merge entity $(bone_ear_left) { transformation: [-0.37906467973079133f,0.4919031485375379f,-0.8444721538074822f,0.142644375f,0.7436717366139641f,0.8679395132930214f,-0.034662102301129614f,2.359269724454997f,0.550692579160246f,-0.833494027407234f,-0.5344766787314656f,-0.052150019958674146f,0f,0f,0f,1f], start_interpolation: 0, interpolation_duration: 1 }
$data merge entity $(bone_ear_right) { transformation: [-0.37906467973079144f,-0.47996498277046684f,0.8485272525689889f,-0.142644375f,-0.7436717366139639f,0.8673996169990581f,-0.04190276729605058f,2.359269724454997f,-0.5506925791602462f,-0.8409824729113167f,-0.5274899617439718f,-0.052150019958674174f,0f,0f,0f,1f], start_interpolation: 0, interpolation_duration: 1 }
$data merge entity $(bone_head) { transformation: [-1f,8.261580287668147e-18f,1.2218569522562364e-16f,-2.4160555103337912e-18f,0f,0.9977219171331203f,-0.06746092255677458f,2.0004431644341905f,-1.2246467991473532e-16f,-0.06746092255677458f,-0.9977219171331203f,0.01972859041493387f,0f,0f,0f,1f], start_interpolation: 0, interpolation_duration: 1 }
$data merge entity $(bone_body) { transformation: [-1f,5.190253046749663e-18f,1.2235464478281681e-16f,-6.403984274441296e-18f,0f,0.9991014949616892f,-0.04238163240506013f,1.066084375f,-1.2246467991473532e-16f,-0.04238163240506013f,-0.9991014949616892f,0.0522925f,0f,0f,0f,1f], start_interpolation: 0, interpolation_duration: 1 }
$data merge entity $(bone_shoe_left) { transformation: [-0.9537169507482268f,0.0015489848258786005f,-0.3007018099405343f,0.13116799481061064f,9.599175081202142e-19f,0.9999867326677926f,0.0051511637900970575f,0.2513111979712302f,0.30070579950427295f,0.004912752222696053f,-0.9537042974686096f,0.08983206978498742f,0f,0f,0f,1f], start_interpolation: 0, interpolation_duration: 1 }
$data merge entity $(bone_lowerleg_left) { transformation: [-0.984807753012208f,1.734723475976807e-18f,-0.1736481776669302f,0.12902262867684253f,0f,0.9999999999999999f,-6.938893903907228e-18f,0.6882161979712301f,0.17364817766693022f,0f,-0.984807753012208f,0.08531346088204995f,0f,0f,0f,1f], start_interpolation: 0, interpolation_duration: 1 }
$data merge entity $(bone_leg_left) { transformation: [-0.984807753012208f,-0.010727009804913434f,-0.1733165337401226f,0.12499999999999999f,0f,0.9980901387433864f,-0.06177438743692788f,1.0625f,0.17364817766693022f,-0.06083589568546652f,-0.9829269068395173f,0.06250000000000001f,0f,0f,0f,1f], start_interpolation: 0, interpolation_duration: 1 }