# This file was generated by Animated Java via MC-Build. It is not recommended to edit this file directly.
$data merge entity $(bone_hammer) { transformation: [-0.000017049425769380305f,-0.000011958640703335041f,5.794577126132318e-7f,0.6769284231127802f,-0.000001475795099570449f,0.000003099721476028668f,0.000020548516573536602f,0.8128843048225943f,-0.000011881367241872983f,0.0000167752918626581f,-0.0000033838547788228938f,-0.3967547427000136f,0f,0f,0f,1f], start_interpolation: 0, interpolation_duration: 1 }
$data merge entity $(bone_hand_left) { transformation: [-0.8183724369302546f,0.027813970205434996f,0.5740147537600819f,0.4533471895226186f,-0.07083816477938154f,0.9863287955297568f,-0.14878663084937582f,0.9449594186499513f,-0.5703056276099031f,-0.1624250293834987f,-0.8052140094075887f,-0.017805719850247773f,0f,0f,0f,1f], start_interpolation: 0, interpolation_duration: 1 }
$data merge entity $(bone_lowerarm_left) { transformation: [-0.8183724369302546f,-0.09708486364488833f,0.5664283570972499f,0.41041747637964454f,-0.07083816477938154f,0.9951521857233048f,0.06822083010942148f,1.385003275774475f,-0.5703056276099031f,0.015705301690282794f,-0.8212824329153108f,-0.010861031759075851f,0f,0f,0f,1f], start_interpolation: 0, interpolation_duration: 1 }
$data merge entity $(bone_arm_left) { transformation: [-0.8183724369302546f,-0.1345967977380836f,0.5587040867145054f,0.34375f,-0.07083816477938154f,0.9883983896234556f,0.1343524387588439f,1.8745693531348429f,-0.5703056276099031f,0.07037276055700187f,-0.8184125889110342f,0.023995476204314137f,0f,0f,0f,1f], start_interpolation: 0, interpolation_duration: 1 }
$data merge entity $(bone_bread) { transformation: [0.10209140379184621f,-0.9708280026480138f,0.12877447016579313f,0.09127841367674766f,0.8145760514000597f,-0.04360207376165692f,-0.3433177025446309f,1.726696361180046f,0.5710019279803685f,0.2357792366561381f,0.46674380422045f,0.49621670481865254f,0f,0f,0f,1f], start_interpolation: 0, interpolation_duration: 1 }
$data merge entity $(bone_hand_right) { transformation: [-0.4636311409164539f,-0.8207809538669366f,0.33371363613401983f,-0.1589585708056756f,0.5733134288517336f,-0.5650702898823871f,-0.5933020139781287f,1.7130820763187733f,0.6755426540720989f,-0.08375078066213505f,0.7325489261938124f,0.42854902165409015f,0f,0f,0f,1f], start_interpolation: 0, interpolation_duration: 1 }
$data merge entity $(bone_lowerarm_right) { transformation: [-0.8415280236628823f,-0.49041920861963706f,0.22653826433283306f,-0.37581581461717134f,0.21444890728496838f,-0.6881618697793331f,-0.69314133273532f,1.4087854995257245f,0.49582481942146317f,-0.5347169726114007f,0.6842773616355959f,0.19210386032748641f,0f,0f,0f,1f], start_interpolation: 0, interpolation_duration: 1 }
$data merge entity $(bone_arm_right) { transformation: [-0.8212571788011768f,0.0647385531703144f,-0.5668735008808812f,-0.34375f,0.23922616064841432f,0.941062644707088f,-0.23910655114053275f,1.874905590732204f,0.5179840637789459f,-0.33197894281161194f,-0.7883416081881848f,0.027670540216109835f,0f,0f,0f,1f], start_interpolation: 0, interpolation_duration: 1 }
$data merge entity $(bone_uppertail) { transformation: [-0.9995468755281369f,-0.011789336142190257f,-0.02769576096202274f,0.006101502103487888f,0.012053391560998647f,0.6863507213474735f,-0.7271708210989217f,0.44095772822736334f,0.02758186675727919f,-0.7271751500561119f,-0.6858976175545841f,-0.2947559165773117f,0f,0f,0f,1f], start_interpolation: 0, interpolation_duration: 1 }
$data merge entity $(bone_middletail) { transformation: [-0.9995468755281369f,-0.019352800079201014f,-0.023054560308831167f,0.01484067868305846f,0.012053391560998647f,0.44448923054954925f,-0.8957030979500668f,0.780510590205989f,0.02758186675727919f,-0.8955751185995309f,-0.44405455472455135f,-0.12644051267205816f,0f,0f,0f,1f], start_interpolation: 0, interpolation_duration: 1 }
$data merge entity $(bone_tail) { transformation: [-0.9995468755281369f,-0.01974291732249057f,-0.02272137402395282f,0.021875f,0.012053391560998647f,0.42915883743331723f,-0.9031486079293711f,1.1287762418239957f,0.02758186675727919f,-0.9030132388113038f,-0.4287264059487155f,0.004892141252627935f,0f,0f,0f,1f], start_interpolation: 0, interpolation_duration: 1 }
$data merge entity $(bone_hair) { transformation: [-0.6893654271085455f,0.12155372436685122f,1.2209258078465384e-16f,0.12499999999999996f,0.12118439310230572f,0.6872708454225123f,-0.07789485195128175f,2.3797158624262833f,-0.009468409363682869f,-0.05369801788495225f,-0.9969615800217618f,0.2704730516150736f,0f,0f,0f,1f], start_interpolation: 0, interpolation_duration: 1 }
$data merge entity $(bone_ear_left) { transformation: [-0.3401988959198408f,0.5027855959612996f,-0.857136420910647f,0.142644375f,0.7877281063072491f,0.7995259704783406f,-0.03514054732833296f,2.354357241722848f,0.5135651290231033f,-0.8932887926222453f,-0.5138893829239436f,-0.06667249699376074f,0f,0f,0f,1f], start_interpolation: 0, interpolation_duration: 1 }
$data merge entity $(bone_ear_right) { transformation: [-0.3401988959198407f,-0.49289013753677f,0.8605305485647426f,-0.142644375f,-0.787728106307249f,0.7990896876173157f,-0.04059001790481296f,2.354357241722848f,-0.5135651290231034f,-0.8991746123321348f,-0.5077791108674619f,-0.06667249699376077f,0f,0f,0f,1f], start_interpolation: 0, interpolation_duration: 1 }
$data merge entity $(bone_head) { transformation: [-1f,9.539368111219416e-18f,1.2209258078465384e-16f,-1.8200074723920713e-18f,0f,0.9969615800217618f,-0.07789485195128175f,2.000260843876754f,-1.2246467991473532e-16f,-0.07789485195128175f,-0.9969615800217618f,0.014861488828119516f,0f,0f,0f,1f], start_interpolation: 0, interpolation_duration: 1 }
$data merge entity $(bone_body) { transformation: [-1f,5.827589316247552e-18f,1.2232594585524256e-16f,-6.403984274441296e-18f,0f,0.9988671504339917f,-0.047585877987881456f,1.066084375f,-1.2246467991473532e-16f,-0.047585877987881456f,-0.9988671504339917f,0.0522925f,0f,0f,0f,1f], start_interpolation: 0, interpolation_duration: 1 }
$data merge entity $(bone_shoe_left) { transformation: [-0.9537169507482268f,0.0016401007019165048f,-0.3007013267765734f,0.1314042914604665f,-9.141514467051351e-19f,0.9999851259014393f,0.005454170503596142f,0.2513979037855238f,0.300705799504273f,0.005201734861550633f,-0.9537027650683026f,0.09117217467935158f,0f,0f,0f,1f], start_interpolation: 0, interpolation_duration: 1 }
$data merge entity $(bone_lowerleg_left) { transformation: [-0.984807753012208f,3.469446951953614e-18f,-0.17364817766693022f,0.1292589253266984f,-8.673617379884035e-19f,0.9999999999999999f,0f,0.6883029037855237f,0.17364817766693025f,0f,-0.984807753012208f,0.08665356577641412f,0f,0f,0f,1f], start_interpolation: 0, interpolation_duration: 1 }
$data merge entity $(bone_leg_left) { transformation: [-0.984807753012208f,-0.011357134204529077f,-0.17327638358906872f,0.12499999999999999f,-8.673617379884035e-19f,0.9978589232386035f,-0.06540312923014306f,1.0625f,0.17364817766693025f,-0.06440950873710426f,-0.9826992040177905f,0.06250000000000001f,0f,0f,0f,1f], start_interpolation: 0, interpolation_duration: 1 }