# This file was generated by Animated Java via MC-Build. It is not recommended to edit this file directly.
$data merge entity $(bone_hammer) { transformation: [-0.00001704942576938031f,-0.000011960888061641657f,5.31051305474863e-7f,0.6789221061813955f,-0.000001534130792228527f,0.000003098947028694934f,0.000020544360486602085f,0.8127557149174376f,-0.000011873975805285475f,0.000016773832652915042f,-0.000003416872032323471f,-0.3986363686072646f,0f,0f,0f,1f], start_interpolation: 0, interpolation_duration: 1 }
$data merge entity $(bone_hand_left) { transformation: [-0.8183724369302547f,0.025490462662793298f,0.5741226269587995f,0.4551467733266498f,-0.07363827802696928f,0.9861293033569f,-0.1487494573773566f,0.9449205210675047f,-0.5699508386537027f,-0.16400985755152642f,-0.8051439673399219f,-0.019833213860550564f,0f,0f,0f,1f], start_interpolation: 0, interpolation_duration: 1 }
$data merge entity $(bone_lowerarm_left) { transformation: [-0.8183724369302547f,-0.09937664281476717f,0.5660307741949215f,0.411203664081995f,-0.07363827802696928f,0.9949493764995603f,0.06821394441284781f,1.384874698488404f,-0.5699508386537027f,0.014142880399780892f,-0.8215570707211634f,-0.01357940893377245f,0f,0f,0f,1f], start_interpolation: 0, interpolation_duration: 1 }
$data merge entity $(bone_arm_left) { transformation: [-0.8183724369302547f,-0.13618405366711925f,0.5583193154455856f,0.34375f,-0.07363827802696928f,0.9883577080890399f,0.1331406957703133f,1.8744206257762566f,-0.5699508386537027f,0.06784500267353175f,-0.818873065334408f,0.020025068952961245f,0f,0f,0f,1f], start_interpolation: 0, interpolation_duration: 1 }
$data merge entity $(bone_bread) { transformation: [0.10236181757918736f,-0.9602223584487881f,0.14833636514523357f,0.10502744187906024f,0.8729658832948709f,-0.03850243585643358f,-0.2776383875497f,1.7943299050575912f,0.47691993552911f,0.27656931277379376f,0.4763584898636823f,0.49211649967999355f,0f,0f,0f,1f], start_interpolation: 0, interpolation_duration: 1 }
$data merge entity $(bone_hand_right) { transformation: [-0.4788448401773758f,-0.790877613653435f,0.38107770763631865f,-0.1455395520732545f,0.6086277756841988f,-0.6118935265356327f,-0.5051322033383845f,1.761658957525482f,0.6326767339654653f,-0.00994547161448818f,0.7743521407558431f,0.43268920604268546f,0f,0f,0f,1f], start_interpolation: 0, interpolation_duration: 1 }
$data merge entity $(bone_lowerarm_right) { transformation: [-0.8455379274582557f,-0.45331108311246104f,0.28208983525998393f,-0.34598804663704585f,0.20498090411685457f,-0.7634649747595394f,-0.612457395467515f,1.424064288998998f,0.49299943425630277f,-0.46003292734631784f,0.7384587081077334f,0.2292683959817356f,0f,0f,0f,1f], start_interpolation: 0, interpolation_duration: 1 }
$data merge entity $(bone_arm_right) { transformation: [-0.8214394999314605f,0.004518453778262886f,-0.5702777669941254f,-0.34375f,0.23981795481577767f,0.9099938745954311f,-0.3382284682677855f,1.8747956300095476f,0.5174210050822541f,-0.41459707159391335f,-0.7485885196323956f,0.023913283957875384f,0f,0f,0f,1f], start_interpolation: 0, interpolation_duration: 1 }
$data merge entity $(bone_uppertail) { transformation: [-0.9995468755281369f,-0.0113799527660843f,-0.02786647263255159f,0.006093011546141322f,0.012188710247599528f,0.6934614460160723f,-0.720390628917255f,0.439282647472885f,0.027522335737344656f,-0.7204038586545327f,-0.6930085147176916f,-0.2919204177964753f,0f,0f,0f,1f], start_interpolation: 0, interpolation_duration: 1 }
$data merge entity $(bone_middletail) { transformation: [-0.9995468755281369f,-0.01927186336368315f,-0.02312225993346203f,0.014857853352190354f,0.012188710247599528f,0.4432301836873006f,-0.896324963175199f,0.7790712225043523f,0.027522335737344656f,-0.8962006469262412f,-0.44279444608593227f,-0.1240827095686966f,0f,0f,0f,1f], start_interpolation: 0, interpolation_duration: 1 }
$data merge entity $(bone_tail) { transformation: [-0.9995468755281369f,-0.019790806775315514f,-0.0226796734791571f,0.021875f,0.012188710247599528f,0.42280799065656666f,-0.9061373176177311f,1.1284695639250888f,0.027522335737344656f,-0.9060031605927977f,-0.42237518159975035f,0.0047914066974429625f,0f,0f,0f,1f], start_interpolation: 0, interpolation_duration: 1 }
$data merge entity $(bone_hair) { transformation: [-0.6893654271085455f,0.12155372436685123f,1.219889138747906e-16f,0.12499999999999997f,0.12108149732046679f,0.6866872944456538f,-0.08806109490461261f,2.3821085823971733f,-0.010704154057478493f,-0.060706274300564425f,-0.9961150754627703f,0.26200120820280604f,0f,0f,0f,1f], start_interpolation: 0, interpolation_duration: 1 }
$data merge entity $(bone_ear_left) { transformation: [-0.29988313761077273f,0.5080246914182969f,-0.8702612640054715f,0.142644375f,0.8260546428711423f,0.7314866205271517f,-0.031979307331463654f,2.3495233519755345f,0.4771832255724709f,-0.9470154364629497f,-0.4915512753255742f,-0.08039721565826025f,0f,0f,0f,1f], start_interpolation: 0, interpolation_duration: 1 }
$data merge entity $(bone_ear_right) { transformation: [-0.29988313761077273f,-0.5001028155387822f,0.8729720876648435f,-0.142644375f,-0.826054642871142f,0.7311780964729394f,-0.03591236747832937f,2.3495233519755345f,-0.4771832255724709f,-0.9514598074161573f,-0.486446334162553f,-0.0803972156582603f,0f,0f,0f,1f], start_interpolation: 0, interpolation_duration: 1 }
$data merge entity $(bone_head) { transformation: [-1f,1.0784373800434513e-17f,1.219889138747906e-16f,-1.2581871174991672e-18f,0f,0.9961150754627703f,-0.08806109490461261f,2.000065740425567f,-1.2246467991473532e-16f,-0.08806109490461261f,-0.9961150754627703f,0.010273877483492927f,0f,0f,0f,1f], start_interpolation: 0, interpolation_duration: 1 }
$data merge entity $(bone_body) { transformation: [-1f,6.428303935537007e-18f,1.2229584921464397e-16f,-6.403984274441296e-18f,0f,0.9986213927133204f,-0.05249108510317132f,1.066084375f,-1.2246467991473532e-16f,-0.05249108510317132f,-0.9986213927133204f,0.0522925f,0f,0f,0f,1f], start_interpolation: 0, interpolation_duration: 1 }
$data merge entity $(bone_shoe_left) { transformation: [-0.9537169507482268f,0.001731216427367492f,-0.3007008160035247f,0.13164053180210125f,1.757204690367603e-18f,0.9999834273208017f,0.005757176716316996f,0.2514895569447979f,0.300705799504273f,0.00549071702280455f,-0.9537011451031563f,0.09251196023392498f,0f,0f,0f,1f], start_interpolation: 0, interpolation_duration: 1 }
$data merge entity $(bone_lowerleg_left) { transformation: [-0.984807753012208f,0f,-0.17364817766693025f,0.12949516566833313f,0f,1f,-1.3877787807814457e-17f,0.6883945569447979f,0.17364817766693025f,0f,-0.9848077530122081f,0.08799335133098751f,0f,0f,0f,1f], start_interpolation: 0, interpolation_duration: 1 }
$data merge entity $(bone_leg_left) { transformation: [-0.984807753012208f,-0.011987108448888395f,-0.1732339425115077f,0.12499999999999999f,0f,0.9976145148138723f,-0.06903100631370021f,1.0625f,0.17364817766693025f,-0.06798227021596664f,-0.9824585087062138f,0.06250000000000001f,0f,0f,0f,1f], start_interpolation: 0, interpolation_duration: 1 }