# This file was generated by Animated Java via MC-Build. It is not recommended to edit this file directly.
$data merge entity $(bone_hammer) { transformation: [-0.00001704942576938031f,-0.000011901483756141189f,0.0000013036652616664711f,0.6469746927069475f,-4.576971154602783e-7f,0.000002914714162227321f,0.0000206233540550704f,0.8185934451648615f,-0.00001196391959445849f,0.000016848943691893474f,-0.000002646790921571493f,-0.3727351670903851f,0f,0f,0f,1f], start_interpolation: 0, interpolation_duration: 1 }
$data merge entity $(bone_hand_left) { transformation: [-0.8183724369302547f,0.06257593255999047f,0.571271220294777f,0.426809245365412f,-0.021969461542093355f,0.989920994643379f,-0.13990627978691117f,0.9447922424740558f,-0.5742681405340074f,-0.12704596423543146f,-0.8087492972108866f,0.010195381416278727f,0f,0f,0f,1f], start_interpolation: 0, interpolation_duration: 1 }
$data merge entity $(bone_lowerarm_left) { transformation: [-0.8183724369302547f,-0.06255308927442552f,0.5712737220414237f,0.39914905120187694f,-0.021969461542093355f,0.9967371756191192f,0.07766817558287015f,1.385536962318135f,-0.5742681405340074f,0.051010918057282736f,-0.8170764890795517f,0.032751771744733434f,0f,0f,0f,1f], start_interpolation: 0, interpolation_duration: 1 }
$data merge entity $(bone_arm_left) { transformation: [-0.8183724369302547f,-0.11184666488707014f,0.5636992797817606f,0.34375f,-0.021969461542093355f,0.9862501866015432f,0.16379228366431597f,1.874039007869212f,-0.5742681405340074f,0.1216589206842667f,-0.8095771796348714f,0.09301095589615929f,0f,0f,0f,1f], start_interpolation: 0, interpolation_duration: 1 }
$data merge entity $(bone_bread) { transformation: [-0.80172892585094f,-0.21366549599523685f,-0.532982881208527f,-0.39386682681410756f,-0.06554696356626623f,0.9597166485108726f,-0.260878204523479f,0.7032997952936371f,0.5940827594040586f,-0.1824582428726306f,-0.7480566637907199f,-0.022197606573406345f,0f,0f,0f,1f], start_interpolation: 0, interpolation_duration: 1 }
$data merge entity $(bone_hand_right) { transformation: [-0.8172220525177f,-0.16435183353563032f,-0.5523917013245531f,-0.4118462060168138f,0.0008849512434594241f,0.9581170311897961f,-0.2863755775294886f,0.9487401525103073f,0.5763222481737578f,-0.23452127698255426f,-0.782848923421638f,0.06037712002522452f,0f,0f,0f,1f], start_interpolation: 0, interpolation_duration: 1 }
$data merge entity $(bone_lowerarm_right) { transformation: [-0.8199843634824455f,-0.010881338666788282f,-0.572282482794212f,-0.41665779795853425f,0.04036721680549253f,0.9962304263018971f,-0.0767816743612616f,1.3892607941406774f,0.5709607092013138f,-0.08606122343517503f,-0.8164541226359101f,0.022321922787483073f,0f,0f,0f,1f], start_interpolation: 0, interpolation_duration: 1 }
$data merge entity $(bone_arm_right) { transformation: [-0.8204775609060165f,0.14719555423805022f,-0.5524038747712287f,-0.34375f,0.04014364788861974f,0.9787330167796541f,0.20117198959992413f,1.87403949151435f,0.5702675333419469f,0.14288159670843087f,-0.8089374448856604f,0.09309296365712774f,0f,0f,0f,1f], start_interpolation: 0, interpolation_duration: 1 }
$data merge entity $(bone_uppertail) { transformation: [-0.9995468755281369f,-0.018452278547132224f,-0.023781443151291312f,0.006297156594858367f,0.009658541974997659f,0.5516742527471783f,-0.8340037358565967f,0.4720215425567639f,0.028508879123112937f,-0.8338555224211575f,-0.55124605353588f,-0.34087066104003894f,0f,0f,0f,1f], start_interpolation: 0, interpolation_duration: 1 }
$data merge entity $(bone_middletail) { transformation: [-0.9995468755281369f,-0.020750643744927837f,-0.021804917016813977f,0.014562589750015925f,0.009658541974997659f,0.46499261773389344f,-0.8852618697424501f,0.8076167279480376f,0.028508879123112937f,-0.8850713396315307f,-0.46458149723594394f,-0.16477367459817108f,0f,0f,0f,1f], start_interpolation: 0, interpolation_duration: 1 }
$data merge entity $(bone_tail) { transformation: [-0.9995468755281369f,-0.018929470823850495f,-0.023403391982104844f,0.021875f,0.009658541974997659f,0.5346941560888936f,-0.8449904567575325f,1.1340514529924217f,0.028508879123112937f,-0.8448336135469013f,-0.5342690419932908f,0.007221662153620197f,0f,0f,0f,1f], start_interpolation: 0, interpolation_duration: 1 }
$data merge entity $(bone_hair) { transformation: [-0.6893654271085455f,0.12155372436685122f,1.2210641492822912e-16f,0.12499999999999994f,0.12119812434037511f,0.687348719143336f,0.07643528606539328f,2.3356567947190716f,0.009290993694294153f,0.05269184362463371f,-0.9970745443767489f,0.40557798312829896f,0f,0f,0f,1f], start_interpolation: 0, interpolation_duration: 1 }
$data merge entity $(bone_ear_left) { transformation: [-0.4151704933307332f,0.07613399581818553f,-0.9078566228591092f,0.142644375f,-0.03887055142049403f,1.294634285075391f,0.08201823112336092f,2.4116665781562623f,0.9089128350396326f,0.09014256812454517f,-0.4111804495525636f,0.1741122200534582f,0f,0f,0f,1f], start_interpolation: 0, interpolation_duration: 1 }
$data merge entity $(bone_ear_right) { transformation: [-0.4151704933307335f,-0.027238522811963265f,0.9095023064386545f,-0.142644375f,0.038870551420494004f,1.2979371824099535f,0.040744666839757214f,2.4116665781562623f,-0.9089128350396323f,0.067949491482522f,-0.4136972645629708f,0.17411222005345817f,0f,0f,0f,1f], start_interpolation: 0, interpolation_duration: 1 }
$data merge entity $(bone_head) { transformation: [-1f,-9.360622842189617e-18f,1.2210641492822912e-16f,-1.1588063955603771e-17f,0f,0.9970745443767489f,0.07643528606539328f,2.0000516245090605f,-1.2246467991473532e-16f,0.07643528606539328f,-0.9970745443767489f,0.09462372304955055f,0f,0f,0f,1f], start_interpolation: 0, interpolation_duration: 1 }
$data merge entity $(bone_body) { transformation: [-1f,-4.620264814840026e-18f,1.223774937627803e-16f,-6.403984274441296e-18f,0f,0.9992880710420692f,0.037727325283149676f,1.066084375f,-1.2246467991473532e-16f,0.037727325283149676f,-0.9992880710420692f,0.0522925f,0f,0f,0f,1f], start_interpolation: 0, interpolation_duration: 1 }
$data merge entity $(bone_shoe_left) { transformation: [-0.9537169507482268f,0.0001822343036940309f,-0.3007057442852773f,0.1276189139036246f,-1.1321342493699237e-19f,0.9999998163687038f,0.000606021912428866f,0.2506049158879335f,0.300705799504273f,0.0005779733704082672f,-0.9537167756159473f,0.06970423176084517f,0f,0f,0f,1f], start_interpolation: 0, interpolation_duration: 1 }
$data merge entity $(bone_lowerleg_left) { transformation: [-0.984807753012208f,4.336808689942018e-19f,-0.17364817766693025f,0.12547354776985647f,0f,0.9999999999999999f,8.673617379884035e-19f,0.6875099158879334f,0.17364817766693025f,8.673617379884035e-19f,-0.984807753012208f,0.0651856228579077f,0f,0f,0f,1f], start_interpolation: 0, interpolation_duration: 1 }
$data merge entity $(bone_leg_left) { transformation: [-0.984807753012208f,-0.0012627940529506695f,-0.17364358599794466f,0.12499999999999999f,0f,0.9999735576321774f,-0.007272141118421639f,1.0625f,0.17364817766693025f,-0.0071616609544205f,-0.9847817123633684f,0.06250000000000001f,0f,0f,0f,1f], start_interpolation: 0, interpolation_duration: 1 }