# This file was generated by Animated Java via MC-Build. It is not recommended to edit this file directly.
$data merge entity $(bone_hammer) { transformation: [-0.00001704942576938031f,-0.000011962856433973952f,4.846902642889844e-7f,0.6808453265198833f,-0.0000015883016461347534f,0.000003095875285333011f,0.000020540706703429845f,0.8126896789257512f,-0.000011866851165876067f,0.00001677299615261299f,-0.0000034456089808847425f,-0.4005049850386563f,0f,0f,0f,1f], start_interpolation: 0, interpolation_duration: 1 }
$data merge entity $(bone_hand_left) { transformation: [-0.8183724369302547f,0.023265132685871118f,0.5742171088307496f,0.45688809844335265f,-0.07623847901446815f,0.9859539217646324f,-0.14860201369598428f,0.9448872218501484f,-0.5696088559620511f,-0.16538923108246745f,-0.8051038153254234f,-0.021820769283590873f,0f,0f,0f,1f], start_interpolation: 0, interpolation_duration: 1 }
$data merge entity $(bone_lowerarm_left) { transformation: [-0.8183724369302547f,-0.10156967320564964f,0.5656413669081618f,0.4119752585727295f,-0.07623847901446815f,0.9947462394978333f,0.06831993356612442f,1.3847515746280965f,-0.5696088559620511f,0.012787513042679374f,-0.8218164215442441f,-0.016166290860031088f,0f,0f,0f,1f], start_interpolation: 0, interpolation_duration: 1 }
$data merge entity $(bone_arm_left) { transformation: [-0.8183724369302547f,-0.13774184696071565f,0.5579370377279922f,0.34375f,-0.07623847901446815f,0.9882920012080892f,0.13216132061110192f,1.8742649564764782f,-0.5696088559620511f,0.06562091087420813f,-0.8192921623362709f,0.016336566557350128f,0f,0f,0f,1f], start_interpolation: 0, interpolation_duration: 1 }
$data merge entity $(bone_bread) { transformation: [0.11133714941362473f,-0.9540190750025282f,0.15261687160113213f,0.11236958458762308f,0.9041778424049568f,-0.018964350515669248f,-0.23401598219161485f,1.8354281912955048f,0.4123911595371138f,0.2991453792737554f,0.4718824201959703f,0.4877807497488596f,0f,0f,0f,1f], start_interpolation: 0, interpolation_duration: 1 }
$data merge entity $(bone_hand_right) { transformation: [-0.49102829407949006f,-0.7715816359146551f,0.40441685614307754f,-0.13765527366656055f,0.6270515492916309f,-0.6353120891068219f,-0.450760362016994f,1.7919894388862387f,0.6047293352768256f,0.03225412460430932f,0.7957776715274554f,0.4331597140199219f,0f,0f,0f,1f], start_interpolation: 0, interpolation_duration: 1 }
$data merge entity $(bone_lowerarm_right) { transformation: [-0.8480411434462655f,-0.42469293824111043f,0.3169576110941071f,-0.32544918229505154f,0.19335849438541466f,-0.8048563289863977f,-0.5610871432670202f,1.436092030912566f,0.49339508679288263f,-0.4145385360840079f,0.7646692686580072f,0.24985595509527472f,0f,0f,0f,1f], start_interpolation: 0, interpolation_duration: 1 }
$data merge entity $(bone_arm_right) { transformation: [-0.8204311621124499f,-0.036948023126709806f,-0.5705502184925031f,-0.34375f,0.23777450471152822f,0.8854716876605585f,-0.3992532720726904f,1.8746772262069364f,0.5199576839936134f,-0.46322212159890463f,-0.7176832678260006f,0.020416247990817253f,0f,0f,0f,1f], start_interpolation: 0, interpolation_duration: 1 }
$data merge entity $(bone_uppertail) { transformation: [-0.9995468755281369f,-0.010995607808858162f,-0.028020353867373518f,0.00608431659044786f,0.012314181368891517f,0.7000528525579173f,-0.7139848489728174f,0.4377656920225332f,0.027466426035309025f,-0.7140063726847518f,-0.6996002395700063f,-0.2893216357253343f,0f,0f,0f,1f], start_interpolation: 0, interpolation_duration: 1 }
$data merge entity $(bone_middletail) { transformation: [-0.9995468755281369f,-0.01919500695212777f,-0.02318610208825156f,0.014873361249430176f,0.012314181368891517f,0.4421152103071065f,-0.8968737379098114f,0.7777622756637566f,0.027466426035309025f,-0.8967528603373455f,-0.44167850628894784f,-0.12190697004985604f,0f,0f,0f,1f], start_interpolation: 0, interpolation_duration: 1 }
$data merge entity $(bone_tail) { transformation: [-0.9995468755281369f,-0.019833819378422244f,-0.022642067723668235f,0.021875f,0.012314181368891517f,0.41694471445080805f,-0.9088484285230118f,1.128186210833314f,0.027466426035309025f,-0.9087154255873497f,-0.4165115493482127f,0.00469622638734548f,0f,0f,0f,1f], start_interpolation: 0, interpolation_duration: 1 }
$data merge entity $(bone_hair) { transformation: [-0.6893654271085455f,0.12155372436685123f,1.218764551897273e-16f,0.12499999999999997f,0.12096987516119313f,0.6860542537230986f,-0.09789467738889723f,2.3843745935343104f,-0.011899462632311921f,-0.0674852060898504f,-0.9951967806112134f,0.25395400041240795f,0f,0f,0f,1f], start_interpolation: 0, interpolation_duration: 1 }
$data merge entity $(bone_ear_left) { transformation: [-0.25942882892459834f,0.5081547559924614f,-0.8831211921910374f,0.142644375f,0.8585849230447966f,0.6656423592291436f,-0.025584425330380738f,2.3448384979152044f,0.4421861741879455f,-0.9943334418403625f,-0.46844679215850643f,-0.09320838958815497f,0f,0f,0f,1f], start_interpolation: 0, interpolation_duration: 1 }
$data merge entity $(bone_ear_right) { transformation: [-0.25942882892459823f,-0.502118006582793f,0.8851620054529895f,-0.142644375f,-0.8585849230447965f,0.6654584940089942f,-0.028273331113962907f,2.3448384979152044f,-0.4421861741879452f,-0.9975181703691434f,-0.4644231291076726f,-0.09320838958815503f,0f,0f,0f,1f], start_interpolation: 0, interpolation_duration: 1 }
$data merge entity $(bone_head) { transformation: [-1f,1.1988640331787578e-17f,1.218764551897273e-16f,-7.36269385337334e-19f,0f,0.9951967806112134f,-0.09789467738889723f,1.9998642632957597f,-1.2246467991473532e-16f,-0.09789467738889723f,-0.9951967806112134f,0.006012095780187028f,0f,0f,0f,1f], start_interpolation: 0, interpolation_duration: 1 }
$data merge entity $(bone_body) { transformation: [-1f,6.986333487923832e-18f,1.2226524024028287e-16f,-6.403984274441296e-18f,0f,0.998371451469997f,-0.05704774219626417f,1.066084375f,-1.2246467991473532e-16f,-0.05704774219626417f,-0.998371451469997f,0.0522925f,0f,0f,0f,1f], start_interpolation: 0, interpolation_duration: 1 }
$data merge entity $(bone_shoe_left) { transformation: [-0.9537169507482268f,0.0018223319938657201f,-0.3007002776214351f,0.13187671271212753f,-8.5994133808086e-19f,0.9999816369260354f,0.0060601824004389545f,0.2515861562372855f,0.30070579950427295f,0.005779698679924725f,-0.9536994375733191f,0.09385140873509783f,0f,0f,0f,1f], start_interpolation: 0, interpolation_duration: 1 }
$data merge entity $(bone_lowerleg_left) { transformation: [-0.984807753012208f,0f,-0.17364817766693022f,0.1297313465783594f,-8.673617379884035e-19f,0.9999999999999999f,0f,0.6884911562372854f,0.17364817766693022f,1.3877787807814457e-17f,-0.984807753012208f,0.08933279983216036f,0f,0f,0f,1f], start_interpolation: 0, interpolation_duration: 1 }
$data merge entity $(bone_leg_left) { transformation: [-0.984807753012208f,-0.012616924208958503f,-0.1731892110685627f,0.12499999999999999f,-8.673617379884035e-19f,0.9973569167005722f,-0.07265797072261061f,1.0625f,0.17364817766693022f,-0.07155413288576094f,-0.9822048240870745f,0.06250000000000001f,0f,0f,0f,1f], start_interpolation: 0, interpolation_duration: 1 }