# This file was generated by Animated Java via MC-Build. It is not recommended to edit this file directly.
$data merge entity $(bone_hammer) { transformation: [-0.000017049425769380305f,-0.000011964554864293854f,4.4077841538669296e-7f,0.6826847545884596f,-0.0000016377245900051257f,0.0000030903631164176877f,0.000020537655459028318f,0.8126941276313391f,-0.000011860131402284761f,0.000016772801211657083f,-0.0000034696109886486547f,-0.4023504669762928f,0f,0f,0f,1f], start_interpolation: 0, interpolation_duration: 1 }
$data merge entity $(bone_hand_left) { transformation: [-0.8183724369302546f,0.02115736393856113f,0.5742986334861049f,0.4585588501057642f,-0.07861078032024602f,0.9858074620333591f,-0.14833742958804877f,0.9448634499541191f,-0.5692863073096684f,-0.16654132745513522f,-0.80509445815954f,-0.0237562055280363f,0f,0f,0f,1f], start_interpolation: 0, interpolation_duration: 1 }
$data merge entity $(bone_lowerarm_left) { transformation: [-0.8183724369302546f,-0.10364512458251211f,0.5652647544497285f,0.41272827157943465f,-0.07861078032024602f,0.9945459849648116f,0.06854654628655499f,1.3846392526807467f,-0.5692863073096684f,0.011660700692855096f,-0.8220566454746737f,-0.01859998944041444f,0f,0f,0f,1f], start_interpolation: 0, interpolation_duration: 1 }
$data merge entity $(bone_arm_left) { transformation: [-0.8183724369302546f,-0.13926212558624032f,0.557559516867965f,0.34375f,-0.07861078032024602f,0.9882021956676983f,0.13144111112959372f,1.8741081527224035f,-0.5692863073096684f,0.06373759373197593f,-0.819664943409793f,0.012970037454954897f,0f,0f,0f,1f], start_interpolation: 0, interpolation_duration: 1 }
$data merge entity $(bone_bread) { transformation: [0.09350231919052931f,-0.9528150538706734f,0.15184866960866933f,0.11638267378910686f,0.9229072891712088f,-0.025866659449617677f,-0.20198980012393436f,1.8693970736939485f,0.3734962541989448f,0.3024473326818119f,0.46110142782442415f,0.4868963491187045f,0f,0f,0f,1f], start_interpolation: 0, interpolation_duration: 1 }
$data merge entity $(bone_hand_right) { transformation: [-0.5263260372404672f,-0.7385390524285298f,0.4213561089633273f,-0.13073763487757914f,0.6163378521767818f,-0.6727555856031001f,-0.4093013242269572f,1.8119155706326888f,0.5857546879853863f,0.044271775182373074f,0.8092783547243456f,0.43203067359839203f,0f,0f,0f,1f], start_interpolation: 0, interpolation_duration: 1 }
$data merge entity $(bone_lowerarm_right) { transformation: [-0.848683208447484f,-0.400613750231897f,0.34531932298152584f,-0.30788402755824607f,0.176960453490925f,-0.8303495663733843f,-0.5283981411055667f,1.444745371751958f,0.4984193110219247f,-0.3873347657371689f,0.7755965250384778f,0.2607560818739877f,0f,0f,0f,1f], start_interpolation: 0, interpolation_duration: 1 }
$data merge entity $(bone_arm_right) { transformation: [-0.8180775640965073f,-0.07241079609691645f,-0.5705311347600021f,-0.34375f,0.23032804323589362f,0.8677547001784126f,-0.4403984250850559f,1.8745551216840781f,0.5269706743463521f,-0.49168939069994594f,-0.6932124143810948f,0.017216180542920734f,0f,0f,0f,1f], start_interpolation: 0, interpolation_duration: 1 }
$data merge entity $(bone_uppertail) { transformation: [-0.9995468755281369f,-0.010640686517993998f,-0.028157049070611742f,0.0060752813106374655f,0.012428498310210883f,0.7060747240618308f,-0.7080282596554766f,0.4364240425760483f,0.02741488740980239f,-0.7080573845610506f,-0.7056225365709861f,-0.28700047768562087f,0f,0f,0f,1f], start_interpolation: 0, interpolation_duration: 1 }
$data merge entity $(bone_middletail) { transformation: [-0.9995468755281369f,-0.019122811690359f,-0.02324568121166007f,0.01488691269697858f,0.012428498310210883f,0.441168155521551f,-0.8973383926833098f,0.7765967497804415f,0.02741488740980239f,-0.8972206956077016f,-0.4407305836012974f,-0.11994516079178891f,0f,0f,0f,1f], start_interpolation: 0, interpolation_duration: 1 }
$data merge entity $(bone_tail) { transformation: [-0.9995468755281369f,-0.019871223752253798f,-0.022609247854073367f,0.021875f,0.012428498310210883f,0.4116495192867776f,-0.911257485950441f,1.1279294438778322f,0.02741488740980239f,-0.9111255718821379f,-0.41121602134493146f,0.004606296955315593f,0f,0f,0f,1f], start_interpolation: 0, interpolation_duration: 1 }
$data merge entity $(bone_hair) { transformation: [-0.6893654271085455f,0.12155372436685123f,1.217572432198963e-16f,0.12499999999999997f,0.12085154995157221f,0.685383198112973f,-0.10733102161771071f,2.3865084419220546f,-0.013046485417731842f,-0.07399029555948966f,-0.9942233410046751f,0.24640557815293254f,0f,0f,0f,1f], start_interpolation: 0, interpolation_duration: 1 }
$data merge entity $(bone_ear_left) { transformation: [-0.22015808874325377f,0.5040467032545106f,-0.8950962144284538f,0.142644375f,0.8854884596723118f,0.6036719915696549f,-0.01664711988206796f,2.340377021648597f,0.4091950680886499f,-1.0351410761498097f,-0.44556216212273225f,-0.10499299176608962f,0f,0f,0f,1f], start_interpolation: 0, interpolation_duration: 1 }
$data merge entity $(bone_ear_right) { transformation: [-0.22015808874325365f,-0.4997792131315609f,0.8965110351530605f,-0.142644375f,-0.8854884596723116f,0.6035886339163545f,-0.018348667257023766f,2.340377021648597f,-0.40919506808864975f,-1.037256718044567f,-0.4426412658786783f,-0.10499299176608964f,0f,0f,0f,1f], start_interpolation: 0, interpolation_duration: 1 }
$data merge entity $(bone_head) { transformation: [-1f,1.3144259207334478e-17f,1.217572432198963e-16f,-2.5992095293043877e-19f,0f,0.9942233410046751f,-0.10733102161771071f,1.999663358394798f,-1.2246467991473532e-16f,-0.10733102161771071f,-0.9942233410046751f,0.0021224156476088163f,0f,0f,0f,1f], start_interpolation: 0, interpolation_duration: 1 }
$data merge entity $(bone_body) { transformation: [-1f,7.495623925471877e-18f,1.2223507454321967e-16f,-6.403984274441296e-18f,0f,0.9981251298604993f,-0.06120641421420953f,1.066084375f,-1.2246467991473532e-16f,-0.06120641421420953f,-0.9981251298604993f,0.0522925f,0f,0f,0f,1f], start_interpolation: 0, interpolation_duration: 1 }
$data merge entity $(bone_shoe_left) { transformation: [-0.9537169507482268f,0.0019134473930453508f,-0.300699711630354f,0.1321128310679438f,1.8114147989918783e-18f,0.9999797547173052f,0.006363187528141301f,0.251687700385825f,0.300705799504273f,0.006068679806378068f,-0.9536976424789481f,0.09519050247371669f,0f,0f,0f,1f], start_interpolation: 0, interpolation_duration: 1 }
$data merge entity $(bone_lowerleg_left) { transformation: [-0.984807753012208f,-1.734723475976807e-18f,-0.17364817766693022f,0.12996746493417569f,0f,1f,-1.3877787807814457e-17f,0.688592700385825f,0.17364817766693022f,-1.3877787807814457e-17f,-0.984807753012208f,0.0906718935707792f,0f,0f,0f,1f], start_interpolation: 0, interpolation_duration: 1 }
$data merge entity $(bone_leg_left) { transformation: [-0.984807753012208f,-0.013246573157801889f,-0.1731421898516383f,0.12499999999999999f,0f,0.9970861323044666f,-0.07628397450395234f,1.0625f,0.17364817766693022f,-0.07512504952207787f,-0.981938153514395f,0.06250000000000001f,0f,0f,0f,1f], start_interpolation: 0, interpolation_duration: 1 }