# This file was generated by Animated Java via MC-Build. It is not recommended to edit this file directly.
$data merge entity $(bone_hammer) { transformation: [-0.00001704942576938031f,-0.00001196599694903055f,3.997195616430427e-7f,0.68442719220143f,-0.0000016818177071151627f,0.0000030822664318626565f,0.00002053530863222719f,0.8127772904801187f,-0.000011853959166126834f,0.000016773262307511388f,-0.000003488423917615713f,-0.40416258924689236f,0f,0f,0f,1f], start_interpolation: 0, interpolation_duration: 1 }
$data merge entity $(bone_hand_left) { transformation: [-0.8183724369302547f,0.01918653895886592f,0.5743678535534663f,0.46014674581448056f,-0.0807272499415278f,0.9856948143469049f,-0.14794878872940728f,0.9448534193923279f,-0.5689900399740879f,-0.16744434804555403f,-0.8051165907605464f,-0.025627329112468178f,0f,0f,0f,1f], start_interpolation: 0, interpolation_duration: 1 }
$data merge entity $(bone_lowerarm_left) { transformation: [-0.8183724369302547f,-0.1055842151055772f,0.564905769127361f,0.41345872569748315f,-0.0807272499415278f,0.9943518902009101f,0.06890159338328314f,1.3845433958405429f,-0.5689900399740879f,0.010783875667699429f,-0.8222737028726319f,-0.020858834090657336f,0f,0f,0f,1f], start_interpolation: 0, interpolation_duration: 1 }
$data merge entity $(bone_arm_left) { transformation: [-0.8183724369302547f,-0.14073685945233189f,0.5571890979410228f,0.34375f,-0.0807272499415278f,0.988089218103081f,0.13100690128890197f,1.8739563366822252f,-0.5689900399740879f,0.06223209348830064f,-0.8199862809525226f,0.009965499715266578f,0f,0f,0f,1f], start_interpolation: 0, interpolation_duration: 1 }
$data merge entity $(bone_bread) { transformation: [0.06266013988256289f,-0.9552383812434637f,0.14549522764237255f,0.11632749761571537f,0.9319997024154255f,-0.047619965290770595f,-0.18081771812410166f,1.8967003714739863f,0.35700176689682656f,0.29197940664552524f,0.44651125834021616f,0.4899430347499301f,0f,0f,0f,1f], start_interpolation: 0, interpolation_duration: 1 }
$data merge entity $(bone_hand_right) { transformation: [-0.5728656869767608f,-0.6982242246719979f,0.4293108859158259f,-0.12587701770680995f,0.5848184503657125f,-0.7151728721826494f,-0.3827729653539635f,1.8246540795011343f,0.5742928562993717f,0.031791429272794505f,0.8180324078105353f,0.43053666244574773f,0f,0f,0f,1f], start_interpolation: 0, interpolation_duration: 1 }
$data merge entity $(bone_lowerarm_right) { transformation: [-0.8486687894169548f,-0.3819088544615158f,0.3659329347755582f,-0.29475233928901146f,0.16151931327172175f,-0.8459221038089967f,-0.5082590931086157f,1.4505978992230937f,0.5036594060571009f,-0.37223839293019423f,0.7795933436856387f,0.26593749807192746f,0f,0f,0f,1f], start_interpolation: 0, interpolation_duration: 1 }
$data merge entity $(bone_arm_right) { transformation: [-0.8155389905041373f,-0.09892272194016612f,-0.5701845754239948f,-0.34375f,0.2227644519492158f,0.8556950202584837f,-0.4670781853743533f,1.8744343389448739f,0.5341087472746147f,-0.5079373262409269f,-0.6758161870626952f,0.014349791168218315f,0f,0f,0f,1f], start_interpolation: 0, interpolation_duration: 1 }
$data merge entity $(bone_uppertail) { transformation: [-0.9995468755281369f,-0.010319580145837746f,-0.028276313188827992f,0.0060657673659249515f,0.012530360509808902f,0.7114781499215865f,-0.7025964931948141f,0.4352745431282574f,0.027368479815899127f,-0.7026324419280466f,-0.711026453701124f,-0.28499798603804843f,0f,0f,0f,1f], start_interpolation: 0, interpolation_duration: 1 }
$data merge entity $(bone_middletail) { transformation: [-0.9995468755281369f,-0.01905586136654005f,-0.023300595904788852f,0.014898217179943217f,0.012530360509808902f,0.4404128696741257f,-0.8977079114561126f,0.7755873133372798f,0.027368479815899127f,-0.8975931028996271f,-0.43997453101240525f,-0.11822928172007069f,0f,0f,0f,1f], start_interpolation: 0, interpolation_duration: 1 }
$data merge entity $(bone_tail) { transformation: [-0.9995468755281369f,-0.019902289734095212f,-0.0225819061480466f,0.021875f,0.012530360509808902f,0.4070031175413016f,-0.9133408193972038f,1.1277025069183408f,0.027368479815899127f,-0.9132099217458172f,-0.40656931160328025f,0.004521286550467567f,0f,0f,0f,1f], start_interpolation: 0, interpolation_duration: 1 }
$data merge entity $(bone_hair) { transformation: [-0.6893654271085455f,0.12155372436685123f,1.2163356505524557e-16f,0.12499999999999997f,0.12072879176899566f,0.6846870018639173f,-0.11630596802030248f,2.3885058834785107f,-0.014137423578959744f,-0.08017731331958865f,-0.9932134321498377f,0.23943045870717397f,0f,0f,0f,1f], start_interpolation: 0, interpolation_duration: 1 }
$data merge entity $(bone_ear_left) { transformation: [-0.18335918539025858f,0.4968312715736516f,-0.905714889443338f,0.142644375f,0.9071334313697227f,0.5470388763969061f,-0.006084824894995705f,2.3362163803936404f,0.3787985570516523f,-1.0695359532511843f,-0.42384373765179056f,-0.11564047319274498f,0f,0f,0f,1f], start_interpolation: 0, interpolation_duration: 1 }
$data merge entity $(bone_ear_right) { transformation: [-0.1833591853902587f,-0.494183966408072f,0.9065714751274647f,-0.142644375f,-0.9071334313697225f,0.5470197181638475f,-0.007030476277314998f,2.3362163803936404f,-0.37879855705165216f,-1.0707715140426228f,-0.4219937593004507f,-0.11564047319274501f,0f,0f,0f,1f], start_interpolation: 0, interpolation_duration: 1 }
$data merge entity $(bone_head) { transformation: [-1f,1.4243373145779787e-17f,1.2163356505524557e-16f,1.651988566291606e-19f,0f,0.9932134321498377f,-0.11630596802030248f,1.9994703350033265f,-1.2246467991473532e-16f,-0.11630596802030248f,-0.9932134321498377f,-0.0013489510342425057f,0f,0f,0f,1f], start_interpolation: 0, interpolation_duration: 1 }
$data merge entity $(bone_body) { transformation: [-1f,7.95012942549393e-18f,1.2220635527146889e-16f,-6.403984274441296e-18f,0f,0.9978906192099936f,-0.06491773326831148f,1.066084375f,-1.2246467991473532e-16f,-0.06491773326831148f,-0.9978906192099936f,0.0522925f,0f,0f,0f,1f], start_interpolation: 0, interpolation_duration: 1 }
$data merge entity $(bone_shoe_left) { transformation: [-0.9537169507482268f,0.0020045626165405674f,-0.30069911803033345f,0.13234888374777554f,8.057312294565848e-19f,0.9999777806947835f,0.006666192071603469f,0.25179418804787845f,0.300705799504273f,0.0063576603756316675f,-0.9536957598202083f,0.09652922374531836f,0f,0f,0f,1f], start_interpolation: 0, interpolation_duration: 1 }
$data merge entity $(bone_lowerleg_left) { transformation: [-0.984807753012208f,0f,-0.17364817766693025f,0.13020351761400742f,8.673617379884035e-19f,1f,0f,0.6886991880478784f,0.17364817766693025f,0f,-0.9848077530122081f,0.09201061484238089f,0f,0f,0f,1f], start_interpolation: 0, interpolation_duration: 1 }
$data merge entity $(bone_leg_left) { transformation: [-0.984807753012208f,-0.013876046970686479f,-0.17309287948241275f,0.12499999999999999f,8.673617379884035e-19f,0.9968021652056576f,-0.07990896971750398f,1.0625f,0.17364817766693025f,-0.07869497291301568f,-0.9816585005138875f,0.06250000000000001f,0f,0f,0f,1f], start_interpolation: 0, interpolation_duration: 1 }