# This file was generated by Animated Java via MC-Build. It is not recommended to edit this file directly.
$data merge entity $(bone_hammer) { transformation: [-0.000017049425769380305f,-0.00001196719994353624f,3.61917426486698e-7f,0.6860595498281563f,-0.0000017199998667431645f,0.000003071440164942364f,0.000020533768128362614f,0.8129476339564454f,-0.00001184847919230869f,0.000016774389962153103f,-0.0000035015939234615607f,-0.40593102728899355f,0f,0f,0f,1f], start_interpolation: 0, interpolation_duration: 1 }
$data merge entity $(bone_hand_left) { transformation: [-0.8183724369302546f,0.017372036471361374f,0.5744255972897394f,0.46163953190523904f,-0.08255999360367187f,0.9856208701614053f,-0.14742912791723323f,0.9448615616571856f,-0.568727001230817f,-0.16807650832615473f,-0.805170718183349f,-0.027421929830238487f,0f,0f,0f,1f], start_interpolation: 0, interpolation_duration: 1 }
$data merge entity $(bone_lowerarm_left) { transformation: [-0.8183724369302546f,-0.10736820467102337f,0.5645694138886355f,0.4141626539022709f,-0.08255999360367187f,0.9941672236022914f,0.06939293170830285f,1.3844698808438238f,-0.568727001230817f,0.010178415428383991f,-0.82246337178647f,-0.022921161757999943f,0f,0f,0f,1f], start_interpolation: 0, interpolation_duration: 1 }
$data merge entity $(bone_arm_left) { transformation: [-0.8183724369302546f,-0.14215803942414312f,0.5568282017821294f,0.34375f,-0.08255999360367187f,0.9879538565912224f,0.13088554046452933f,1.8738157754366638f,-0.568727001230817f,0.061141385931413564f,-0.8202507720187698f,0.007362930961153341f,0f,0f,0f,1f], start_interpolation: 0, interpolation_duration: 1 }
$data merge entity $(bone_bread) { transformation: [0.03174396189485741f,-0.9598135166017734f,0.13402188035905233f,0.11161479027706303f,0.9333887007513787f,-0.07130642301706092f,-0.1690483951916744f,1.9176823338955271f,0.3574602833782674f,0.2714284572130373f,0.4295119867244029f,0.49655066338994763f,0f,0f,0f,1f], start_interpolation: 0, interpolation_duration: 1 }
$data merge entity $(bone_hand_right) { transformation: [-0.6202315377426272f,-0.6578512727855056f,0.42725231711941214f,-0.12446118639360707f,0.5423015709916328f,-0.7531475100984113f,-0.3723947289269416f,1.8333745053643444f,0.5667643652254637f,0.0007286474140665994f,0.8238796170457933f,0.429147875707642f,0f,0f,0f,1f], start_interpolation: 0, interpolation_duration: 1 }
$data merge entity $(bone_lowerarm_right) { transformation: [-0.8495807223575453f,-0.3687988620605138f,0.37709414678737957f,-0.2875394332109905f,0.15250705635478112f,-0.8561448757108092f,-0.4937180871267756f,1.454797943135971f,0.504929890143603f,-0.36194385080699054f,0.7836086107889421f,0.26910082917892586f,0f,0f,0f,1f], start_interpolation: 0, interpolation_duration: 1 }
$data merge entity $(bone_arm_right) { transformation: [-0.8143242889777543f,-0.1134850559778109f,-0.5692074265595873f,-0.34375f,0.2201882147957987f,0.8469846717319968f,-0.4838740703076377f,1.8743200383532257f,0.5370224412870601f,-0.5193631753607052f,-0.6647321187014594f,0.011853756383076564f,0f,0f,0f,1f], start_interpolation: 0, interpolation_duration: 1 }
$data merge entity $(bone_uppertail) { transformation: [-0.9995468755281369f,-0.010036669426678727f,-0.02837796484525677f,0.006055635588884334f,0.012618470790166071f,0.7162150443009292f,-0.6977655655819768f,0.43433393506330964f,0.0273279676678816f,-0.6978074774490727f,-0.7157638623172489f,-0.28335520295486716f,0f,0f,0f,1f], start_interpolation: 0, interpolation_duration: 1 }
$data merge entity $(bone_middletail) { transformation: [-0.9995468755281369f,-0.018994741717543465f,-0.02335044772638997f,0.014906984477943126f,0.012618470790166071f,0.43987318521120566f,-0.8979712440424059f,0.7747465192619234f,0.0273279676678816f,-0.897858998239274f,-0.43943418331294054f,-0.11679133946995934f,0f,0f,0f,1f], start_interpolation: 0, interpolation_duration: 1 }
$data merge entity $(bone_tail) { transformation: [-0.9995468755281369f,-0.0199262866259836f,-0.022560734102378046f,0.021875f,0.012618470790166071f,0.40308619895132664f,-0.9150750190065781f,1.127508637377606f,0.0273279676678816f,-0.9149450580861513f,-0.4026521114645651f,0.004440852841322056f,0f,0f,0f,1f], start_interpolation: 0, interpolation_duration: 1 }
$data merge entity $(bone_hair) { transformation: [-0.6893654271085455f,0.12155372436685123f,1.215079221567111e-16f,0.12499999999999997f,0.12060408346724086f,0.6839797459394199f,-0.1247557793489576f,2.390363588815628f,-0.015164529616154986f,-0.0860023211151536f,-0.9921874800253399f,0.23310345823156425f,0f,0f,0f,1f], start_interpolation: 0, interpolation_duration: 1 }
$data merge entity $(bone_ear_left) { transformation: [-0.15025201744953215f,0.4878038636760275f,-0.914671509696468f,0.142644375f,0.9240351983505604f,0.4969565476217811f,0.0050335565941062935f,2.3324362767343105f,0.35154414155492f,-1.097762078211203f,-0.40416666445613464f,-0.12504238302173776f,0f,0f,0f,1f], start_interpolation: 0, interpolation_duration: 1 }
$data merge entity $(bone_ear_right) { transformation: [-0.15025201744953204f,-0.486591353444525f,0.9150535841552871f,-0.142644375f,-0.9240351983505604f,0.4969629605664949f,0.004643826378349515f,2.3324362767343105f,-0.35154414155492014f,-1.0982971686105765f,-0.4033055578604519f,-0.1250423830217378f,0f,0f,0f,1f], start_interpolation: 0, interpolation_duration: 1 }
$data merge entity $(bone_head) { transformation: [-1f,1.527817658548344e-17f,1.215079221567111e-16f,5.334365484139319e-19f,0f,0.9921874800253399f,-0.1247557793489576f,1.9992926696364979f,-1.2246467991473532e-16f,-0.1247557793489576f,-0.9921874800253399f,-0.004355839975945144f,0f,0f,0f,1f], start_interpolation: 0, interpolation_duration: 1 }
$data merge entity $(bone_body) { transformation: [-1f,8.343810564485791e-18f,1.2218010743113035e-16f,-6.403984274441296e-18f,0f,0.9976762893284569f,-0.06813238372316881f,1.066084375f,-1.2246467991473532e-16f,-0.06813238372316881f,-0.9976762893284569f,0.0522925f,0f,0f,0f,1f], start_interpolation: 0, interpolation_duration: 1 }
$data merge entity $(bone_shoe_left) { transformation: [-0.9537169507482268f,0.0020956776559855643f,-0.3006984968214278f,0.1325848676307165f,0f,0.9999757148586518f,0.0069691960030048685f,0.251905617815548f,0.300705799504273f,0.006646640361152548f,-0.9536937895972719f,0.09786755485036426f,0f,0f,0f,1f], start_interpolation: 0, interpolation_duration: 1 }
$data merge entity $(bone_lowerleg_left) { transformation: [-0.984807753012208f,1.734723475976807e-18f,-0.17364817766693022f,0.13043950149694838f,0f,1f,0f,0.688810617815548f,0.17364817766693025f,1.3877787807814457e-17f,-0.9848077530122081f,0.09334894594742679f,0f,0f,0f,1f], start_interpolation: 0, interpolation_duration: 1 }
$data merge entity $(bone_leg_left) { transformation: [-0.984807753012208f,-0.014505337325195721f,-0.17304128061282964f,0.12499999999999999f,0f,0.9965050191585387f,-0.08353290843637881f,1.0625f,0.17364817766693025f,-0.08226385585980472f,-0.9813658687829079f,0.06250000000000001f,0f,0f,0f,1f], start_interpolation: 0, interpolation_duration: 1 }