# This file was generated by Animated Java via MC-Build. It is not recommended to edit this file directly.
$data merge entity $(bone_hammer) { transformation: [-0.000017049425769380305f,-0.00001196818373276228f,3.2777561076584203e-7f,0.68756881981706f,-0.000001751690269625539f,0.0000030577383006968087f,0.00002053313408765279f,0.8132137904277976f,-0.000011843835523658195f,0.00001677619123642414f,-0.0000035086671921452005f,-0.40764535734895296f,0f,0f,0f,1f], start_interpolation: 0, interpolation_duration: 1 }
$data merge entity $(bone_hand_left) { transformation: [-0.8183724369302546f,0.015733229316760286f,0.5744728191725894f,0.4630249790313137f,-0.08408113294202586f,0.9855904362073338f,-0.1467714384334466f,0.9448924488809476f,-0.5685041051355932f,-0.16841602522296945f,-0.8052571793483586f,-0.029127775064900815f,0f,0f,0f,1f], start_interpolation: 0, interpolation_duration: 1 }
$data merge entity $(bone_lowerarm_left) { transformation: [-0.8183724369302546f,-0.10897838623859352f,0.5642608136364499f,0.41483609886643563f,-0.08408113294202586f,0.9939951609964885f,0.07002844421197868f,1.3844246841340824f,-0.5685041051355932f,0.009865660058849347f,-0.8226212683827119f,-0.024765303507628372f,0f,0f,0f,1f], start_interpolation: 0, interpolation_duration: 1 }
$data merge entity $(bone_arm_left) { transformation: [-0.8183724369302546f,-0.14351767594485426f,0.5564793178225262f,0.34375f,-0.08408113294202586f,0.9877966078673832f,0.13110386938941443f,1.8736926914683956f,-0.5685041051355932f,0.06050238158187721f,-0.8204526459625194f,0.005202282369645185f,0f,0f,0f,1f], start_interpolation: 0, interpolation_duration: 1 }
$data merge entity $(bone_bread) { transformation: [0.012589923580728322f,-0.9657453601731333f,0.11872391898438667f,0.10199030042505919f,0.9294993996175929f,-0.08425010389114747f,-0.1644781961018195f,1.9332330643814672f,0.3686086813068384f,0.245433940803623f,0.41070020088210896f,0.505371842862278f,0f,0f,0f,1f], start_interpolation: 0, interpolation_duration: 1 }
$data merge entity $(bone_hand_right) { transformation: [-0.6601208650926766f,-0.6255266031973707f,0.415880886987675f,-0.12808630896611733f,0.5001151036390853f,-0.7790958549506993f,-0.3780139308421136f,1.8413147814437087f,0.5604688453262708f,-0.04154657014722346f,0.8271327317472319f,0.42792124200706083f,0f,0f,0f,1f], start_interpolation: 0, interpolation_duration: 1 }
$data merge entity $(bone_lowerarm_right) { transformation: [-0.8530479329857148f,-0.36104747036995716f,0.37676776423714164f,-0.28773698727033276f,0.15524293315504342f,-0.8649035645313774f,-0.4773274094019079f,1.4588652365024903f,0.498205635992025f,-0.3486926271092817f,0.7938542662639088f,0.2737337209571753f,0f,0f,0f,1f], start_interpolation: 0, interpolation_duration: 1 }
$data merge entity $(bone_arm_right) { transformation: [-0.8160142509432944f,-0.11308620866557427f,-0.5668617571040582f,-0.34375f,0.22762824689411273f,0.8385658001200882f,-0.49496745356121047f,1.8742173593744715f,0.5313248756395346f,-0.5329342438599741f,-0.6585400278252116f,0.009764728295281848f,0f,0f,0f,1f], start_interpolation: 0, interpolation_duration: 1 }
$data merge entity $(bone_uppertail) { transformation: [-0.9995468755281369f,-0.00979630873640137f,-0.028461833340109405f,0.006044747771409701f,0.012691532277759878f,0.7202375929798484f,-0.6936113714949008f,0.43361912297239574f,0.027294113474916816f,-0.6936583034850343f,-0.7197869055323824f,-0.28211302340930344f,0f,0f,0f,1f], start_interpolation: 0, interpolation_duration: 1 }
$data merge entity $(bone_middletail) { transformation: [-0.9995468755281369f,-0.018940039348832406f,-0.023394839845652653f,0.014912925940387133f,0.012691532277759878f,0.4395728906447684f,-0.898117252266454f,0.7740870503328847f,0.027294113474916816f,-0.8980072097258839f,-0.43913333129011195f,-0.11566321015687203f,0f,0f,0f,1f], start_interpolation: 0, interpolation_duration: 1 }
$data merge entity $(bone_tail) { transformation: [-0.9995468755281369f,-0.01994248120971894f,-0.022546420228920238f,0.021875f,0.012691532277759878f,0.39997919032815066f,-0.9164363438411203f,1.127351079090665f,0.027294113474916816f,-0.9163072327269044f,-0.3995448493248053f,0.004364662869182044f,0f,0f,0f,1f], start_interpolation: 0, interpolation_duration: 1 }
$data merge entity $(bone_hair) { transformation: [-0.6893654271085455f,0.12155372436685123f,1.213829911687951e-16f,0.12499999999999997f,0.12048008178054562f,0.6832764974280633f,-0.13261712541080772f,2.392078805285749f,-0.016120105508509546f,-0.091421661300729f,-0.9911673410921962f,0.2274996235142948f,0f,0f,0f,1f], start_interpolation: 0, interpolation_duration: 1 }
$data merge entity $(bone_ear_left) { transformation: [-0.12196457066773596f,0.47832154635024454f,-0.9218161729408916f,0.142644375f,0.9367940123557372f,0.4543952379748188f,0.015569299676979363f,2.3291177066194706f,0.3279353928996894f,-1.1201488588589104f,-0.3873145236266991f,-0.13309188839764444f,0f,0f,0f,1f], start_interpolation: 0, interpolation_duration: 1 }
$data merge entity $(bone_ear_right) { transformation: [-0.12196457066773587f,-0.4783215463502443f,0.9218161729408916f,-0.142644375f,-0.9367940123557372f,0.4543952379748188f,0.015569299676979363f,2.3291177066194706f,-0.3279353928996895f,-1.1201488588589104f,-0.3873145236266989f,-0.13309188839764446f,0f,0f,0f,1f], start_interpolation: 0, interpolation_duration: 1 }
$data merge entity $(bone_head) { transformation: [-1f,1.6240913814646882e-17f,1.213829911687951e-16f,8.391423383970854e-19f,0f,0.9911673410921962f,-0.13261712541080772f,1.9991377871141474f,-1.2246467991473532e-16f,-0.13261712541080772f,-0.9911673410921962f,-0.006852117189881435f,0f,0f,0f,1f], start_interpolation: 0, interpolation_duration: 1 }
$data merge entity $(bone_body) { transformation: [-1f,8.670631836851071e-18f,1.221573492270046e-16f,-6.403984274441296e-18f,0f,0.9974904544890437f,-0.07080108193552544f,1.066084375f,-1.2246467991473532e-16f,-0.07080108193552544f,-0.9974904544890437f,0.0522925f,0f,0f,0f,1f], start_interpolation: 0, interpolation_duration: 1 }
$data merge entity $(bone_shoe_left) { transformation: [-0.9537169507482268f,0.002186792503014552f,-0.30069784800369426f,0.13282077959677008f,-1.005683569535293e-18f,0.9999735572090998f,0.007272199294525018f,0.2520219882155954f,0.30070579950427295f,0.006935619736407795f,-0.9536917318103203f,0.09920547809447422f,0f,0f,0f,1f], start_interpolation: 0, interpolation_duration: 1 }
$data merge entity $(bone_lowerleg_left) { transformation: [-0.984807753012208f,0f,-0.17364817766693025f,0.13067541346300196f,8.673617379884035e-19f,1f,1.3877787807814457e-17f,0.6889269882155954f,0.17364817766693022f,0f,-0.984807753012208f,0.09468686919153675f,0f,0f,0f,1f], start_interpolation: 0, interpolation_duration: 1 }
$data merge entity $(bone_leg_left) { transformation: [-0.984807753012208f,-0.015134435901338613f,-0.17298739392508936f,0.12499999999999999f,8.673617379884035e-19f,0.9961946980917455f,-0.08715574274765817f,1.0625f,0.17364817766693022f,-0.0858316511774313f,-0.9810602621904069f,0.06250000000000001f,0f,0f,0f,1f], start_interpolation: 0, interpolation_duration: 1 }