# This file was generated by Animated Java via MC-Build. It is not recommended to edit this file directly.
$data merge entity $(bone_hammer) { transformation: [-0.000017049425769380305f,-0.000011968969666316197f,2.976975629247108e-7f,0.688942045528702f,-0.000001801542070319502f,0.0000030767720120374313f,0.00002052597617490067f,0.8126011431657385f,-0.00001183635521945153f,0.000016772150037801466f,-0.000003552950324197712f,-0.4087557854224913f,0f,0f,0f,1f], start_interpolation: 0, interpolation_duration: 1 }
$data merge entity $(bone_hand_left) { transformation: [-0.8183724369302546f,0.01428948302038599f,0.5745105439831774f,0.46429087654463463f,-0.08647401937533608f,0.985246856395232f,-0.14768505657779646f,0.9447740087757063f,-0.5681450505336734f,-0.17054161556148997f,-0.8050632018144702f,-0.030474208425221496f,0f,0f,0f,1f], start_interpolation: 0, interpolation_duration: 1 }
$data merge entity $(bone_lowerarm_left) { transformation: [-0.8183724369302546f,-0.11039607512647746f,0.5639851603273843f,0.4154751120746454f,-0.08647401937533608f,0.9938574685562566f,0.06906211818372936f,1.384245358152926f,-0.5681450505336734f,0.007748470276031601f,-0.8228919508431657f,-0.027047931725038773f,0f,0f,0f,1f], start_interpolation: 0, interpolation_duration: 1 }
$data merge entity $(bone_arm_left) { transformation: [-0.8183724369302546f,-0.14480779724849546f,0.5561449957779669f,0.34375f,-0.08647401937533608f,0.9877439112198931f,0.12993925435026144f,1.8734872641790292f,-0.5681450505336734f,0.05824661109512354f,-0.8208645039530111f,0.0018023428330146071f,0f,0f,0f,1f], start_interpolation: 0, interpolation_duration: 1 }
$data merge entity $(bone_bread) { transformation: [0.019397722384200452f,-0.9738184368741611f,0.09863626076685264f,0.088858985719139f,0.9186865905133481f,-0.0720291534431911f,-0.16912634382891517f,1.9410939067912931f,0.39451068018149493f,0.21561413000595075f,0.3889901923674246f,0.5201966864337502f,0f,0f,0f,1f], start_interpolation: 0, interpolation_duration: 1 }
$data merge entity $(bone_hand_right) { transformation: [-0.6858596437661738f,-0.6136994314175422f,0.3911132277623996f,-0.1371431461091342f,0.46778762984975064f,-0.7834843962417064f,-0.40905615043086896f,1.8500754407828879f,0.5574686380528414f,-0.09759717579701963f,0.8244413313656442f,0.43063392768574915f,0f,0f,0f,1f], start_interpolation: 0, interpolation_duration: 1 }
$data merge entity $(bone_lowerarm_right) { transformation: [-0.8612060553005154f,-0.36129751381417957f,0.3574748058610821f,-0.2969043904988417f,0.1734374272609845f,-0.8700246901251529f,-0.4614937674527388f,1.465361398118172f,0.47774845801825067f,-0.3354417163745806f,0.8119330426684577f,0.28230579372636433f,0f,0f,0f,1f], start_interpolation: 0, interpolation_duration: 1 }
$data merge entity $(bone_arm_right) { transformation: [-0.8214394999314604f,-0.09457788669003563f,-0.5623985875707719f,-0.34375f,0.2514266861698944f,0.8250828581422973f,-0.5059870538673528f,1.8740352512917786f,0.511880620295375f,-0.5570397656801395f,-0.6539762457590013f,0.0063970347879202805f,0f,0f,0f,1f], start_interpolation: 0, interpolation_duration: 1 }
$data merge entity $(bone_uppertail) { transformation: [-0.9995468755281369f,-0.00949492082352046f,-0.028563790023281816f,0.00602778530621755f,0.012806339015367488f,0.7246339739363659f,-0.6890149501267834f,0.43255799622331f,0.027240435072930332f,-0.6890685381700032f,-0.7241840293746419f,-0.2802088245519614f,0f,0f,0f,1f], start_interpolation: 0, interpolation_duration: 1 }
$data merge entity $(bone_middletail) { transformation: [-0.9995468755281369f,-0.018875369038748924f,-0.023447048121034233f,0.014915755906474235f,0.012806339015367488f,0.4382713355703772f,-0.8987514862843796f,0.7732663245904772f,0.027240435072930332f,-0.8986445108389685f,-0.4378310197279638f,-0.11425270554210767f,0f,0f,0f,1f], start_interpolation: 0, interpolation_duration: 1 }
$data merge entity $(bone_tail) { transformation: [-0.9995468755281369f,-0.019950135533516572f,-0.022539647604463028f,0.021875f,0.012806339015367488f,0.3958058611782198f,-0.9182449117408663f,1.1271306422714469f,0.027240435072930332f,-0.9181174828687024f,-0.3953710236573684f,0.004162180848661552f,0f,0f,0f,1f], start_interpolation: 0, interpolation_duration: 1 }
$data merge entity $(bone_hair) { transformation: [-0.6893654271085455f,0.12155372436685123f,1.2122480355458707e-16f,0.12499999999999997f,0.1203230708475233f,0.6823860441781325f,-0.1419373628216989f,2.394009183868551f,-0.017253015077786624f,-0.09784671074424103f,-0.9898756411970251f,0.21986397504903527f,0f,0f,0f,1f], start_interpolation: 0, interpolation_duration: 1 }
$data merge entity $(bone_ear_left) { transformation: [-0.08196573743664363f,0.45822309456297017f,-0.9322231269838721f,0.14279242529154518f,0.9512190644889932f,0.3988571701947792f,0.03237200714046015f,2.3245294768862177f,0.2974288305446397f,-1.1493235198991396f,-0.36043320417257535f,-0.1442818149136219f,0f,0f,0f,1f], start_interpolation: 0, interpolation_duration: 1 }
$data merge entity $(bone_ear_right) { transformation: [-0.08196573743664377f,-0.459851050844088f,0.9317486726122153f,-0.14279242529154518f,-0.951219064488993f,0.39880026401887125f,0.032784230988218345f,2.3245294768862177f,-0.29742883054463964f,-1.1486928921413533f,-0.36162080316802225f,-0.14428181491362194f,0f,0f,0f,1f], start_interpolation: 0, interpolation_duration: 1 }
$data merge entity $(bone_head) { transformation: [-1f,1.7382313705901006e-17f,1.2122480355458707e-16f,1.3201844787864517e-18f,0f,0.9898756411970251f,-0.1419373628216989f,1.998880494019128f,-1.2246467991473532e-16f,-0.1419373628216989f,-0.9898756411970251f,-0.010780124356717512f,0f,0f,0f,1f], start_interpolation: 0, interpolation_duration: 1 }
$data merge entity $(bone_body) { transformation: [-1f,9.18488672081699e-18f,1.2211975959092099e-16f,-6.403984274441296e-18f,0f,0.9971835118170032f,-0.075000291734824f,1.066084375f,-1.2246467991473532e-16f,-0.075000291734824f,-0.9971835118170032f,0.0522925f,0f,0f,0f,1f], start_interpolation: 0, interpolation_duration: 1 }
$data merge entity $(bone_shoe_left) { transformation: [-0.9537169507482268f,0.0018431598853623768f,-0.3007001506769509f,0.13260301729804766f,2.617146028448463e-18f,0.9999812147709445f,0.006129445751963894f,0.25191439399692406f,0.300705799504273f,0.005845756312339677f,-0.9536990349568529f,0.09797048672873165f,0f,0f,0f,1f], start_interpolation: 0, interpolation_duration: 1 }
$data merge entity $(bone_lowerleg_left) { transformation: [-0.984807753012208f,0f,-0.1736481776669302f,0.13045765116427954f,8.673617379884035e-19f,1f,-1.3877787807814457e-17f,0.688819393996924f,0.17364817766693022f,-1.3877787807814457e-17f,-0.984807753012208f,0.09345187782579417f,0f,0f,0f,1f], start_interpolation: 0, interpolation_duration: 1 }
$data merge entity $(bone_leg_left) { transformation: [-0.984807753012208f,-0.014553736438078845f,-0.17303721669842212f,0.12499999999999999f,8.673617379884035e-19f,0.9964816160082027f,-0.08381162781906049f,1.0625f,0.17364817766693022f,-0.08253834086878442f,-0.9813428211790121f,0.06250000000000001f,0f,0f,0f,1f], start_interpolation: 0, interpolation_duration: 1 }