# This file was generated by Animated Java via MC-Build. It is not recommended to edit this file directly.
$data merge entity $(bone_hammer) { transformation: [-0.000017049425769380305f,-0.00001196957925806065f,2.7208656191157126e-7f,0.6901662863900614f,-0.000001852728217820946f,0.0000031054041472130087f,0.000020517106058387967f,0.8117443614711358f,-0.000011828451160784261f,0.00001676643716611417f,-0.0000036058432674569868f,-0.4095973615963105f,0f,0f,0f,1f], start_interpolation: 0, interpolation_duration: 1 }
$data merge entity $(bone_hand_left) { transformation: [-0.8183724369302546f,0.013060154971755292f,0.5745398043869111f,0.4654250257825128f,-0.0889309544554054f,0.9848210908026223f,-0.14905939906622417f,0.9446177854125373f,-0.5677656557176445f,-0.17308047683793518f,-0.80478898397348f,-0.031614842667698435f,0f,0f,0f,1f], start_interpolation: 0, interpolation_duration: 1 }
$data merge entity $(bone_lowerarm_left) { transformation: [-0.8183724369302546f,-0.11160259630228395f,0.5637476518544674f,0.41607575273009667f,-0.0889309544554054f,0.9937392574658367f,0.06762820055936955f,1.3840368633232119f,-0.5677656557176445f,0.0052104385455678665f,-0.823173743214442f,-0.029310851873330143f,0f,0f,0f,1f], start_interpolation: 0, interpolation_duration: 1 }
$data merge entity $(bone_arm_left) { transformation: [-0.8183724369302546f,-0.14602044715224569f,0.5558278361923722f,0.34375f,-0.0889309544554054f,0.9877086289839524f,0.12854162582716855f,1.8732612936168258f,-0.5677656557176445f,0.05576462358968648f,-0.8212992554138923f,-0.0016899367515635574f,0f,0f,0f,1f], start_interpolation: 0, interpolation_duration: 1 }
$data merge entity $(bone_bread) { transformation: [0.030428045397945913f,-0.9883742327712212f,0.06150804424541402f,0.07736006997227288f,0.8665978348547452f,-0.048178468574399544f,-0.20507911377470467f,1.9199639900022583f,0.4980786350350004f,0.14420544774635297f,0.35305579087144234f,0.5373221530852761f,0f,0f,0f,1f], start_interpolation: 0, interpolation_duration: 1 }
$data merge entity $(bone_hand_right) { transformation: [-0.6875521557626085f,-0.6279428321512003f,0.36463657613591005f,-0.13930883728309626f,0.416681182967508f,-0.7524443006947055f,-0.5101023094564997f,1.8500340623163727f,0.5946838024252786f,-0.19878474262876875f,0.7789966631706625f,0.440716624879692f,0f,0f,0f,1f], start_interpolation: 0, interpolation_duration: 1 }
$data merge entity $(bone_lowerarm_right) { transformation: [-0.8660895801599195f,-0.375520338640235f,0.32995956480444333f,-0.30535923702557516f,0.19199651424198347f,-0.859325632106642f,-0.47402193675340454f,1.470051009369217f,0.46154758980774907f,-0.347194373906093f,0.8163515719777933f,0.2871916126680915f,0f,0f,0f,1f], start_interpolation: 0, interpolation_duration: 1 }
$data merge entity $(bone_arm_right) { transformation: [-0.826278531251158f,-0.07750816499568418f,-0.5579034622158486f,-0.34375f,0.2696341213691611f,0.8151969390686421f,-0.5125928122073087f,1.8738282432516538f,0.49453132295832347f,-0.573974245843939f,-0.6526808835265301f,0.0028949940235154445f,0f,0f,0f,1f], start_interpolation: 0, interpolation_duration: 1 }
$data merge entity $(bone_uppertail) { transformation: [-0.9995468755281369f,-0.009340485759855655f,-0.02861466315910411f,0.006024316098671059f,0.01292405885212681f,0.7253746410644856f,-0.6882329538777955f,0.43117482146981884f,0.02718478112337525f,-0.6882909162747528f,-0.7249252390756825f,-0.2776087977476518f,0f,0f,0f,1f], start_interpolation: 0, interpolation_duration: 1 }
$data merge entity $(bone_middletail) { transformation: [-0.9995468755281369f,-0.018865841194943337f,-0.023454715047218872f,0.014915193271491448f,0.01292405885212681f,0.43474566313503926f,-0.9004605361080862f,0.7725309502705655f,0.02718478112337525f,-0.9003556455208587f,-0.4343048459941381f,-0.11298941823776831f,0f,0f,0f,1f], start_interpolation: 0, interpolation_duration: 1 }
$data merge entity $(bone_tail) { transformation: [-0.9995468755281369f,-0.019948504477007193f,-0.02254109116857213f,0.021875f,0.01292405885212681f,0.3918970321157248f,-0.9199183033952927f,1.126915693870068f,0.02718478112337525f,-0.9197927882887632f,-0.39146163833414993f,0.003917594937689409f,0f,0f,0f,1f], start_interpolation: 0, interpolation_duration: 1 }
$data merge entity $(bone_hair) { transformation: [-0.6893654271085455f,0.12155372436685123f,1.2105501011610447e-16f,0.12499999999999997f,0.12015454042034232f,0.6814302606304087f,-0.1512916248241714f,2.3958909931376526f,-0.01839006046289048f,-0.10429521556486074f,-0.9884891725547945f,0.21208258646830966f,0f,0f,0f,1f], start_interpolation: 0, interpolation_duration: 1 }
$data merge entity $(bone_ear_left) { transformation: [-0.04970833613791873f,0.4321772759529028f,-0.9418120987416272f,0.14319102223032068f,0.9607780492554864f,0.3555561771377152f,0.0458332946312959f,2.320341106578809f,0.2728270906402472f,-1.1733723224318624f,-0.33300042007050407f,-0.1549856155549569f,0f,0f,0f,1f], start_interpolation: 0, interpolation_duration: 1 }
$data merge entity $(bone_ear_right) { transformation: [-0.04970833613791822f,-0.434979658713958f,0.9410484031131896f,-0.14319102223032068f,-0.9607780492554867f,0.3554188119025674f,0.04645944252835146f,2.320341106578809f,-0.2728270906402471f,-1.172377995635732f,-0.33506629672062005f,-0.15498561555495696f,0f,0f,0f,1f], start_interpolation: 0, interpolation_duration: 1 }
$data merge entity $(bone_head) { transformation: [-1f,1.852788040787238e-17f,1.2105501011610447e-16f,1.8142806778856365e-18f,0f,0.9884891725547945f,-0.1512916248241714f,1.998598919561466f,-1.2246467991473532e-16f,-0.1512916248241714f,-0.9884891725547945f,-0.01481472600221393f,0f,0f,0f,1f], start_interpolation: 0, interpolation_duration: 1 }
$data merge entity $(bone_body) { transformation: [-1f,9.713079835400444e-18f,1.2207888395103273e-16f,-6.403984274441296e-18f,0f,0.9968497368876381f,-0.07931331582431006f,1.066084375f,-1.2246467991473532e-16f,-0.07931331582431006f,-0.9968497368876381f,0.0522925f,0f,0f,0f,1f], start_interpolation: 0, interpolation_duration: 1 }
$data merge entity $(bone_shoe_left) { transformation: [-0.9537169507482268f,0.00149952486064606f,-0.30070206065256067f,0.13238519351655695f,0f,0.9999875664130246f,0.004986684204688092f,0.25181100944967116f,0.3007057995042729f,0.004755885254039445f,-0.9537050926255696f,0.09673514667688296f,0f,0f,0f,1f], start_interpolation: 0, interpolation_duration: 1 }
$data merge entity $(bone_lowerleg_left) { transformation: [-0.984807753012208f,-1.734723475976807e-18f,-0.1736481776669302f,0.13023982738278883f,0f,1.0000000000000002f,0f,0.6887160094496713f,0.1736481776669302f,-2.7755575615628914e-17f,-0.984807753012208f,0.09221653777394548f,0f,0f,0f,1f], start_interpolation: 0, interpolation_duration: 1 }
$data merge entity $(bone_leg_left) { transformation: [-0.984807753012208f,-0.01397287302077026f,-0.17308509013370038f,0.12499999999999999f,0f,0.99675730813421f,-0.08046656871672586f,1.0625f,0.1736481776669302f,-0.07924410073052124f,-0.9816143249221484f,0.06250000000000001f,0f,0f,0f,1f], start_interpolation: 0, interpolation_duration: 1 }