# This file was generated by Animated Java via MC-Build. It is not recommended to edit this file directly.
$data merge entity $(bone_hammer) { transformation: [-0.000017049425769380305f,-0.000011970032750401778f,2.513457110781904e-7f,0.6912285789110881f,-0.0000019029895157612374f,0.00000314111437162834f,0.000020507067298495673f,0.8107161368776898f,-0.000011820469094544064f,0.000016759459843217998f,-0.000003663986070698125f,-0.4101944743739685f,0f,0f,0f,1f], start_interpolation: 0, interpolation_duration: 1 }
$data merge entity $(bone_hand_left) { transformation: [-0.8183724369302546f,0.01206459413175301f,0.5745615720192853f,0.4664152322926199f,-0.09134349675653938f,0.9843392303277921f,-0.15077348983816008f,0.9444386749682461f,-0.567382516538115f,-0.1758713313935098f,-0.8044540724744639f,-0.0325544240432015f,0f,0f,0f,1f], start_interpolation: 0, interpolation_duration: 1 }
$data merge entity $(bone_lowerarm_left) { transformation: [-0.8183724369302546f,-0.11257926975317054f,0.5635534247031767f,0.4166340864486398f,-0.09134349675653938f,0.9936398161532037f,0.06585044688774312f,1.3838137811734907f,-0.567382516538115f,0.002413250270957387f,-0.82345082193778f,-0.03148731493901254f,0f,0f,0f,1f], start_interpolation: 0, interpolation_duration: 1 }
$data merge entity $(bone_arm_left) { transformation: [-0.8183724369302546f,-0.1471476824199668f,0.5555304798400074f,0.34375f,-0.09134349675653938f,0.9876810350824257f,0.1270532901533692f,1.8730245438627549f,-0.567382516538115f,0.05323281409939502f,-0.8217319194420617f,-0.005120436705405941f,0f,0f,0f,1f], start_interpolation: 0, interpolation_duration: 1 }
$data merge entity $(bone_bread) { transformation: [0.05489033231502821f,-0.9960669080487206f,0.02714851695589568f,0.06349643110434774f,0.7795124499275341f,-0.0007830837513840005f,-0.24449269539928659f,1.893765578102701f,0.6239770763628417f,0.08860079836040094f,0.3030478458675884f,0.5501888363887463f,0f,0f,0f,1f], start_interpolation: 0, interpolation_duration: 1 }
$data merge entity $(bone_hand_right) { transformation: [-0.6798567040488289f,-0.6517579536635029f,0.33616429286321703f,-0.1449458685737215f,0.34717388298557683f,-0.6898212999982616f,-0.6353084833696347f,1.8507521666789981f,0.6459606465819572f,-0.31521126868351623f,0.6952529749395884f,0.45031917828606904f,0f,0f,0f,1f], start_interpolation: 0, interpolation_duration: 1 }
$data merge entity $(bone_lowerarm_right) { transformation: [-0.8720895129248543f,-0.3897809996265854f,0.2958557989571787f,-0.3173021543461022f,0.21593574693296338f,-0.849076242984634f,-0.48212165144867947f,1.4753012654842304f,0.4391259894870649f,-0.3565673932501381f,0.8246381384751784f,0.29264953408327365f,0f,0f,0f,1f], start_interpolation: 0, interpolation_duration: 1 }
$data merge entity $(bone_arm_right) { transformation: [-0.8332984651002323f,-0.05339628144635515f,-0.5502385893312998f,-0.34375f,0.2908066193577524f,0.8041448347142193f,-0.5184424702319015f,1.873604253928617f,0.4701544195254495f,-0.5920303386906303f,-0.6545646643919493f,-0.0005904930494291596f,0f,0f,0f,1f], start_interpolation: 0, interpolation_duration: 1 }
$data merge entity $(bone_uppertail) { transformation: [-0.9995468755281369f,-0.009304928210820277f,-0.028626245526274262f,0.006029697874184297f,0.013039493776359923f,0.7233007487146947f,-0.6904100220237378f,0.4296465255999195f,0.027129600513006582f,-0.6904704520975196f,-0.7228516718914408f,-0.27465318113006476f,0f,0f,0f,1f], start_interpolation: 0, interpolation_duration: 1 }
$data merge entity $(bone_middletail) { transformation: [-0.9995468755281369f,-0.01889731896432045f,-0.02342936102201234f,0.014910963201555081f,0.013039493776359923f,0.42970269578457526f,-0.9028762732719943f,0.7719183173569395f,0.027129600513006582f,-0.9027726649447407f,-0.4292615755044647f,-0.11194565773124615f,0f,0f,0f,1f], start_interpolation: 0, interpolation_duration: 1 }
$data merge entity $(bone_tail) { transformation: [-0.9995468755281369f,-0.019936833103701347f,-0.02255141476125643f,0.021875f,0.013039493776359923f,0.3884608321604433f,-0.921372971971325f,1.1267159311179498f,0.027129600513006582f,-0.921249534362439f,-0.38802484483985517f,0.003639388093294206f,0f,0f,0f,1f], start_interpolation: 0, interpolation_duration: 1 }
$data merge entity $(bone_hair) { transformation: [-0.6893654271085455f,0.12155372436685123f,1.2087751525420476e-16f,0.12499999999999997f,0.11997836585690975f,0.6804311250317345f,-0.1604755421275449f,2.3976897237094703f,-0.019506399815392695f,-0.11062629063923037f,-0.9870398170179714f,0.20441582330285915f,0f,0f,0f,1f], start_interpolation: 0, interpolation_duration: 1 }
$data merge entity $(bone_ear_left) { transformation: [-0.025217579171636504f,0.40345856335113833f,-0.9502869302637451f,0.14377183491253642f,0.9669502620338143f,0.32347627263620843f,0.05560454950051139f,2.316597670458382f,0.25371492753375713f,-1.192721379325457f,-0.30637050159039936f,-0.16494827796866762f,0f,0f,0f,1f], start_interpolation: 0, interpolation_duration: 1 }
$data merge entity $(bone_ear_right) { transformation: [-0.02521757917163622f,-0.40702227601829494f,0.9493872677932818f,-0.14377183491253642f,-0.9669502620338145f,0.32326630205800566f,0.0563224566912059f,2.316597670458382f,-0.2537149275337571f,-1.1915669367595882f,-0.30901714616550746f,-0.16494827796866765f,0f,0f,0f,1f], start_interpolation: 0, interpolation_duration: 1 }
$data merge entity $(bone_head) { transformation: [-1f,1.9652585900793408e-17f,1.2087751525420476e-16f,2.2996255599219695e-18f,0f,0.9870398170179714f,-0.1604755421275449f,1.9983052492741207f,-1.2246467991473532e-16f,-0.1604755421275449f,-0.9870398170179714f,-0.018777867720905804f,0f,0f,0f,1f], start_interpolation: 0, interpolation_duration: 1 }
$data merge entity $(bone_body) { transformation: [-1f,1.0231900806694177e-17f,1.2203649467475107e-16f,-6.403984274441296e-18f,0f,0.9965036021791559f,-0.0835498105561377f,1.066084375f,-1.2246467991473532e-16f,-0.0835498105561377f,-0.9965036021791559f,0.0522925f,0f,0f,0f,1f], start_interpolation: 0, interpolation_duration: 1 }
$data merge entity $(bone_shoe_left) { transformation: [-0.9537169507482268f,0.0011558878776338093f,-0.30070357792802926f,0.13216731070617574f,-9.514734609110178e-19f,0.9999926121270444f,0.0038439161450804843f,0.25171183573850836f,0.30070579950427295f,0.003666007984818039f,-0.9537099048085592f,0.09549947185556075f,0f,0f,0f,1f], start_interpolation: 0, interpolation_duration: 1 }
$data merge entity $(bone_lowerleg_left) { transformation: [-0.984807753012208f,3.469446951953614e-18f,-0.17364817766693025f,0.13002194457240762f,8.673617379884035e-19f,0.9999999999999999f,1.3877787807814457e-17f,0.6886168357385083f,0.17364817766693022f,1.3877787807814457e-17f,-0.984807753012208f,0.09098086295262328f,0f,0f,0f,1f], start_interpolation: 0, interpolation_duration: 1 }
$data merge entity $(bone_leg_left) { transformation: [-0.984807753012208f,-0.01339185219308702f,-0.17313101369160952f,0.12499999999999999f,8.673617379884035e-19f,0.9970217713639777f,-0.07712060312417192f,1.0625f,0.17364817766693022f,-0.07594896787366202f,-0.9818747703612104f,0.06250000000000001f,0f,0f,0f,1f], start_interpolation: 0, interpolation_duration: 1 }
execute on vehicle unless entity @s[tag=aj.transforms_only] positioned ^1.1640624219 ^-0.0007803047 ^0.2203124844 rotated ~0 ~0 run function animated_java:meowster/animations/bread_eating/zzz/frames/zzz/0