# This file was generated by Animated Java via MC-Build. It is not recommended to edit this file directly.
$data merge entity $(bone_hammer) { transformation: [-0.000017049425769380305f,-0.00001197034754339111f,2.3587794004321674e-7f,0.6921158937365468f,-0.000001950072826002956f,0.000003181384522569939f,0.000020496433501236628f,0.8095901021191385f,-0.00001181279284019886f,0.000016751637233051607f,-0.000003724023778732311f,-0.410571941768217f,0f,0f,0f,1f], start_interpolation: 0, interpolation_duration: 1 }
$data merge entity $(bone_hand_left) { transformation: [-0.8183724369302546f,0.011322141122074275f,0.5745766820827732f,0.4672492970574557f,-0.09360349564814187f,0.9838288080593581f,-0.15270645708335684f,0.9442526645537905f,-0.5670140563295452f,-0.17875314137915074f,-0.804078587186477f,-0.03329780589153589f,0f,0f,0f,1f], start_interpolation: 0, interpolation_duration: 1 }
$data merge entity $(bone_lowerarm_left) { transformation: [-0.8183724369302546f,-0.11330739407830198f,0.5634074803550453f,0.4171461837384566f,-0.09360349564814187f,0.9935598636148919f,0.06385282308563865f,1.3835924167460005f,-0.5670140563295452f,-0.00048151920207357285f,-0.8237079749911211f,-0.03351072766370279f,0f,0f,0f,1f], start_interpolation: 0, interpolation_duration: 1 }
$data merge entity $(bone_arm_left) { transformation: [-0.8183724369302546f,-0.148181569692783f,0.5552555959882073f,0.34375f,-0.09360349564814187f,0.9876531702761094f,0.12561688121426584f,1.872789377648386f,-0.5670140563295452f,0.05082752843620844f,-0.8221384447146246f,-0.0083352174851433f,0f,0f,0f,1f], start_interpolation: 0, interpolation_duration: 1 }
$data merge entity $(bone_bread) { transformation: [0.08048152432589467f,-0.9967515840082601f,0.0011034721173302786f,0.04206393929732502f,0.6880229748503904f,0.05337486671682562f,-0.26614343116109024f,1.880482278092595f,0.7212122505339187f,0.06031088939806589f,0.25377270836816157f,0.5434769954566341f,0f,0f,0f,1f], start_interpolation: 0, interpolation_duration: 1 }
$data merge entity $(bone_hand_right) { transformation: [-0.6667640807561419f,-0.6732454501138713f,0.3196345170884836f,-0.1584952177009331f,0.2781581083343022f,-0.6227006216465893f,-0.7313494394397482f,1.8592176167497632f,0.6914142950368469f,-0.39872860406788246f,0.6024630884268167f,0.4485095278105318f,0f,0f,0f,1f], start_interpolation: 0, interpolation_duration: 1 }
$data merge entity $(bone_lowerarm_right) { transformation: [-0.879440089741306f,-0.3929173031581042f,0.2687026636168055f,-0.3322383376911573f,0.24147696524030354f,-0.854719783523066f,-0.45950295636983296f,1.4812712124731575f,0.410212144888638f,-0.3392198174241089f,0.8465553210822183f,0.2985107647933087f,0f,0f,0f,1f], start_interpolation: 0, interpolation_duration: 1 }
$data merge entity $(bone_arm_right) { transformation: [-0.8410929937275766f,-0.023241210970534228f,-0.5403909899461741f,-0.34375f,0.31463792358938486f,0.7916266539406419f,-0.5237654225033415f,1.8733737895031317f,0.439960853874232f,-0.6105629262274009f,-0.658519065916007f,-0.0039086846037008835f,0f,0f,0f,1f], start_interpolation: 0, interpolation_duration: 1 }
$data merge entity $(bone_uppertail) { transformation: [-0.9995468755281369f,-0.00935953687374238f,-0.02860843741709975f,0.006039371175480111f,0.01314748760392867f,0.7192195796882304f,-0.6946584338815658f,0.4281471744593028f,0.027077429561234177f,-0.6947197962218973f,-0.7187706293010048f,-0.2716836712491244f,0f,0f,0f,1f], start_interpolation: 0, interpolation_duration: 1 }
$data merge entity $(bone_middletail) { transformation: [-0.9995468755281369f,-0.018955506524775914f,-0.023382309431025716f,0.014902798999541212f,0.01314748760392867f,0.42385208249312045f,-0.905635995163592f,0.7714650116850095f,0.027077429561234177f,-0.9055330479549791f,-0.4234108074550321f,-0.11119411779836556f,0f,0f,0f,1f], start_interpolation: 0, interpolation_duration: 1 }
$data merge entity $(bone_tail) { transformation: [-0.9995468755281369f,-0.019914353812708913f,-0.022571267889981338f,0.021875f,0.01314748760392867f,0.3857064127803995f,-0.9225278893940175f,1.126541213043376f,0.027077429561234177f,-0.9224066248961456f,-0.3852698160459215f,0.0033358805918339562f,0f,0f,0f,1f], start_interpolation: 0, interpolation_duration: 1 }
$data merge entity $(bone_hair) { transformation: [-0.6893654271085455f,0.12155372436685123f,1.2069714384142594e-16f,0.12499999999999997f,0.11979933613986934f,0.6794157970523119f,-0.16928597815662522f,2.3993769126529103f,-0.0205773411280233f,-0.11669990063542984f,-0.9855669726606887f,0.19712552346903126f,0f,0f,0f,1f], start_interpolation: 0, interpolation_duration: 1 }
$data merge entity $(bone_ear_left) { transformation: [-0.008231141953201545f,0.37478248669201875f,-0.957506496432169f,0.14446653243440233f,0.9708292247100487f,0.3012976304775177f,0.061436837566782664f,2.313352494953698f,0.23963068407662672f,-1.2077904725313826f,-0.28179216504364646f,-0.17391744118451716f,0f,0f,0f,1f], start_interpolation: 0, interpolation_duration: 1 }
$data merge entity $(bone_ear_right) { transformation: [-0.008231141953201708f,-0.37873924603887943f,0.9565848039067948f,-0.14446653243440233f,-0.9708292247100484f,0.30104210620699245f,0.06217360733588507f,2.313352494953698f,-0.23963068407662663f,-1.2066193408860804f,-0.28474542223790344f,-0.1739174411845172f,0f,0f,0f,1f], start_interpolation: 0, interpolation_duration: 1 }
$data merge entity $(bone_head) { transformation: [-1f,2.0731553129003984e-17f,1.2069714384142594e-16f,2.754441104918025e-18f,0f,0.9855669726606887f,-0.16928597815662522f,1.9980146708194224f,-1.2246467991473532e-16f,-0.16928597815662522f,-0.9855669726606887f,-0.022491718484348076f,0f,0f,0f,1f], start_interpolation: 0, interpolation_duration: 1 }
$data merge entity $(bone_body) { transformation: [-1f,1.0718071491455619e-17f,1.2199475714194697e-16f,-6.403984274441296e-18f,0f,0.9961627893600382f,-0.08751969546581069f,1.066084375f,-1.2246467991473532e-16f,-0.08751969546581069f,-0.9961627893600382f,0.0522925f,0f,0f,0f,1f], start_interpolation: 0, interpolation_duration: 1 }
$data merge entity $(bone_shoe_left) { transformation: [-0.9537169507482268f,0.0008122493850963713f,-0.300704702501375f,0.13194937132144682f,2.710505431213761e-20f,0.9999963519064154f,0.002701143065532488f,0.25161687398066934f,0.300705799504273f,0.0025761259279943626f,-0.9537134714995374f,0.09426347618516898f,0f,0f,0f,1f], start_interpolation: 0, interpolation_duration: 1 }
$data merge entity $(bone_lowerleg_left) { transformation: [-0.984807753012208f,1.734723475976807e-18f,-0.17364817766693022f,0.1298040051876787f,0f,1f,0f,0.6885218739806693f,0.17364817766693025f,0f,-0.984807753012208f,0.08974486728223151f,0f,0f,0f,1f], start_interpolation: 0, interpolation_duration: 1 }
$data merge entity $(bone_leg_left) { transformation: [-0.984807753012208f,-0.01281068050047658f,-0.17317498685480093f,0.12499999999999999f,0f,0.997275002718215f,-0.0737737687351283f,1.0625f,0.17364817766693025f,-0.07265297941928399f,-0.9821241545621691f,0.06250000000000001f,0f,0f,0f,1f], start_interpolation: 0, interpolation_duration: 1 }