# This file was generated by Animated Java via MC-Build. It is not recommended to edit this file directly.
$data merge entity $(bone_hammer) { transformation: [-0.000017049425769380305f,-0.000011970536488738336f,2.2608601007721583e-7f,0.6928150888412533f,-0.0000019917308189787153f,0.0000032237003375321434f,0.000020485813194899135f,0.8084404432087895f,-0.000011805840379104697f,0.000016743410348055054f,-0.000003782607650486875f,-0.41075524717373924f,0f,0f,0f,1f], start_interpolation: 0, interpolation_duration: 1 }
$data merge entity $(bone_hand_left) { transformation: [-0.8183724369302546f,0.01085212848370623f,0.57458575145944f,0.467915006810962f,-0.09560307931097832f,0.9833190333551584f,-0.15473761620154264f,0.9440764960055275f,-0.5666803381970253f,-0.1815651672233698f,-0.8036836967066425f,-0.033849980681628845f,0f,0f,0f,1f], start_interpolation: 0, interpolation_duration: 1 }
$data merge entity $(bone_lowerarm_left) { transformation: [-0.8183724369302546f,-0.11376822851282103f,0.5633146053972777f,0.41760811826544897f,-0.09560307931097832f,0.9935017959020379f,0.0617594751085562f,1.3833905713809598f,-0.5666803381970253f,-0.0033123587487058487f,-0.823931078780516f,-0.03531466431582221f,0f,0f,0f,1f], start_interpolation: 0, interpolation_duration: 1 }
$data merge entity $(bone_arm_left) { transformation: [-0.8183724369302546f,-0.14911418198702625f,0.5550058695213739f,0.34375f,-0.09560307931097832f,0.9876187664910006f,0.12437533236559989f,1.8725704916585335f,-0.5666803381970253f,0.04872507368013598f,-0.8224957516581896f,-0.011180526258629857f,0f,0f,0f,1f], start_interpolation: 0, interpolation_duration: 1 }
$data merge entity $(bone_bread) { transformation: [0.09755087123258552f,-0.9952156018585614f,0.0018821053340803973f,0.0009570939878794926f,0.7045404551581964f,0.06518710103034847f,-0.243912906650938f,1.9192541267901462f,0.7029271474109141f,0.07277738437564496f,0.24421152304048027f,0.4647701092444216f,0f,0f,0f,1f], start_interpolation: 0, interpolation_duration: 1 }
$data merge entity $(bone_hand_right) { transformation: [-0.6391281995751789f,-0.6752781070549024f,0.36812310799532527f,-0.19361492578947057f,0.27521006127141073f,-0.6477506675134694f,-0.7104072739709532f,1.8933847130539359f,0.7181744681362439f,-0.3527301388713504f,0.599839047119326f,0.38790138376942007f,0f,0f,0f,1f], start_interpolation: 0, interpolation_duration: 1 }
$data merge entity $(bone_lowerarm_right) { transformation: [-0.8884327592535783f,-0.352811982990318f,0.2936169902160173f,-0.3496239745180018f,0.264957923750063f,-0.9165356215745564f,-0.2995993208053005f,1.4881041178889367f,0.3748126611083584f,-0.1883777031481726f,0.9077606017169338f,0.30460311815858754f,0f,0f,0f,1f], start_interpolation: 0, interpolation_duration: 1 }
$data merge entity $(bone_arm_right) { transformation: [-0.8483069803077722f,0.011859128364420067f,-0.5293719186314525f,-0.34375f,0.34080130680039283f,0.7773792427590431f,-0.5287116248112209f,1.8731497740680254f,0.40525268221722294f,-0.6289204035502529f,-0.6634978444229744f,-0.006909019224897131f,0f,0f,0f,1f], start_interpolation: 0, interpolation_duration: 1 }
$data merge entity $(bone_uppertail) { transformation: [-0.9995468755281369f,-0.009475324145329752f,-0.02857029671319477f,0.006048783445078932f,0.01324292257995861f,0.7139349585442187f,-0.7000867803137021f,0.4268450600469288f,0.027030882772863325f,-0.7001479080885734f,-0.7134859761591072f,-0.26904473209072405f,0f,0f,0f,1f], start_interpolation: 0, interpolation_duration: 1 }
$data merge entity $(bone_middletail) { transformation: [-0.9995468755281369f,-0.01902611424639708f,-0.023324892253172424f,0.014890444125563328f,0.01324292257995861f,0.41791060707385363f,-0.9083916278217806f,0.7712073908291562f,0.027030882772863325f,-0.9082889030874737f,-0.4174692801927748f,-0.110807553616144f,0f,0f,0f,1f], start_interpolation: 0, interpolation_duration: 1 }
$data merge entity $(bone_tail) { transformation: [-0.9995468755281369f,-0.01988028330445869f,-0.02260128221304088f,0.021875f,0.01324292257995861f,0.3838433872170205f,-0.9233032433016283f,1.1264016220817683f,0.027030882772863325f,-0.9231841790376928f,-0.3834061853322411f,0.003015269909402006f,0f,0f,0f,1f], start_interpolation: 0, interpolation_duration: 1 }
$data merge entity $(bone_hair) { transformation: [-0.6893654271085455f,0.12155372436685123f,1.2051957260643288e-16f,0.12499999999999997f,0.11962308577144591f,0.6784162315421711f,-0.17752110613599575f,2.4009296586677564f,-0.02157835160455345f,-0.12237691315222214f,-0.9841169934902315f,0.1904748042492763f,0f,0f,0f,1f], start_interpolation: 0, interpolation_duration: 1 }
$data merge entity $(bone_ear_left) { transformation: [0.001697581210615667f,0.34840477392069613f,-0.963416394857552f,0.14520678389212827f,0.9731676033204449f,0.28760090656532855f,0.06325704734294427f,2.310665376183827f,0.2300911429533397f,-1.2189749103456025f,-0.2604369330205108f,-0.18164242014383764f,0f,0f,0f,1f], start_interpolation: 0, interpolation_duration: 1 }
$data merge entity $(bone_ear_right) { transformation: [0.0016975812106159453f,-0.35243584428116154f,0.9625484251106637f,-0.14520678389212827f,-0.9731676033204453f,0.28733462054815373f,0.0639690874715919f,2.310665376183827f,-0.23009114295333982f,-1.2178783976654952f,-0.2634549015771639f,-0.18164242014383766f,0f,0f,0f,1f], start_interpolation: 0, interpolation_duration: 1 }
$data merge entity $(bone_head) { transformation: [-1f,2.1740065441054478e-17f,1.2051957260643288e-16f,3.1569773897641608e-18f,0f,0.9841169934902315f,-0.17752110613599575f,1.9977450680477693f,-1.2246467991473532e-16f,-0.17752110613599575f,-0.9841169934902315f,-0.02577867669243223f,0f,0f,0f,1f], start_interpolation: 0, interpolation_duration: 1 }
$data merge entity $(bone_body) { transformation: [-1f,1.1148346466902519e-17f,1.219561896652748e-16f,-6.403984274441296e-18f,0f,0.9958478620136471f,-0.09103315727166748f,1.066084375f,-1.2246467991473532e-16f,-0.09103315727166748f,-0.9958478620136471f,0.0522925f,0f,0f,0f,1f], start_interpolation: 0, interpolation_duration: 1 }
$data merge entity $(bone_shoe_left) { transformation: [-0.9537169507482268f,0.0004686098318064811f,-0.3007054343711293f,0.13173137781755034f,1.8385198533040155e-18f,0.9999987857462537f,0.0015583664584421042f,0.25152612524593887f,0.300705799504273f,0.0014862405068937301f,-0.9537157926938463f,0.09302717358972606f,0f,0f,0f,1f], start_interpolation: 0, interpolation_duration: 1 }
$data merge entity $(bone_lowerleg_left) { transformation: [-0.984807753012208f,1.734723475976807e-18f,-0.17364817766693022f,0.12958601168378223f,0f,1.0000000000000002f,-1.3877787807814457e-17f,0.688431125245939f,0.17364817766693022f,0f,-0.9848077530122081f,0.0885085646867886f,0f,0f,0f,1f], start_interpolation: 0, interpolation_duration: 1 }
$data merge entity $(bone_leg_left) { transformation: [-0.984807753012208f,-0.012229364490085945f,-0.17321700912789825f,0.12499999999999999f,0f,0.9975169993441626f,-0.07042610325311191f,1.0625f,0.17364817766693022f,-0.06935617249810289f,-0.982362474715605f,0.06250000000000001f,0f,0f,0f,1f], start_interpolation: 0, interpolation_duration: 1 }