# This file was generated by Animated Java via MC-Build. It is not recommended to edit this file directly.
$data merge entity $(bone_hammer) { transformation: [-0.000017049425769380305f,-0.000011904353532589874f,0.0000012771944578972867f,0.6481472172667537f,-5.021843504436155e-7f,0.0000029315012088910155f,0.0000206199391201385f,0.8182010659272538f,-0.000011962134825788333f,0.000016844003247778226f,-0.0000026860124304024387f,-0.3735328685695898f,0f,0f,0f,1f], start_interpolation: 0, interpolation_duration: 1 }
$data merge entity $(bone_hand_left) { transformation: [-0.8183724369302546f,0.06130533397906963f,0.5714089695643139f,0.4278399398761517f,-0.02410484882129354f,0.9897570777666478f,-0.1407120580267685f,0.9448454906559538f,-0.5741824716378399f,-0.12892859665931686f,-0.8085121558933547f,0.009168919822987426f,0f,0f,0f,1f], start_interpolation: 0, interpolation_duration: 1 }
$data merge entity $(bone_lowerarm_left) { transformation: [-0.8183724369302546f,-0.06382338399434961f,0.5711331982369314f,0.39961803726615025f,-0.02410484882129354f,0.9967515465580213f,0.07684601939915564f,1.3855965651495787f,-0.5741824716378399f,0.049121584763753515f,-0.8172524451931352f,0.030889870585709682f,0f,0f,0f,1f], start_interpolation: 0, interpolation_duration: 1 }
$data merge entity $(bone_arm_left) { transformation: [-0.8183724369302546f,-0.11279351372345787f,0.5635105835161859f,0.34375f,-0.02410484882129354f,0.9864242805724784f,0.1624379726553216f,1.8741848416206346f,-0.5741824716378399f,0.11935142210708904f,-0.8099813129355989f,0.09000612184812723f,0f,0f,0f,1f], start_interpolation: 0, interpolation_duration: 1 }
$data merge entity $(bone_bread) { transformation: [-0.7808246459975972f,-0.30182759913825163f,-0.5099485465528284f,-0.3705519502839781f,-0.10465410498635373f,0.926374982763119f,-0.33726219692294696f,0.7089857707033398f,0.6159223900072414f,-0.22523208410231021f,-0.7037839080646302f,0.026806690625469254f,0f,0f,0f,1f], start_interpolation: 0, interpolation_duration: 1 }
$data merge entity $(bone_hand_right) { transformation: [-0.8122586750480716f,-0.22886409845964645f,-0.5365231302054037f,-0.4043167477368548f,-0.009173909470565785f,0.9247092530439858f,-0.38056357776311156f,0.9582629976851903f,0.5832252431043919f,-0.30419405282004974f,-0.7532026912025311f,0.09086615566542425f,0f,0f,0f,1f], start_interpolation: 0, interpolation_duration: 1 }
$data merge entity $(bone_lowerarm_right) { transformation: [-0.8206548843208294f,-0.05732087687892509f,-0.5685418875634382f,-0.42966332298175447f,0.05512152547021972f,0.9823750116846468f,-0.17860838123510905f,1.392656948164495f,0.5687593324686654f,-0.17791473657744383f,-0.8030312373988802f,0.012194483085085805f,0f,0f,0f,1f], start_interpolation: 0, interpolation_duration: 1 }
$data merge entity $(bone_arm_right) { transformation: [-0.8216700729508735f,0.17345276564139706f,-0.5429294883391921f,-0.34375f,0.05471242648026089f,0.9721733623320349f,0.22778389750082914f,1.8741865666945812f,0.567331333178019f,0.15745822196181683f,-0.8082957792362117f,0.09018550865054821f,0f,0f,0f,1f], start_interpolation: 0, interpolation_duration: 1 }
$data merge entity $(bone_uppertail) { transformation: [-0.9995468755281369f,-0.018170309007216237f,-0.023997572638109307f,0.006278528390483486f,0.009764491570002283f,0.558398946132415f,-0.8295150822393692f,0.4708495306973321f,0.028472764641292038f,-0.8293735327515526f,-0.5579684980757346f,-0.33937844075477963f,0f,0f,0f,1f], start_interpolation: 0, interpolation_duration: 1 }
$data merge entity $(bone_middletail) { transformation: [-0.9995468755281369f,-0.02067858000427135f,-0.02187327023894701f,0.014569874366763737f,0.009764491570002283f,0.46462238475452194f,-0.8854550775106551f,0.8065179503576227f,0.028472764641292038f,-0.8852674375091564f,-0.4642099371616829f,-0.1634223095697091f,0f,0f,0f,1f], start_interpolation: 0, interpolation_duration: 1 }
$data merge entity $(bone_tail) { transformation: [-0.9995468755281369f,-0.018951738365299904f,-0.023385363689117075f,0.021875f,0.009764491570002283f,0.5307423481154493f,-0.8474769699651303f,1.1338450028510831f,0.028472764641292038f,-0.8473213035973028f,-0.5303168016797593f,0.007053628571849095f,0f,0f,0f,1f], start_interpolation: 0, interpolation_duration: 1 }
$data merge entity $(bone_hair) { transformation: [-0.6893654271085455f,0.12155372436685122f,1.221653448370421e-16f,0.12499999999999994f,0.12125661589808631f,0.6876804412511847f,0.0698751630500063f,2.3378458619595923f,0.008493586309469166f,0.04816952162024686f,-0.9975557435996923f,0.39989029176310037f,0f,0f,0f,1f], start_interpolation: 0, interpolation_duration: 1 }
$data merge entity $(bone_ear_left) { transformation: [-0.4340562994117886f,0.0922840174304421f,-0.8980845587015521f,0.142644375f,-0.010447200865816748f,1.295355049835535f,0.08381030106984207f,2.4101578124352354f,0.9008251689062717f,0.05948911658846912f,-0.4317637766839884f,0.16334366315789167f,0f,0f,0f,1f], start_interpolation: 0, interpolation_duration: 1 }
$data merge entity $(bone_ear_right) { transformation: [-0.43405629941178814f,-0.04555885944228879f,0.9002038422137502f,-0.142644375f,0.010447200865816741f,1.2986740919769861f,0.04392805749565955f,2.4101578124352354f,-0.900825168906272f,0.037013418567711696f,-0.43324746765360284f,0.16334366315789164f,0f,0f,0f,1f], start_interpolation: 0, interpolation_duration: 1 }
$data merge entity $(bone_head) { transformation: [-1f,-8.557239476908962e-18f,1.221653448370421e-16f,-1.1162688997530962e-17f,0f,0.9975557435996923f,0.0698751630500063f,2.000202584373918f,-1.2246467991473532e-16f,0.0698751630500063f,-0.9975557435996923f,0.0911502729219793f,0f,0f,0f,1f], start_interpolation: 0, interpolation_duration: 1 }
$data merge entity $(bone_body) { transformation: [-1f,-4.165145923807603e-18f,1.2239382903582992e-16f,-6.403984274441296e-18f,0f,0.9994214586691059f,0.034010997511344f,1.066084375f,-1.2246467991473532e-16f,0.034010997511344f,-0.9994214586691059f,0.0522925f,0f,0f,0f,1f], start_interpolation: 0, interpolation_duration: 1 }
$data merge entity $(bone_shoe_left) { transformation: [-0.9537169507482268f,0.0002733514346260941f,-0.30070567526153746f,0.12785567996243893f,0f,0.9999995868295998f,0.0009090327990904273f,0.25061731062494386f,0.300705799504273f,0.0008669599892786461f,-0.9537165567006127f,0.07104699880570148f,0f,0f,0f,1f], start_interpolation: 0, interpolation_duration: 1 }
$data merge entity $(bone_lowerleg_left) { transformation: [-0.984807753012208f,0f,-0.17364817766693022f,0.12571031382867082f,0f,1f,0f,0.6875223106249438f,0.17364817766693025f,-1.734723475976807e-18f,-0.984807753012208f,0.06652838990276401f,0f,0f,0f,1f], start_interpolation: 0, interpolation_duration: 1 }
$data merge entity $(bone_leg_left) { transformation: [-0.984807753012208f,-0.001894170209788911f,-0.17363784646862596f,0.12499999999999999f,0f,0.9999405050001497f,-0.010908091494182372f,1.0625f,0.17364817766693025f,-0.010742373074037323f,-0.9847491618750901f,0.06250000000000001f,0f,0f,0f,1f], start_interpolation: 0, interpolation_duration: 1 }