# This file was generated by Animated Java via MC-Build. It is not recommended to edit this file directly.
$data merge entity $(bone_hammer) { transformation: [-0.000017049425769380305f,-0.000011970606048811403f,2.2237251702584893e-7f,0.6933128590152757f,-0.000002025720892692346f,0.0000032655526332595742f,0.0000204758491555808f,0.8073415222498034f,-0.000011800055659914415f,0.00001673524826829137f,-0.000003836395391425446f,-0.4107706584096735f,0f,0f,0f,1f], start_interpolation: 0, interpolation_duration: 1 }
$data merge entity $(bone_hand_left) { transformation: [-0.8183724369302546f,0.010673880817240619f,0.5745890903429473f,0.46840012357424116f,-0.09723460284923258f,0.9828407594678784f,-0.15674652639645933f,0.9439273101110338f,-0.5664026716758919f,-0.18414697878842123f,-0.8032919168779857f,-0.03421608120238711f,0f,0f,0f,1f], start_interpolation: 0, interpolation_duration: 1 }
$data merge entity $(bone_lowerarm_left) { transformation: [-0.8183724369302546f,-0.11394297366452716f,0.563279285279799f,0.4180159649069581f,-0.09723460284923258f,0.9934696667626008f,0.05969466669107694f,1.3832271783826213f,-0.5664026716758919f,-0.005917767745664861f,-0.8241073919965287f,-0.03683284412742329f,0f,0f,0f,1f], start_interpolation: 0, interpolation_duration: 1 }
$data merge entity $(bone_arm_left) { transformation: [-0.8183724369302546f,-0.14993759476483645f,0.5547839869255168f,0.34375f,-0.09723460284923258f,0.9875728558399656f,0.12347180413700301f,1.8723843585408544f,-0.5664026716758919f,0.04710172060795784f,-0.822781527159052f,-0.013502773138794173f,0f,0f,0f,1f], start_interpolation: 0, interpolation_duration: 1 }
$data merge entity $(bone_bread) { transformation: [0.11326364407625479f,-0.9933373054379601f,0.0068607720493705365f,-0.04700494534222835f,0.7769996322435083f,0.07521437523742597f,-0.20161015978806907f,1.953119760498728f,0.6192276789873176f,0.08731434809294703f,0.2517231533049555f,0.35953237769779645f,0f,0f,0f,1f], start_interpolation: 0, interpolation_duration: 1 }
$data merge entity $(bone_hand_right) { transformation: [-0.6055553770897427f,-0.6712493206865343f,0.42746582875776795f,-0.23457525396370987f,0.3302692663428447f,-0.700687215879737f,-0.6324236216430106f,1.9171649348464548f,0.7240337678499937f,-0.24178869903402964f,0.6459979319102904f,0.3045698818824811f,0f,0f,0f,1f], start_interpolation: 0, interpolation_duration: 1 }
$data merge entity $(bone_lowerarm_right) { transformation: [-0.8958041619319569f,-0.3036912777191633f,0.3245096474724381f,-0.3688637408301524f,0.2905272263790003f,-0.9526668004088081f,-0.08955388395468328f,1.495907584040685f,0.3363463010022696f,0.014056145849617896f,0.9416334693318544f,0.310785333875359f,0f,0f,0f,1f], start_interpolation: 0, interpolation_duration: 1 }
$data merge entity $(bone_arm_right) { transformation: [-0.8537209882583923f,0.05070282060346228f,-0.5182564019768275f,-0.34375f,0.3689585268554948f,0.7612154247923111f,-0.5333110560628613f,1.8729470991331265f,0.3674643923807273f,-0.6465139604379123f,-0.6685728227284956f,-0.009441112154044494f,0f,0f,0f,1f], start_interpolation: 0, interpolation_duration: 1 }
$data merge entity $(bone_uppertail) { transformation: [-0.9995468755281369f,-0.009623273999862233f,-0.02852080327519953f,0.006053346093780394f,0.013320710913415022f,0.7082670405426796f,-0.7058189271631045f,0.4259021001224938f,0.02699263386000489f,-0.70587902070995f,-0.7078179185630029f,-0.2670837156406758f,0f,0f,0f,1f], start_interpolation: 0, interpolation_duration: 1 }
$data merge entity $(bone_middletail) { transformation: [-0.9995468755281369f,-0.019094955239503022f,-0.0232685690651667f,0.014873654375957356f,0.013320710913415022f,0.41260358058499397f,-0.9108132870952222f,0.7711823337055334f,0.02699263386000489f,-0.9107105291874272f,-0.41216226142680257f,-0.11085837539267963f,0f,0f,0f,1f], start_interpolation: 0, interpolation_duration: 1 }
$data merge entity $(bone_tail) { transformation: [-0.9995468755281369f,-0.01983381937842224f,-0.02264206772366824f,0.021875f,0.013320710913415022f,0.38308109785312106f,-0.9236186610979711f,1.1263075162206377f,0.02699263386000489f,-0.9235017553185871f,-0.38264331385872674f,0.002685690882983774f,0f,0f,0f,1f], start_interpolation: 0, interpolation_duration: 1 }
$data merge entity $(bone_hair) { transformation: [-0.6893654271085455f,0.12155372436685123f,1.203512106960473e-16f,0.12499999999999997f,0.11945597622391654f,0.6774685062033833f,-0.18498037869994235f,2.402329619194475f,-0.022485053965768633f,-0.12751907776918622f,-0.9827422141619977f,0.18472782654955758f,0f,0f,0f,1f], start_interpolation: 0, interpolation_duration: 1 }
$data merge entity $(bone_ear_left) { transformation: [0.005130107621179353f,0.32623228031857965f,-0.9679869986201534f,0.1459242583819242f,0.9744356062681298f,0.2810199822606547f,0.06120554554156243f,2.3086002858248285f,0.22460839528534335f,-1.226621485564459f,-0.24342360546443892f,-0.18787309178718578f,0f,0f,0f,1f], start_interpolation: 0, interpolation_duration: 1 }
$data merge entity $(bone_ear_right) { transformation: [0.005130107621179408f,-0.3300726655816343f,0.967216330907618f,-0.1459242583819242f,-0.9744356062681298f,0.2807757499327635f,0.06186523557520628f,2.3086002858248285f,-0.22460839528534318f,-1.2256496292519854f,-0.24630319091077327f,-0.1878730917871858f,0f,0f,0f,1f], start_interpolation: 0, interpolation_duration: 1 }
$data merge entity $(bone_head) { transformation: [-1f,2.265356286799496e-17f,1.203512106960473e-16f,3.485508824925024e-18f,0f,0.9827422141619977f,-0.18498037869994235f,1.997516376283766f,-1.2246467991473532e-16f,-0.18498037869994235f,-0.9827422141619977f,-0.028461339443762647f,0f,0f,0f,1f], start_interpolation: 0, interpolation_duration: 1 }
$data merge entity $(bone_body) { transformation: [-1f,1.1499508367428085e-17f,1.2192357907281932e-16f,-6.403984274441296e-18f,0f,0.9955815763182272f,-0.09390061179627049f,1.066084375f,-1.2246467991473532e-16f,-0.09390061179627049f,-0.9955815763182272f,0.0522925f,0f,0f,0f,1f], start_interpolation: 0, interpolation_duration: 1 }
$data merge entity $(bone_shoe_left) { transformation: [-0.9537169507482268f,0.00012496966653825127f,-0.30070577353633643f,0.1315133326502761f,3.3881317890172014e-21f,0.9999999136433798f,0.0004155878162119566f,0.25143959055664056f,0.300705799504273f,0.0003963531448457679f,-0.9537168683884544f,0.09179057799670812f,0f,0f,0f,1f], start_interpolation: 0, interpolation_duration: 1 }
$data merge entity $(bone_lowerleg_left) { transformation: [-0.984807753012208f,0f,-0.17364817766693022f,0.12936796651650798f,0f,1f,0f,0.6883445905566405f,0.17364817766693025f,-1.3877787807814457e-17f,-0.984807753012208f,0.08727196909377063f,0f,0f,0f,1f], start_interpolation: 0, interpolation_duration: 1 }
$data merge entity $(bone_leg_left) { transformation: [-0.984807753012208f,-0.011647910710687942f,-0.17325708003750268f,0.12499999999999999f,0f,0.9977477585156251f,-0.06707764439100235f,1.0625f,0.17364817766693025f,-0.06605858425005497f,-0.98258972813674f,0.06250000000000001f,0f,0f,0f,1f], start_interpolation: 0, interpolation_duration: 1 }
execute on vehicle unless entity @s[tag=aj.transforms_only] positioned ^1.1640624219 ^-0.0007803047 ^0.2203124844 rotated ~0 ~0 run function animated_java:meowster/animations/bread_eating/zzz/frames/zzz/1