# This file was generated by Animated Java via MC-Build. It is not recommended to edit this file directly.
$data merge entity $(bone_hammer) { transformation: [-0.000017049425769380305f,-0.000011970554320696572f,2.2513988411936872e-7f,0.6935956818278428f,-0.0000020498031781234908f,0.0000033044378605959205f,0.00002046721219741939f,0.80636751322846f,-0.000011795896135653428f,0.000016727650685571207f,-0.000003882050318602738f,-0.4106452285980565f,0f,0f,0f,1f], start_interpolation: 0, interpolation_duration: 1 }
$data merge entity $(bone_hand_left) { transformation: [-0.8183724369302546f,0.01080671443772957f,0.5745866073934354f,0.46869237357458626f,-0.09839055254992754f,0.9824261854761306f,-0.15861301730860394f,0.9438222717720512f,-0.5662030145113645f,-0.18633841529293121f,-0.8029272329074177f,-0.034401349025958074f,0f,0f,0f,1f], start_interpolation: 0, interpolation_duration: 1 }
$data merge entity $(bone_lowerarm_left) { transformation: [-0.8183724369302546f,-0.11381275132259872f,0.5633056116436412f,0.4183657975991246f,-0.09839055254992754f,0.9934689024022452f,0.05778268883150184f,1.383121802053044f,-0.5662030145113645f,-0.00813619051267396f,-0.8242256661632087f,-0.03799907076828109f,0f,0f,0f,1f], start_interpolation: 0, interpolation_duration: 1 }
$data merge entity $(bone_arm_left) { transformation: [-0.8183724369302546f,-0.15064388158813802f,0.5545926211309483f,0.34375f,-0.09839055254992754f,0.9875110644800134f,0.12304957008649352f,1.8722483761783006f,-0.5662030145113645f,0.04613370210171727f,-0.8229737710818211f,-0.015148471446024249f,0f,0f,0f,1f], start_interpolation: 0, interpolation_duration: 1 }
$data merge entity $(bone_bread) { transformation: [0.12325107455907569f,-0.9899648663400387f,-0.020738520750391953f,-0.06213349389954359f,0.7482769702733604f,0.13846423936549512f,-0.19463255307319732f,1.9452196853852077f,0.6518364429659895f,0.028235046117978002f,0.22735013314553962f,0.36681709352466446f,0f,0f,0f,1f], start_interpolation: 0, interpolation_duration: 1 }
$data merge entity $(bone_hand_right) { transformation: [-0.6122206401011699f,-0.6876504369349281f,0.3902854909131468f,-0.23930691302289617f,0.32235162780775833f,-0.6677882836480757f,-0.6709308729459729f,1.9206835178260149f,0.7219939860440682f,-0.2849485651930173f,0.6304990081757771f,0.3131292890698119f,0f,0f,0f,1f], start_interpolation: 0, interpolation_duration: 1 }
$data merge entity $(bone_lowerarm_right) { transformation: [-0.8965510671329894f,-0.3392375407174125f,0.284805328234392f,-0.389313513058877f,0.32610106738374955f,-0.9406605518556641f,-0.09389259839719183f,1.5047351800523383f,0.2997570314002279f,0.008695812244922885f,0.9539759457006889f,0.31697446854686373f,0f,0f,0f,1f], start_interpolation: 0, interpolation_duration: 1 }
$data merge entity $(bone_arm_right) { transformation: [-0.8563163874538124f,0.09198942699583998f,-0.5081930636077485f,-0.34375f,0.3987741442316982f,0.7430596093958257f,-0.5374398559623204f,1.8727818928312083f,0.32817895494734106f,-0.6628728099760165f,-0.6729771254093049f,-0.011354720144381998f,0f,0f,0f,1f], start_interpolation: 0, interpolation_duration: 1 }
$data merge entity $(bone_uppertail) { transformation: [-0.9995468755281369f,-0.009774497702175798f,-0.028469331158445167f,0.006048424551048006f,0.013375781057396799f,0.7030613334306454f,-0.7110034106217971f,0.4254755850519725f,0.02696538712949699f,-0.7110620371172921f,-0.7026120175940369f,-0.2661498681382926f,0f,0f,0f,1f], start_interpolation: 0, interpolation_duration: 1 }
$data merge entity $(bone_middletail) { transformation: [-0.9995468755281369f,-0.019147973252027363f,-0.023224959467751532f,0.014852200225300835f,0.013375781057396799f,0.40866352355236685f,-0.9125870988562511f,0.7714281610760426f,0.02696538712949699f,-0.9124842352819603f,-0.40822222901117544f,-0.11141815466900845f,0f,0f,0f,1f], start_interpolation: 0, interpolation_duration: 1 }
$data merge entity $(bone_tail) { transformation: [-0.9995468755281369f,-0.01977413758443742f,-0.022694208616534664f,0.021875f,0.013375781057396799f,0.3836277046095433f,-0.9233909641842495f,1.1262695718466982f,0.02696538712949699f,-0.9232761059070059f,-0.3831893789735718f,0.002355297100910904f,0f,0f,0f,1f], start_interpolation: 0, interpolation_duration: 1 }
$data merge entity $(bone_hair) { transformation: [-0.6893654271085455f,0.12155372436685123f,1.2019903001124555e-16f,0.12499999999999997f,0.11930492753765669f,0.6766118665351206f,-0.19146436940917738f,2.4035614860122854f,-0.023273207185236212f,-0.13198891679382588f,-0.9814995645677822f,0.18014953171071915f,0f,0f,0f,1f], start_interpolation: 0, interpolation_duration: 1 }
$data merge entity $(bone_ear_left) { transformation: [0.0026973709229091984f,0.3099290995347234f,-0.9711615863036174f,0.146550625f,0.9748833502929306f,0.28034771537398157f,0.05564737136407336f,2.3072225632612806f,0.22269974744425577f,-1.2309951712927976f,-0.2318373208707143f,-0.1923586307146245f,0f,0f,0f,1f], start_interpolation: 0, interpolation_duration: 1 }
$data merge entity $(bone_ear_right) { transformation: [0.002697370922909697f,-0.31337090490214015f,0.9705078216373244f,-0.146550625f,-0.9748833502929307f,0.28014939209000456f,0.056235263553726995f,2.3072225632612806f,-0.22269974744425589f,-1.230168685210453f,-0.2344187775623318f,-0.19235863071462453f,0f,0f,0f,1f], start_interpolation: 0, interpolation_duration: 1 }
$data merge entity $(bone_head) { transformation: [-1f,2.3447622714771548e-17f,1.2019903001124555e-16f,3.7183250904551e-18f,0f,0.9814995645677822f,-0.19146436940917738f,1.9973495995151826f,-1.2246467991473532e-16f,-0.19146436940917738f,-0.9814995645677822f,-0.03036242852260703f,0f,0f,0f,1f], start_interpolation: 0, interpolation_duration: 1 }
$data merge entity $(bone_body) { transformation: [-1f,1.1748357217176747e-17f,1.2189985204796677e-16f,-6.403984274441296e-18f,0f,0.995387830457224f,-0.09593261686027686f,1.066084375f,-1.2246467991473532e-16f,-0.09593261686027686f,-0.995387830457224f,0.0522925f,0f,0f,0f,1f], start_interpolation: 0, interpolation_duration: 1 }
$data merge entity $(bone_shoe_left) { transformation: [-0.9537169507482268f,-0.00021867066193339803f,-0.3007057199965535f,0.13129523827599587f,8.5994133808086e-19f,0.9999997355963216f,-0.0007271913687527414f,0.25135727088762416f,0.300705799504273f,-0.0006935347348172804f,-0.9537166985819572f,0.09055370333689189f,0f,0f,0f,1f], start_interpolation: 0, interpolation_duration: 1 }
$data merge entity $(bone_lowerleg_left) { transformation: [-0.984807753012208f,1.734723475976807e-18f,-0.17364817766693022f,0.12914987214222776f,8.673617379884035e-19f,1f,0f,0.6882622708876242f,0.17364817766693025f,1.3877787807814457e-17f,-0.9848077530122081f,0.08603509443395442f,0f,0f,0f,1f], start_interpolation: 0, interpolation_duration: 1 }
$data merge entity $(bone_leg_left) { transformation: [-0.984807753012208f,-0.011066325712607405f,-0.17329519913219826f,0.12499999999999999f,8.673617379884035e-19f,0.9979672776330023f,-0.06372842987061701f,1.0625f,0.17364817766693025f,-0.06276025182387841f,-0.9828059122654674f,0.06250000000000001f,0f,0f,0f,1f], start_interpolation: 0, interpolation_duration: 1 }