# This file was generated by Animated Java via MC-Build. It is not recommended to edit this file directly.
$data merge entity $(bone_hammer) { transformation: [-0.000017049425769380305f,-0.00001197061491789799f,2.2189456858314066e-7f,0.6942579543008409f,-0.0000020617376038560575f,0.000003315813885870475f,0.000020464173428333048f,0.8061538121663351f,-0.000011793816039137394f,0.000016725356036253593f,-0.000003898223502227505f,-0.4113841033931941f,0f,0f,0f,1f], start_interpolation: 0, interpolation_duration: 1 }
$data merge entity $(bone_hand_left) { transformation: [-0.8183724369302546f,0.010650939291990624f,0.5745895160591035f,0.46934359211184484f,-0.09896340498509074f,0.9822803245599863f,-0.15915906652178258f,0.9438712291808833f,-0.5661031698785948f,-0.18711472810692004f,-0.8028170897401724f,-0.03524289539152069f,0f,0f,0f,1f], start_interpolation: 0, interpolation_duration: 1 }
$data merge entity $(bone_lowerarm_left) { transformation: [-0.8183724369302546f,-0.11396546352586648f,0.5632747354499142f,0.4189494887090008f,-0.09896340498509074f,0.9934446856531103f,0.05721801308460564f,1.383160051118118f,-0.5661031698785948f,-0.008917940957843776f,-0.8242861586745704f,-0.03918629740881723f,0f,0f,0f,1f], start_interpolation: 0, interpolation_duration: 1 }
$data merge entity $(bone_arm_left) { transformation: [-0.8183724369302546f,-0.15182231158914986f,0.5542711792765014f,0.34375f,-0.09896340498509074f,0.9872952396579392f,0.12431554296438378f,1.8721797245111909f,-0.5661031698785948f,0.046883850657766304f,-0.8230000641560771f,-0.015964140129892355f,0f,0f,0f,1f], start_interpolation: 0, interpolation_duration: 1 }
$data merge entity $(bone_bread) { transformation: [0.05354997518437259f,-0.6544380322484107f,-0.03458169442656419f,-0.06783664521887295f,0.44889718457956673f,0.12089581154134606f,-0.14334851529941542f,1.9229523246157276f,0.4899675114522752f,-0.039236579145376094f,0.1351122110397167f,0.44714980036838753f,0f,0f,0f,1f], start_interpolation: 0, interpolation_duration: 1 }
$data merge entity $(bone_hand_right) { transformation: [-0.6734339917557166f,-0.6772537054946927f,0.29633440087453466f,-0.2297248853424075f,0.27759299090341305f,-0.6031973865693563f,-0.7477265838775535f,1.9139437794437542f,0.6851487357860767f,-0.42128414547619353f,0.5942145055627087f,0.3817045803384939f,0f,0f,0f,1f], start_interpolation: 0, interpolation_duration: 1 }
$data merge entity $(bone_lowerarm_right) { transformation: [-0.8928001787932334f,-0.40834046921956363f,0.19017334709237574f,-0.4102879365754333f,0.3649437618924463f,-0.9031787894235943f,-0.2260179749292528f,1.5145694084955086f,0.2640528193421916f,-0.132386311727752f,0.9553794916495553f,0.3231650081213786f,0f,0f,0f,1f], start_interpolation: 0, interpolation_duration: 1 }
$data merge entity $(bone_arm_right) { transformation: [-0.8553170857837493f,0.13433526627216819f,-0.5003865695659507f,-0.34375f,0.42993169520074914f,0.7229801404196042f,-0.5407942806841242f,1.8726705092970939f,0.2891218086347077f,-0.6776826342724408f,-0.6761322555368592f,-0.01249967166668977f,0f,0f,0f,1f], start_interpolation: 0, interpolation_duration: 1 }
$data merge entity $(bone_uppertail) { transformation: [-0.9995468755281369f,-0.009900299522171396f,-0.02842582789137986f,0.006029360895340825f,0.01340305867441133f,0.6991872805977268f,-0.7148129158517811f,0.42572230435619995f,0.02695183927136224f,-0.7148700096659019f,-0.6987377674350828f,-0.2665922965814014f,0f,0f,0f,1f], start_interpolation: 0, interpolation_duration: 1 }
$data merge entity $(bone_middletail) { transformation: [-0.9995468755281369f,-0.019171200590501192f,-0.023205790007190516f,0.014825869336492676f,0.01340305867441133f,0.40682635880705004f,-0.9134071774394852f,0.7719857211996337f,0.02695183927136224f,-0.9133043188596646f,-0.4063850631017022f,-0.1125570341506571f,0f,0f,0f,1f], start_interpolation: 0, interpolation_duration: 1 }
$data merge entity $(bone_tail) { transformation: [-0.9995468755281369f,-0.01970038775318289f,-0.02275825881550032f,0.021875f,0.01340305867441133f,0.38568907469975033f,-0.9225314605342304f,1.1262988170651895f,0.02695183927136224f,-0.9224184692316305f,-0.38525026408850904f,0.002032364803561469f,0f,0f,0f,1f], start_interpolation: 0, interpolation_duration: 1 }
$data merge entity $(bone_hair) { transformation: [-0.6893654271085455f,0.12155372436685123f,1.2007034581771902e-16f,0.12499999999999997f,0.11917720056363297f,0.6758874908694652f,-0.19677447233636086f,2.4046109371973694f,-0.023918669972806682f,-0.13564951816621407f,-0.9804487783850551f,0.17700535915422794f,0f,0f,0f,1f], start_interpolation: 0, interpolation_duration: 1 }
$data merge entity $(bone_ear_left) { transformation: [-0.00493042667342683f,0.30100656277838683f,-0.9728120547920038f,0.1470175528425656f,0.9746015312581963f,0.2845993728697219f,0.047167286119991596f,2.306595585428786f,0.22389181798805607f,-1.2322330323954565f,-0.22674204103216916f,-0.19484609716973497f,0f,0f,0f,1f], start_interpolation: 0, interpolation_duration: 1 }
$data merge entity $(bone_ear_right) { transformation: [-0.004930426673426663f,-0.3039015677608108f,0.9722793188171983f,-0.1470175528425656f,-0.9746015312581963f,0.2844582227267619f,0.047668448920763475f,2.306595585428786f,-0.22389181798805619f,-1.231554853279241f,-0.2289118720771234f,-0.19484609716973497f,0f,0f,0f,1f], start_interpolation: 0, interpolation_duration: 1 }
$data merge entity $(bone_head) { transformation: [-1f,2.4097922770063373e-17f,1.2007034581771902e-16f,3.833716506983896e-18f,0f,0.9804487783850551f,-0.19677447233636086f,1.997265489827058f,-1.2246467991473532e-16f,-0.19677447233636086f,-0.9804487783850551f,-0.03130467094392505f,0f,0f,0f,1f], start_interpolation: 0, interpolation_duration: 1 }
$data merge entity $(bone_body) { transformation: [-1f,1.1871693476089121e-17f,1.2188790227347568e-16f,-6.403984274441296e-18f,0f,0.9952902531435087f,-0.09693973384288969f,1.066084375f,-1.2246467991473532e-16f,-0.09693973384288969f,-0.9952902531435087f,0.0522925f,0f,0f,0f,1f], start_interpolation: 0, interpolation_duration: 1 }
$data merge entity $(bone_shoe_left) { transformation: [-0.9537169507482268f,-0.000562310704833347f,-0.3007052737518504f,0.13107709715163587f,9.19259926652008e-19f,0.9999982516053115f,-0.0018699696040460258f,0.251279167166256f,0.300705799504273f,-0.0017834217087626455f,-0.953715283274576f,0.08931656354419809f,0f,0f,0f,1f], start_interpolation: 0, interpolation_duration: 1 }
$data merge entity $(bone_lowerleg_left) { transformation: [-0.984807753012208f,0f,-0.17364817766693025f,0.12893173101786776f,0f,1f,-6.938893903907228e-18f,0.688184167166256f,0.17364817766693022f,-6.938893903907228e-18f,-0.9848077530122081f,0.08479795464126061f,0f,0f,0f,1f], start_interpolation: 0, interpolation_duration: 1 }
$data merge entity $(bone_leg_left) { transformation: [-0.984807753012208f,-0.010484616047647416f,-0.1733313659825572f,0.12499999999999999f,0f,0.9981755542233175f,-0.06037849742228605f,1.0625f,0.17364817766693022f,-0.05946121237669492f,-0.9830110246663807f,0.06250000000000001f,0f,0f,0f,1f], start_interpolation: 0, interpolation_duration: 1 }