# This file was generated by Animated Java via MC-Build. It is not recommended to edit this file directly.
$data merge entity $(bone_hammer) { transformation: [-0.000017049425769380305f,-0.000011969461277218943f,2.772281467038806e-7f,0.6922560227747516f,-0.000002059280070565409f,0.0000034068957851745576f,0.00002044945486993993f,0.8039810415370445f,-0.000011794245389304934f,0.000016707867476727666f,-0.000003971236313132621f,-0.408148083066299f,0f,0f,0f,1f], start_interpolation: 0, interpolation_duration: 1 }
$data merge entity $(bone_hand_left) { transformation: [-0.8183724369302546f,0.013306951041786141f,0.5745341413065091f,0.4675327530048871f,-0.09884544338713962f,0.9815738337571165f,-0.16353099768837853f,0.9436303208183643f,-0.5661237786866368f,-0.1906193430303656f,-0.8019776388829277f,-0.032605413792688234f,0f,0f,0f,1f], start_interpolation: 0, interpolation_duration: 1 }
$data merge entity $(bone_lowerarm_left) { transformation: [-0.8183724369302546f,-0.11136042456960404f,0.5637955394578019f,0.41829056526551534f,-0.09884544338713962f,0.9937012005970636f,0.05279680154663084f,1.3830325704573783f,-0.5661237786866368f,-0.012521172933558651f,-0.8242251436555014f,-0.0381421199492462f,0f,0f,0f,1f], start_interpolation: 0, interpolation_duration: 1 }
$data merge entity $(bone_arm_left) { transformation: [-0.8183724369302546f,-0.1504919929650783f,0.5546338562747817f,0.34375f,-0.09884544338713962f,0.9875812931318297f,0.12211784381351842f,1.8721939297117376f,-0.5661237786866368f,0.045114847993337454f,-0.8230847572978751f,-0.015796171802546242f,0f,0f,0f,1f], start_interpolation: 0, interpolation_duration: 1 }
$data merge entity $(bone_bread) { transformation: [-0.006750363614358923f,-0.31571014926486884f,-0.032020900702518736f,0.07084761589768465f,0.18799509027865893f,0.08454358684719376f,-0.0785870251114757f,2.016583035856331f,0.2751788322769473f,-0.06550263113247203f,0.05290313225441137f,0.39153967503247766f,0f,0f,0f,1f], start_interpolation: 0, interpolation_duration: 1 }
$data merge entity $(bone_hand_right) { transformation: [-0.7702914518105552f,-0.6187685623207979f,0.15419645116227498f,-0.22425810963582174f,0.230218473421516f,-0.49533343457876733f,-0.8376420733725526f,1.881167338932629f,0.5946852392342135f,-0.609729657202153f,0.5240030642707076f,0.4910560214285673f,0f,0f,0f,1f], start_interpolation: 0, interpolation_duration: 1 }
$data merge entity $(bone_lowerarm_right) { transformation: [-0.8831013275646714f,-0.4677052723854983f,0.037199777369251286f,-0.43107153476878424f,0.40806465158095223f,-0.8047761056843616f,-0.4310668855869461f,1.5253054047003256f,0.23154974710336235f,-0.3654958247399281f,0.9015528363407487f,0.3294383364263804f,0f,0f,0f,1f], start_interpolation: 0, interpolation_duration: 1 }
$data merge entity $(bone_arm_right) { transformation: [-0.8502041537645821f,0.1762958430663151f,-0.4960571263866571f,-0.34375f,0.4621461200241874f,0.7012196010960565f,-0.5428738663679407f,1.8726282383682162f,0.25213857433570164f,-0.6908044924262033f,-0.6776542574025012f,-0.012725763728473526f,0f,0f,0f,1f], start_interpolation: 0, interpolation_duration: 1 }
$data merge entity $(bone_uppertail) { transformation: [-0.9995468755281369f,-0.00997214539788544f,-0.028400703126903182f,0.005991528709636422f,0.013397442403362965f,0.6975268806548903f,-0.716433359986054f,0.4268050606242476f,0.02695463149419091f,-0.7164892232825428f,-0.6970772129118773f,-0.2687569203440693f,0f,0f,0f,1f], start_interpolation: 0, interpolation_duration: 1 }
$data merge entity $(bone_middletail) { transformation: [-0.9995468755281369f,-0.0191506449114765f,-0.02322275654209886f,0.014794469244315777f,0.013397442403362965f,0.40782522135601224f,-0.9129617173589306f,0.7728996312564815f,0.02695463149419091f,-0.9128591576061413f,-0.4073838561057842f,-0.11434302558784702f,0f,0f,0f,1f], start_interpolation: 0, interpolation_duration: 1 }
$data merge entity $(bone_tail) { transformation: [-0.9995468755281369f,-0.019611690435712207f,-0.02283473713868523f,0.021875f,0.013397442403362965f,0.3894674385606652f,-0.9209427902090568f,1.126406654734215f,0.02695463149419091f,-0.9208314155692389f,-0.38902821484021455f,0.0017254208884966982f,0f,0f,0f,1f], start_interpolation: 0, interpolation_duration: 1 }
$data merge entity $(bone_hair) { transformation: [-0.6893654271085455f,0.12155372436685123f,1.199725479246967e-16f,0.12499999999999997f,0.11908013014185607f,0.6753369771512192f,-0.2007124549873397f,2.405462064706657f,-0.024397346430525206f,-0.13836422725835212f,-0.979650197985462f,0.1755609432520259f,0f,0f,0f,1f], start_interpolation: 0, interpolation_duration: 1 }
$data merge entity $(bone_ear_left) { transformation: [-0.017065109099988846f,0.300890047256427f,-0.9726961922022688f,0.1472567110058309f,0.973577087808614f,0.29303757974464384f,0.03655677497677501f,2.306776897832771f,0.22772008287699086f,-1.2302821450055375f,-0.22918490325172888f,-0.19507889792151936f,0f,0f,0f,1f], start_interpolation: 0, interpolation_duration: 1 }
$data merge entity $(bone_ear_right) { transformation: [-0.0170651090999889f,-0.3031516362669572f,0.972280588441466f,-0.1472567110058309f,-0.9735770878086137f,0.29295209562079894f,0.036959958266134754f,2.306776897832771f,-0.22772008287699091f,-1.229747191539809f,-0.23087749744156918f,-0.19507889792151942f,0f,0f,0f,1f], start_interpolation: 0, interpolation_duration: 1 }
$data merge entity $(bone_head) { transformation: [-1f,2.4580186554925278e-17f,1.199725479246967e-16f,3.809954330133079e-18f,0f,0.979650197985462f,-0.2007124549873397f,1.9972828888329126f,-1.2246467991473532e-16f,-0.2007124549873397f,-0.979650197985462f,-0.031110638045073212f,0f,0f,0f,1f], start_interpolation: 0, interpolation_duration: 1 }
$data merge entity $(bone_body) { transformation: [-1f,1.1846295321616684e-17f,1.218903733433105e-16f,-6.403984274441296e-18f,0f,0.9953104309599742f,-0.0967323421729803f,1.066084375f,-1.2246467991473532e-16f,-0.0967323421729803f,-0.9953104309599742f,0.0522925f,0f,0f,0f,1f], start_interpolation: 0, interpolation_duration: 1 }
$data merge entity $(bone_shoe_left) { transformation: [-0.9537169507482268f,-0.0009059500133868326f,-0.3007044348028098f,0.13085891173464892f,0f,0.9999954616722875f,-0.003012745397263151f,0.25120528027240774f,0.300705799504273f,-0.002873306353658568f,-0.9537126224681595f,0.08807917255553412f,0f,0f,0f,1f], start_interpolation: 0, interpolation_duration: 1 }
$data merge entity $(bone_lowerleg_left) { transformation: [-0.984807753012208f,1.734723475976807e-18f,-0.17364817766693025f,0.1287135456008808f,0f,1f,0f,0.6881102802724077f,0.17364817766693022f,0f,-0.9848077530122081f,0.08356056365259665f,0f,0f,0f,1f], start_interpolation: 0, interpolation_duration: 1 }
$data merge entity $(bone_leg_left) { transformation: [-0.984807753012208f,-0.009902788269015474f,-0.17336558018114442f,0.12499999999999999f,0f,0.9983725859402461f,-0.05702788478442739f,1.0625f,0.17364817766693022f,-0.05616150307359103f,-0.9832050630288014f,0.06250000000000001f,0f,0f,0f,1f], start_interpolation: 0, interpolation_duration: 1 }
execute on vehicle unless entity @s[tag=aj.transforms_only] positioned ^1.1640624219 ^-0.0007803047 ^0.2203124844 rotated ~0 ~0 run function animated_java:meowster/animations/bread_eating/zzz/frames/zzz/2