# This file was generated by Animated Java via MC-Build. It is not recommended to edit this file directly.
$data merge entity $(bone_hammer) { transformation: [-0.00001704942576938031f,-0.000011967138373210885f,3.639476179233213e-7f,0.6888637471299243f,-0.000002040177886624401f,0.000003527962415522312f,0.00002043083290429856f,0.8011402989545344f,-0.000011797564702221273f,0.00001668438965407076f,-0.000004059111570998901f,-0.4030492704045569f,0f,0f,0f,1f], start_interpolation: 0, interpolation_duration: 1 }
$data merge entity $(bone_hand_left) { transformation: [-0.8183724369302547f,0.017469485660319292f,0.5744226419141224f,0.4644511589358933f,-0.09792853855797123f,0.9806799794063307f,-0.16934219594507072f,0.943327943093754f,-0.566283105706621f,-0.19483735540794705f,-0.8008507033953964f,-0.028274098148983177f,0f,0f,0f,1f], start_interpolation: 0, interpolation_duration: 1 }
$data merge entity $(bone_lowerarm_left) { transformation: [-0.8183724369302547f,-0.1072724257565891f,0.5645876204320577f,0.41701663317165155f,-0.09792853855797123f,0.9940863076706408f,0.046929886401439f,1.3829004822668653f,-0.566283105706621f,-0.016883115057628344f,-0.8240378660093326f,-0.03573960058852821f,0f,0f,0f,1f], start_interpolation: 0, interpolation_duration: 1 }
$data merge entity $(bone_arm_left) { transformation: [-0.8183724369302547f,-0.14792001649797157f,0.555325330947613f,0.34375f,-0.09792853855797123f,0.9880684468534906f,0.11887281299115722f,1.872303134848985f,-0.566283105706621f,0.04290003556840631f,-0.8230935737445004f,-0.014490676721051955f,0f,0f,0f,1f], start_interpolation: 0, interpolation_duration: 1 }
$data merge entity $(bone_bread) { transformation: [-0.0000015713423423304783f,-0.00000859438219013804f,-0.0000048649232278667505f,0.2517444392492468f,0.000004520033239119394f,0.000003754002030084618f,-0.000008091771640090716f,2.3193497705346937f,0.00000878067097438773f,-0.0000034704558098265214f,0.000003294807082605319f,0.149503766399933f,0f,0f,0f,1f], start_interpolation: 0, interpolation_duration: 1 }
$data merge entity $(bone_hand_right) { transformation: [-0.8617944074593251f,-0.5064988238032682f,-0.027736992586374937f,-0.24207668044543817f,0.23181065896366784f,-0.3446038181963118f,-0.9096768804775424f,1.8124055909576327f,0.45119199645235386f,-0.7903841787197088f,0.41438946942087024f,0.6114876041593085f,0f,0f,0f,1f], start_interpolation: 0, interpolation_duration: 1 }
$data merge entity $(bone_lowerarm_right) { transformation: [-0.8675419441950166f,-0.4723221870070708f,-0.15582915877071332f,-0.45093164751262726f,0.45378581577851723f,-0.623426028135244f,-0.6367247606633019f,1.5367343941415794f,0.2035912779579623f,-0.6230984987177958f,0.755181337451524f,0.33596123675753314f,0f,0f,0f,1f], start_interpolation: 0, interpolation_duration: 1 }
$data merge entity $(bone_arm_right) { transformation: [-0.8407012208163627f,0.2163919697415818f,-0.4963828892591239f,-0.34375f,0.4951653016256346f,0.6782250419898971f,-0.542975244816738f,1.8726677352522003f,0.21916382316402408f,-0.7022715342722932f,-0.6773344157555908f,-0.011882632561712063f,0f,0f,0f,1f], start_interpolation: 0, interpolation_duration: 1 }
$data merge entity $(bone_uppertail) { transformation: [-0.9995468755281369f,-0.009961526523856774f,-0.028404429430170814f,0.005930420308884191f,0.013353774774064254f,0.6989536234522977f,-0.7150423127075678f,0.42890153253926816f,0.026976291836029304f,-0.7150976158904585f,-0.6985038864792088f,-0.2729823324028779f,0f,0f,0f,1f], start_interpolation: 0, interpolation_duration: 1 }
$data merge entity $(bone_middletail) { transformation: [-0.9995468755281369f,-0.019072105343676354f,-0.023287301683509145f,0.01475783021815491f,0.013353774774064254f,0.4123817461307247f,-0.9109132626970903f,0.7742196607003908f,0.026976291836029304f,-0.9108114789877948f,-0.4119402012705767f,-0.11684117295238142f,0f,0f,0f,1f], start_interpolation: 0, interpolation_duration: 1 }
$data merge entity $(bone_tail) { transformation: [-0.9995468755281369f,-0.019507133286754446f,-0.022924122074178824f,0.021875f,0.013353774774064254f,0.39515975857468233f,-0.9185153465797306f,1.126604873784802f,0.026976291836029304f,-0.9184052683614852f,-0.3947202081533777f,0.0014433969010758455f,0f,0f,0f,1f], start_interpolation: 0, interpolation_duration: 1 }
$data merge entity $(bone_hair) { transformation: [-0.6893654271085455f,0.12155372436685123f,1.199127824052791e-16f,0.12499999999999997f,0.11902080918924357f,0.6750005513111456f,-0.20307987123592064f,2.4060942783512895f,-0.024685114692666817f,-0.13999624217169884f,-0.9791621754841237f,0.17608177502365166f,0f,0f,0f,1f], start_interpolation: 0, interpolation_duration: 1 }
$data merge entity $(bone_ear_left) { transformation: [-0.033017351175677306f,0.31095813828731805f,-0.9704091403266761f,0.1471997685860058f,0.9717419350300788f,0.30516134208746115f,0.02479882459440668f,2.3078137816534774f,0.23372519381816814f,-1.2248190035790045f,-0.24018975554585525f,-0.19279516171284197f,0f,0f,0f,1f], start_interpolation: 0, interpolation_duration: 1 }
$data merge entity $(bone_ear_right) { transformation: [-0.03301735117567725f,-0.31256268836131046f,0.9701040693228826f,-0.1471997685860058f,-0.971741935030079f,0.30512008443497685f,0.02509741793632679f,2.3078137816534774f,-0.2337251938181681f,-1.2244208018155947f,-0.24138809891151147f,-0.192795161712842f,0f,0f,0f,1f], start_interpolation: 0, interpolation_duration: 1 }
$data merge entity $(bone_head) { transformation: [-1f,2.4870111428032683e-17f,1.199127824052791e-16f,3.625267430771481e-18f,0f,0.9791621754841237f,-0.20307987123592064f,1.9974167300463535f,-1.2246467991473532e-16f,-0.20307987123592064f,-0.9791621754841237f,-0.029602555065636325f,0f,0f,0f,1f], start_interpolation: 0, interpolation_duration: 1 }
$data merge entity $(bone_body) { transformation: [-1f,1.1648891729209667e-17f,1.2190939729200423e-16f,-6.403984274441296e-18f,0f,0.9954657732897542f,-0.09512041951459048f,1.066084375f,-1.2246467991473532e-16f,-0.09512041951459048f,-0.9954657732897542f,0.0522925f,0f,0f,0f,1f], start_interpolation: 0, interpolation_duration: 1 }
$data merge entity $(bone_shoe_left) { transformation: [-0.9537169507482268f,-0.0012495881388200698f,-0.30070320315052734f,0.13064068448298674f,-8.5994133808086e-19f,0.9999913658008928f,-0.004155517256002618f,0.2511356110384469f,0.30070579950427295f,-0.003963187246176442f,-0.9537087161661822f,0.0868415443106373f,0f,0f,0f,1f], start_interpolation: 0, interpolation_duration: 1 }
$data merge entity $(bone_lowerleg_left) { transformation: [-0.984807753012208f,0f,-0.1736481776669302f,0.12849531834921862f,-8.673617379884035e-19f,0.9999999999999999f,0f,0.6880406110384468f,0.17364817766693022f,1.3877787807814457e-17f,-0.984807753012208f,0.08232293540769983f,0f,0f,0f,1f], start_interpolation: 0, interpolation_duration: 1 }
$data merge entity $(bone_leg_left) { transformation: [-0.984807753012208f,-0.009320848931249681f,-0.17339784134252242f,0.12499999999999999f,-8.673617379884035e-19f,0.9985583705641418f,-0.053676629703121585f,1.0625f,0.17364817766693022f,-0.05286116108719951f,-0.9833880251668043f,0.06250000000000001f,0f,0f,0f,1f], start_interpolation: 0, interpolation_duration: 1 }