# This file was generated by Animated Java via MC-Build. It is not recommended to edit this file directly.
$data merge entity $(bone_hammer) { transformation: [-0.00001704942576938031f,-0.000011964027656406444f,4.5486365969395183e-7f,0.6853646773960931f,-0.0000020021647397758552f,0.000003629432124917131f,0.000020416815045035693f,0.7988886693778205f,-0.000011804075358407654f,0.000016664844507679602f,-0.000004120017020070673f,-0.39821547555430925f,0f,0f,0f,1f], start_interpolation: 0, interpolation_duration: 1 }
$data merge entity $(bone_hand_left) { transformation: [-0.8183724369302547f,0.02183345566530956f,0.5742733275075093f,0.4612924954178706f,-0.09610390750924103f,0.980007122161713f,-0.17421274199602205f,0.9431636792990179f,-0.5665956172035673f,-0.19776081696339207f,-0.7999125363686209f,-0.024034844841338297f,0f,0f,0f,1f], start_interpolation: 0, interpolation_duration: 1 }
$data merge entity $(bone_lowerarm_left) { transformation: [-0.8183724369302547f,-0.10297958171300323f,0.5653863813561935f,0.415756211629152f,-0.09610390750924103f,0.9944835789362946f,0.04202915877714096f,1.3829118868599106f,-0.5665956172035673f,-0.019940335410262675f,-0.8237546901775035f,-0.032852211905563825f,0f,0f,0f,1f], start_interpolation: 0, interpolation_duration: 1 }
$data merge entity $(bone_arm_left) { transformation: [-0.8183724369302547f,-0.14537531685380836f,0.5559969170080811f,0.34375f,-0.09610390750924103f,0.9884712955439685f,0.11699802069729101f,1.8725140754340326f,-0.5665956172035673f,0.04231447902649062f,-0.8229087989749686f,-0.01189332151275519f,0f,0f,0f,1f], start_interpolation: 0, interpolation_duration: 1 }
$data merge entity $(bone_bread) { transformation: [-0.0000028827014413977916f,-0.000007114784975969333f,-0.000006408577622646398f,0.3495413598003259f,0.000003703812409122084f,0.000005343257949406067f,-0.000007598116090462303f,2.193386623471632f,0.000008830164553268325f,-0.000004563926952946326f,0.0000010948811489717504f,0.43214408033413876f,0f,0f,0f,1f], start_interpolation: 0, interpolation_duration: 1 }
$data merge entity $(bone_hand_right) { transformation: [-0.9046618256629162f,-0.3605296424980902f,-0.22716812731639677f,-0.29059054576619175f,0.30529863451030703f,-0.1764510654786231f,-0.9357658709621763f,1.717049772645338f,0.2972872768121459f,-0.9159057802916508f,0.26969775059121404f,0.710738972310142f,0f,0f,0f,1f], start_interpolation: 0, interpolation_duration: 1 }
$data merge entity $(bone_lowerarm_right) { transformation: [-0.8465018645020451f,-0.4037679246749224f,-0.34699575847302133f,-0.469131674958384f,0.5004438697668163f,-0.3811143805796768f,-0.7773723445866744f,1.5485257574827622f,0.18163294471921967f,-0.8316990392678564f,0.524677216461273f,0.3429720533838868f,0f,0f,0f,1f], start_interpolation: 0, interpolation_duration: 1 }
$data merge entity $(bone_arm_right) { transformation: [-0.8267311295878674f,0.25313650464784143f,-0.5024316365288337f,-0.34375f,0.5287525986707112f,0.6546804526625738f,-0.5401982916489994f,1.8727971691921934f,0.1921882638699318f,-0.7122607773254126f,-0.6750912947997927f,-0.009819612885106618f,0f,0f,0f,1f], start_interpolation: 0, interpolation_duration: 1 }
$data merge entity $(bone_uppertail) { transformation: [-0.9995468755281369f,-0.009839717036012031f,-0.02844685554837777f,0.005841767439882788f,0.013266808897394223f,0.7043014717309337f,-0.7097770274525097f,0.43221537999102294f,0.027019167337634185f,-0.7098328091080968f,-0.7038517938530022f,-0.27959434449936005f,0f,0f,0f,1f], start_interpolation: 0, interpolation_duration: 1 }
$data merge entity $(bone_middletail) { transformation: [-0.9995468755281369f,-0.01892092145966857f,-0.023410304420406626f,0.014715808309597778f,0.013266808897394223f,0.42119431953287967f,-0.9068733853052005f,0.7760022371241909f,0.027019167337634185f,-0.9067730388164126f,-0.42075244583012167f,-0.12011255012114723f,0f,0f,0f,1f], start_interpolation: 0, interpolation_duration: 1 }
$data merge entity $(bone_tail) { transformation: [-0.9995468755281369f,-0.019385767431773997f,-0.023026846137068516f,0.021875f,0.013266808897394223f,0.40295573656167516f,-0.9151233065296271f,1.1269056465610525f,0.027019167337634185f,-0.9150141345318764f,-0.40251596018451485f,0.0011958111380149655f,0f,0f,0f,1f], start_interpolation: 0, interpolation_duration: 1 }
$data merge entity $(bone_hair) { transformation: [-0.6893654271085455f,0.12155372436685123f,1.1989758340922972e-16f,0.12499999999999997f,0.11900572325117778f,0.6749149947048612f,-0.20367735467686537f,2.406478688677868f,-0.024757741030161172f,-0.140408126599156f,-0.9790380662629182f,0.17883279859463205f,0f,0f,0f,1f], start_interpolation: 0, interpolation_duration: 1 }
$data merge entity $(bone_ear_left) { transformation: [-0.05211147371046601f,0.33255030113925127f,-0.9653220707880048f,0.1467783946793003f,0.9690136989597182f,0.3206603421326014f,0.013053997084633721f,2.3097382230741603f,0.2414473970373838f,-1.2151490617186012f,-0.2607352926047277f,-0.1877260955882654f,0f,0f,0f,1f], start_interpolation: 0, interpolation_duration: 1 }
$data merge entity $(bone_ear_right) { transformation: [-0.05211147371046573f,-0.3335379639830187f,0.9651204213921878f,-0.1467783946793003f,-0.9690136989597182f,0.32064688529671476f,0.013248144349667139f,2.3097382230741603f,-0.24144739703738385f,-1.2148818878934602f,-0.2614709522739696f,-0.1877260955882654f,0f,0f,0f,1f], start_interpolation: 0, interpolation_duration: 1 }
$data merge entity $(bone_head) { transformation: [-1f,2.4943282046382342e-17f,1.1989758340922972e-16f,3.2578180198558996e-18f,0f,0.9790380662629182f,-0.20367735467686537f,1.9976757002223775f,-1.2246467991473532e-16f,-0.20367735467686537f,-0.9790380662629182f,-0.026602102925709838f,0f,0f,0f,1f], start_interpolation: 0, interpolation_duration: 1 }
$data merge entity $(bone_body) { transformation: [-1f,1.1256134193351791e-17f,1.2194628846192833e-16f,-6.403984274441296e-18f,0f,0.9957670125527791f,-0.0919133108516574f,1.066084375f,-1.2246467991473532e-16f,-0.0919133108516574f,-0.9957670125527791f,0.0522925f,0f,0f,0f,1f], start_interpolation: 0, interpolation_duration: 1 }
$data merge entity $(bone_shoe_left) { transformation: [-0.9537169507482268f,-0.0015932246323607999f,-0.30070157879661163f,0.13042241785507244f,8.5994133808086e-19f,0.9999859639964767f,-0.005298283687868021f,0.25107016024922696f,0.30070579950427295f,-0.005053062962992553f,-0.9537035643737459f,0.08560369275191772f,0f,0f,0f,1f], start_interpolation: 0, interpolation_duration: 1 }
$data merge entity $(bone_lowerleg_left) { transformation: [-0.984807753012208f,1.734723475976807e-18f,-0.17364817766693022f,0.12827705172130432f,8.673617379884035e-19f,0.9999999999999999f,0f,0.6879751602492269f,0.17364817766693022f,6.938893903907228e-18f,-0.9848077530122079f,0.08108508384898025f,0f,0f,0f,1f], start_interpolation: 0, interpolation_duration: 1 }
$data merge entity $(bone_leg_left) { transformation: [-0.984807753012208f,-0.008738804590144903f,-0.17342814910325552f,0.12499999999999999f,8.673617379884035e-19f,0.9987329060020615f,-0.05032476993168661f,1.0625f,0.17364817766693022f,-0.049560223597280614f,-0.9835599090192431f,0.06250000000000001f,0f,0f,0f,1f], start_interpolation: 0, interpolation_duration: 1 }