# This file was generated by Animated Java via MC-Build. It is not recommended to edit this file directly.
$data merge entity $(bone_hammer) { transformation: [-0.000017049425769380305f,-0.00001196125118361767f,5.228086022373728e-7f,0.683064066386424f,-0.0000019429556270255507f,0.0000036618517438058443f,0.00002041674663151732f,0.7984470759137787f,-0.000011813965555374636f,0.000016659744587074822f,-0.000004112287189342536f,-0.3957846842203044f,0f,0f,0f,1f], start_interpolation: 0, interpolation_duration: 1 }
$data merge entity $(bone_hand_left) { transformation: [-0.8183724369302546f,0.025094812907393765f,0.5741400568136481f,0.45925610751898766f,-0.09326187009722642f,0.9800038383128312f,-0.1757688837026803f,0.9433062207152398f,-0.5670703466579824f,-0.19738978508844157f,-0.7996677401795913f,-0.02167161128649043f,0f,0f,0f,1f], start_interpolation: 0, interpolation_duration: 1 }
$data merge entity $(bone_lowerarm_left) { transformation: [-0.8183724369302546f,-0.09976668660223614f,0.5659621566123015f,0.41514052578706134f,-0.09326187009722642f,0.9948171836379653f,0.040509193087433504f,1.3832019441051526f,-0.5670703466579824f,-0.019631082064881393f,-0.8234353906398226f,-0.030352230387055167f,0f,0f,0f,1f], start_interpolation: 0, interpolation_duration: 1 }
$data merge entity $(bone_arm_left) { transformation: [-0.8183724369302546f,-0.14413229180983989f,0.5563204444656689f,0.34375f,-0.09326187009722642f,0.9885149546546017f,0.11891344755820861f,1.87282575758251f,-0.5670703466579824f,0.045432002837800745f,-0.8224154394582713f,-0.007849191481456984f,0f,0f,0f,1f], start_interpolation: 0, interpolation_duration: 1 }
$data merge entity $(bone_bread) { transformation: [-0.0000037553708722411963f,-0.000005321822462713638f,-0.000007587845233482229f,0.38464269379643984f,0.0000033000622167181523f,0.000006882684440874436f,-0.0000064605142406107465f,2.0047651809703906f,0.000008660645413461503f,-0.0000049301988360208695f,-8.284687438804304e-7f,0.6530895622331754f,0f,0f,0f,1f], start_interpolation: 0, interpolation_duration: 1 }
$data merge entity $(bone_hand_right) { transformation: [-0.8847232891179828f,-0.22051464177770985f,-0.4106555666905132f,-0.3590927841485269f,0.4261829330883852f,-0.025903365681657145f,-0.9042660688041675f,1.6208364484633633f,0.18876654692089656f,-0.9750396445314473f,0.11689688770686074f,0.7702946517812519f,0f,0f,0f,1f], start_interpolation: 0, interpolation_duration: 1 }
$data merge entity $(bone_lowerarm_right) { transformation: [-0.820664319916073f,-0.2846101462354067f,-0.49548676942633874f,-0.4849438331869958f,0.5463966216277685f,-0.1371130165588294f,-0.8262268166574476f,1.5602067864537559f,0.16721484949145635f,-0.9487871654644149f,0.26803378286990454f,0.35075282705245603f,0f,0f,0f,1f], start_interpolation: 0, interpolation_duration: 1 }
$data merge entity $(bone_arm_right) { transformation: [-0.8083474359342085f,0.2850601048570262f,-0.5150875259967881f,-0.34375f,0.5626418301292995f,0.6315433249021715f,-0.5334671496542809f,1.8730180895693627f,0.1732298871654172f,-0.7210365908817746f,-0.6708931664596423f,-0.0063856093686729745f,0f,0f,0f,1f], start_interpolation: 0, interpolation_duration: 1 }
$data merge entity $(bone_uppertail) { transformation: [-0.9995468755281369f,-0.009577440295050178f,-0.0285362271390912f,0.00572169792846621f,0.013131171897746262f,0.7143227214368882f,-0.6996932341845167f,0.4369893856386882f,0.0270853456047896f,-0.6997509001611872f,-0.7138732813161428f,-0.28889879385185485f,0f,0f,0f,1f], start_interpolation: 0, interpolation_duration: 1 }
$data merge entity $(bone_middletail) { transformation: [-0.9995468755281369f,-0.01868166318732351f,-0.02360167541710668f,0.014668288590453028f,0.013131171897746262f,0.4349222843842339f,-0.9003722446136325f,0.7783120482113898f,0.0270853456047896f,-0.9002741815727887f,-0.4344798983231724f,-0.12421305370790166f,0f,0f,0f,1f], start_interpolation: 0, interpolation_duration: 1 }
$data merge entity $(bone_tail) { transformation: [-0.9995468755281369f,-0.01924660386360113f,-0.023143289776016512f,0.021875f,0.013131171897746262f,0.4130353633431607f,-0.9106203165713879f,1.1273215088905437f,0.0270853456047896f,-0.910511590737702f,-0.4125954764485044f,0.0009929811745253009f,0f,0f,0f,1f], start_interpolation: 0, interpolation_duration: 1 }
$data merge entity $(bone_hair) { transformation: [-0.6893654271085455f,0.12155372436685123f,1.1993245412403996e-16f,0.12499999999999997f,0.11904033457959892f,0.6751112853024888f,-0.2023038288923046f,2.4065739735892944f,-0.02459078385553391f,-0.13946126541003764f,-0.9793228072579098f,0.1840778938302187f,0f,0f,0f,1f], start_interpolation: 0, interpolation_duration: 1 }
$data merge entity $(bone_ear_left) { transformation: [-0.07369900648656372f,0.3669375391592306f,-0.9565029790654599f,0.1459242583819242f,0.9653279925448341f,0.33933449283238537f,0.0026487556537449844f,2.3125612427258995f,0.25042029321174075f,-1.2000870569795996f,-0.2917105331186847f,-0.17959441697796996f,0f,0f,0f,1f], start_interpolation: 0, interpolation_duration: 1 }
$data merge entity $(bone_ear_right) { transformation: [-0.07369900648656366f,-0.36741205391755194f,0.9563951901687167f,-0.1459242583819242f,-0.9653279925448343f,0.33933315401753616f,0.002748371473783373f,2.3125612427258995f,-0.25042029321174086f,-1.199942245785437f,-0.2920628128954223f,-0.17959441697797f,0f,0f,0f,1f], start_interpolation: 0, interpolation_duration: 1 }
$data merge entity $(bone_head) { transformation: [-1f,2.477507365082147e-17f,1.1993245412403996e-16f,2.6856804976147e-18f,0f,0.9793228072579098f,-0.2023038288923046f,1.9980595568843684f,-1.2246467991473532e-16f,-0.2023038288923046f,-0.9793228072579098f,-0.021930245516377254f,0f,0f,0f,1f], start_interpolation: 0, interpolation_duration: 1 }
$data merge entity $(bone_body) { transformation: [-1f,1.0644571449983084e-17f,1.220011923108327e-16f,-6.403984274441296e-18f,0f,0.9962153365017136f,-0.08691952208093182f,1.066084375f,-1.2246467991473532e-16f,-0.08691952208093182f,-0.9962153365017136f,0.0522925f,0f,0f,0f,1f], start_interpolation: 0, interpolation_duration: 1 }
$data merge entity $(bone_shoe_left) { transformation: [-0.9537169507482268f,-0.0019368590452389105f,-0.3006995617431839f,0.1302041143097727f,-5.421010862427522e-20f,0.9999792562660936f,-0.006441043200470059f,0.251008928642079f,0.30070579950427295f,-0.006142932080789912f,-0.9536971670975785f,0.08436563182430118f,0f,0f,0f,1f], start_interpolation: 0, interpolation_duration: 1 }
$data merge entity $(bone_lowerleg_left) { transformation: [-0.984807753012208f,0f,-0.17364817766693025f,0.12805874817600457f,0f,1f,0f,0.687913928642079f,0.17364817766693025f,-6.938893903907228e-18f,-0.984807753012208f,0.0798470229213637f,0f,0f,0f,1f], start_interpolation: 0, interpolation_duration: 1 }
$data merge entity $(bone_leg_left) { transformation: [-0.984807753012208f,-0.008156661802678912f,-0.1734565031219138f,0.12499999999999999f,0f,0.9988961902877893f,-0.04697234323025249f,1.0625f,0.17364817766693025f,-0.04625872779030316f,-0.9837207126497728f,0.06250000000000001f,0f,0f,0f,1f], start_interpolation: 0, interpolation_duration: 1 }
execute on vehicle unless entity @s[tag=aj.transforms_only] positioned ^1.1640624219 ^-0.0007803047 ^0.2203124844 rotated ~0 ~0 run function animated_java:meowster/animations/bread_eating/zzz/frames/zzz/3