# This file was generated by Animated Java via MC-Build. It is not recommended to edit this file directly.
$data merge entity $(bone_hammer) { transformation: [-0.000017049425769380305f,-0.000011960458545993564f,5.406385869859115e-7f,0.6832811612738594f,-0.0000018602423362863965f,0.0000035756623911756145f,0.00002043971415388185f,0.8010616335453231f,-0.000011827271754823945f,0.000016679024180439325f,-0.000003994192409441721f,-0.3978764609062548f,0f,0f,0f,1f], start_interpolation: 0, interpolation_duration: 1 }
$data merge entity $(bone_hand_left) { transformation: [-0.8183724369302546f,0.02595065217532362f,0.5741020102076909f,0.459543932228993f,-0.08929163214174701f,0.9811062793863287f,-0.17163179477642926f,0.9439463273810624f,-0.5677090442315492f,-0.19172123565320237f,-0.8005931606610874f,-0.022962627830183834f,0f,0f,0f,1f], start_interpolation: 0, interpolation_duration: 1 }
$data merge entity $(bone_lowerarm_left) { transformation: [-0.8183724369302546f,-0.09892289934951476f,0.5661102493835649f,0.41580146267287943f,-0.08929163214174701f,0.9949980625260805f,0.04478682840756973f,1.3839220331543136f,-0.5677090442315492f,-0.013896602233349938f,-0.8231119763094622f,-0.02910753163024326f,0f,0f,0f,1f], start_interpolation: 0, interpolation_duration: 1 }
$data merge entity $(bone_arm_left) { transformation: [-0.8183724369302546f,-0.1454666754278954f,0.5559730216591373f,0.34375f,-0.08929163214174701f,0.9878708958382516f,0.12703581221526894f,1.8732268362491977f,-0.5677090442315492f,0.05431886868930061f,-0.8214352692708142f,-0.0022027169825740503f,0f,0f,0f,1f], start_interpolation: 0, interpolation_duration: 1 }
$data merge entity $(bone_bread) { transformation: [-0.000004034445347022045f,-0.000003719883186195541f,-0.000008359767928773614f,0.3772087686414924f,0.000003205616662963376f,0.000007982667358422592f,-0.000005099121851349116f,1.8196311232189457f,0.000008570138420820505f,-0.000004737033979805741f,-0.000002028111565506706f,0.775033969463339f,0f,0f,0f,1f], start_interpolation: 0, interpolation_duration: 1 }
$data merge entity $(bone_hand_right) { transformation: [-0.8243365138767196f,-0.12651330267809463f,-0.5517822905232258f,-0.423759696293266f,0.5457712860155797f,0.08125073435256464f,-0.8339856242934102f,1.5506911558153165f,0.15034299202316417f,-0.9886317324528127f,0.002069380794585428f,0.7950733788220163f,0f,0f,0f,1f], start_interpolation: 0, interpolation_duration: 1 }
$data merge entity $(bone_lowerarm_right) { transformation: [-0.7909927605509457f,-0.16712844401310384f,-0.5885563150266532f,-0.49766180513031033f,0.5900062050175899f,0.046245037835573044f,-0.8060732438906082f,1.571140133483234f,0.16193557606880551f,-0.9848499782593009f,0.062027328863323294f,0.35958502906048173f,0f,0f,0f,1f], start_interpolation: 0, interpolation_duration: 1 }
$data merge entity $(bone_arm_right) { transformation: [-0.7856474620310623f,0.31073676745551604f,-0.5349773142437416f,-0.34375f,0.5964562664951653f,0.6100852977676509f,-0.5215705624423268f,1.8733230075337737f,0.16431064348604715f,-0.7288611601663608f,-0.6646528579929133f,-0.0014290143344189016f,0f,0f,0f,1f], start_interpolation: 0, interpolation_duration: 1 }
$data merge entity $(bone_uppertail) { transformation: [-0.9995468755281369f,-0.009144481923832182f,-0.028677902159742488f,0.0055669324634550175f,0.01294132645358837f,0.7296323898360508f,-0.6837171182380583f,0.44352028464691406f,0.02717656511703991f,-0.6837784393738062f,-0.7291834338189269f,-0.3011719527551836f,0f,0f,0f,1f], start_interpolation: 0, interpolation_duration: 1 }
$data merge entity $(bone_middletail) { transformation: [-0.9995468755281369f,-0.018337776003860683f,-0.02386984694486514f,0.014615188586213104f,0.01294132645358837f,0.45416448774461055f,-0.8908238547217385f,0.7812237044615992f,0.02717656511703991f,-0.8907291081147555f,-0.4537213795552636f,-0.12919194291811947f,0f,0f,0f,1f], start_interpolation: 0, interpolation_duration: 1 }
$data merge entity $(bone_tail) { transformation: [-0.9995468755281369f,-0.0190886099208481f,-0.023273774795437803f,0.021875f,0.01294132645358837f,0.42556588953785884f,-0.9048348997090422f,1.1278653183557956f,0.02717656511703991f,-0.9047260903904234f,-0.4251260232863882f,0.0008462692115512455f,0f,0f,0f,1f], start_interpolation: 0, interpolation_duration: 1 }
$data merge entity $(bone_hair) { transformation: [-0.6893654271085455f,0.12155372436685123f,1.2002139542181864e-16f,0.12499999999999997f,0.11912861428606243f,0.6756119443967965f,-0.19875568967167218f,2.4063217369002396f,-0.02415949431869394f,-0.1370153009007658f,-0.9800490680691135f,0.19207917524633544f,0f,0f,0f,1f], start_interpolation: 0, interpolation_duration: 1 }
$data merge entity $(bone_ear_left) { transformation: [-0.09717054578688858f,0.4152465048507807f,-0.9426178974217952f,0.14456902879008746f,0.9606623034214015f,0.36097789169082584f,-0.004936175917434282f,2.316266536474489f,0.2601649934494733f,-1.1778222709388952f,-0.3338369866078736f,-0.16811298934587665f,0f,0f,0f,1f], start_interpolation: 0, interpolation_duration: 1 }
$data merge entity $(bone_ear_right) { transformation: [-0.09717054578688841f,-0.4153731586008466f,0.9425848775421217f,-0.14456902879008746f,-0.9606623034214017f,0.3609785530177746f,-0.004907475760211007f,2.316266536474489f,-0.2601649934494733f,-1.1777774082462058f,-0.3339306294884701f,-0.16811298934587668f,0f,0f,0f,1f], start_interpolation: 0, interpolation_duration: 1 }
$data merge entity $(bone_head) { transformation: [-1f,2.43405519168738e-17f,1.2002139542181864e-16f,1.886829155492441e-18f,0f,0.9800490680691135f,-0.19875568967167218f,1.9985560988586641f,-1.2246467991473532e-16f,-0.19875568967167218f,-0.9800490680691135f,-0.015407129278467262f,0f,0f,0f,1f], start_interpolation: 0, interpolation_duration: 1 }
$data merge entity $(bone_body) { transformation: [-1f,9.790633324124873e-18f,1.2207268869706732e-16f,-6.403984274441296e-18f,0f,0.9967991487999568f,-0.07994658811782707f,1.066084375f,-1.2246467991473532e-16f,-0.07994658811782707f,-0.9967991487999568f,0.0522925f,0f,0f,0f,1f], start_interpolation: 0, interpolation_duration: 1 }
$data merge entity $(bone_shoe_left) { transformation: [-0.9537169507482268f,-0.0022804909286869932f,-0.3006971519928784f,0.12998577630637004f,5.383908862889805e-19f,0.9999712426185036f,-0.007583794301428462f,0.2509519169068033f,0.300705799504273f,-0.00723279317626013f,-0.9536895243460345f,0.0831273754750721f,0f,0f,0f,1f], start_interpolation: 0, interpolation_duration: 1 }
$data merge entity $(bone_lowerleg_left) { transformation: [-0.984807753012208f,1.734723475976807e-18f,-0.17364817766693025f,0.12784041017260192f,4.336808689942018e-19f,1.0000000000000002f,0f,0.6878569169068034f,0.17364817766693022f,0f,-0.9848077530122081f,0.07860876657213463f,0f,0f,0f,1f], start_interpolation: 0, interpolation_duration: 1 }
$data merge entity $(bone_leg_left) { transformation: [-0.984807753012208f,-0.007574427126938515f,-0.17348290307907713f,0.12499999999999999f,4.336808689942018e-19f,0.9990482215818578f,-0.04361938736533599f,1.0625f,0.17364817766693022f,-0.04295671085902564f,-0.9838704342468719f,0.06250000000000001f,0f,0f,0f,1f], start_interpolation: 0, interpolation_duration: 1 }