# This file was generated by Animated Java via MC-Build. It is not recommended to edit this file directly.
$data merge entity $(bone_hammer) { transformation: [-0.000017049425769380305f,-0.000011962997341372146f,4.811998779007593e-7f,0.6873223761376841f,-0.000001751690269625539f,0.0000033207544934557863f,0.00002049224117980438f,0.8081281771577462f,-0.000011843835523658196f,0.00001672982552157357f,-0.0000037234763171015173f,-0.40653844038173464f,0f,0f,0f,1f], start_interpolation: 0, interpolation_duration: 1 }
$data merge entity $(bone_hand_left) { transformation: [-0.8183724369302546f,0.023097594139236316f,0.5742238723858629f,0.46335161216607806f,-0.08408113294202586f,0.98362757663061f,-0.1593962156858775f,0.9454047590798587f,-0.5685041051355934f,-0.17872686322087264f,-0.8030316250355312f,-0.029673739770551415f,0f,0f,0f,1f], start_interpolation: 0, interpolation_duration: 1 }
$data merge entity $(bone_lowerarm_left) { transformation: [-0.8183724369302546f,-0.10173470432102544f,0.5656117081616594f,0.4183657975991246f,-0.08408113294202586f,0.9948113309437667f,0.05727808402065103f,1.3852978944815555f,-0.5685041051355934f,-0.0006824680248306986f,-0.8226801423891144f,-0.02997551860028124f,0f,0f,0f,1f], start_interpolation: 0, interpolation_duration: 1 }
$data merge entity $(bone_arm_left) { transformation: [-0.8183724369302546f,-0.15064388158813802f,0.5545926211309483f,0.34375f,-0.08408113294202586f,0.9860336595317907f,0.14376364406041647f,1.8736926914683956f,-0.5685041051355934f,0.07102142782571896f,-0.8196090770810036f,0.005202282369645185f,0f,0f,0f,1f], start_interpolation: 0, interpolation_duration: 1 }
$data merge entity $(bone_bread) { transformation: [-0.0000037078990968126678f,-0.0000027640531969368358f,-0.000008866312323190466f,0.3681340386003428f,0.0000033344805209270594f,0.000008514053539450056f,-0.000004048719795557112f,1.7004599186371034f,0.000008667913471154051f,-0.000004457679020732793f,-0.0000022352569885149493f,0.7974762161343929f,0f,0f,0f,1f], start_interpolation: 0, interpolation_duration: 1 }
$data merge entity $(bone_hand_right) { transformation: [-0.7586764350091697f,-0.10961751943257081f,-0.6421791544384068f,-0.4581436486218019f,0.629583929649509f,0.1299774987620771f,-0.7659829797995752f,1.5230264970953307f,0.16743399442424825f,-0.9854389119823737f,-0.029597436749431938f,0.8054342519006086f,0f,0f,0f,1f], start_interpolation: 0, interpolation_duration: 1 }
$data merge entity $(bone_lowerarm_right) { transformation: [-0.7586764350091697f,-0.10961751943257081f,-0.6421791544384068f,-0.5066151454958918f,0.629583929649509f,0.1299774987620771f,-0.7659829797995752f,1.5805009223291866f,0.16743399442424825f,-0.9854389119823737f,-0.029597436749431938f,0.3696854830084028f,0f,0f,0f,1f], start_interpolation: 0, interpolation_duration: 1 }
$data merge entity $(bone_arm_right) { transformation: [-0.7586764350091697f,0.328812912042179f,-0.5623985560402155f,-0.34375f,0.629583929649509f,0.5919329093031346f,-0.5032290794568702f,1.8736926914683956f,0.16743399442424825f,-0.7358651369362931f,-0.6561008746777217f,0.005202282369645102f,0f,0f,0f,1f], start_interpolation: 0, interpolation_duration: 1 }
$data merge entity $(bone_uppertail) { transformation: [-0.9995468755281369f,-0.008509320260803928f,-0.02887273957625303f,0.005375027610468883f,0.012691532277759876f,0.7506354405882103f,-0.6605947020234008f,0.45217472465257036f,0.027294113474916813f,-0.6606618097042103f,-0.7501873129878806f,-0.31664761940944536f,0f,0f,0f,1f], start_interpolation: 0, interpolation_duration: 1 }
$data merge entity $(bone_middletail) { transformation: [-0.9995468755281369f,-0.01787120398505624f,-0.024221141386474052f,0.01455646190910299f,0.012691532277759876f,0.4794298897548996f,-0.8774884077969618f,0.7848234160948664f,0.027294113474916813f,-0.8773981997233236f,-0.4789858353770904f,-0.13509006979252328f,0f,0f,0f,1f], start_interpolation: 0, interpolation_duration: 1 }
$data merge entity $(bone_tail) { transformation: [-0.9995468755281369f,-0.01891070590736423f,-0.023418557257530528f,0.021875f,0.012691532277759876f,0.440698071964531f,-0.8975656713439899f,1.1285501847533488f,0.027294113474916813f,-0.8974561797485324f,-0.4402583750490025f,0.000768362580084038f,0f,0f,0f,1f], start_interpolation: 0, interpolation_duration: 1 }
$data merge entity $(bone_hair) { transformation: [-0.6893654271085455f,0.12155372436685123f,1.2016638026198573e-16f,0.12499999999999997f,0.11927252065409699f,0.676428077965558f,-0.19282603535702222f,2.405641372139219f,-0.023438722752540272f,-0.1329276022215411f,-0.9812329591327904f,0.20309601329614327f,0f,0f,0f,1f], start_interpolation: 0, interpolation_duration: 1 }
$data merge entity $(bone_ear_left) { transformation: [-0.12196457066773594f,0.47832154635024454f,-0.9218161729408916f,0.142644375f,0.955052073051716f,0.38522619552928006f,-0.008083773351230616f,2.3208033751063146f,0.2701854571612884f,-1.1457788951517425f,-0.3875430245959981f,-0.15298382700325924f,0f,0f,0f,1f], start_interpolation: 0, interpolation_duration: 1 }
$data merge entity $(bone_ear_right) { transformation: [-0.12196457066773589f,-0.4783215463502443f,0.9218161729408916f,-0.142644375f,-0.955052073051716f,0.38522619552928006f,-0.008083773351230616f,2.3208033751063146f,-0.2701854571612885f,-1.1457788951517427f,-0.3875430245959979f,-0.1529838270032593f,0f,0f,0f,1f], start_interpolation: 0, interpolation_duration: 1 }
$data merge entity $(bone_head) { transformation: [-1f,2.3614378699225162e-17f,1.2016638026198573e-16f,8.391423383970854e-19f,0f,0.9812329591327904f,-0.19282603535702222f,1.9991377871141474f,-1.2246467991473532e-16f,-0.19282603535702222f,-0.9812329591327904f,-0.006852117189881435f,0f,0f,0f,1f], start_interpolation: 0, interpolation_duration: 1 }
$data merge entity $(bone_body) { transformation: [-1f,8.670631836851071e-18f,1.221573492270046e-16f,-6.403984274441296e-18f,0f,0.9974904544890437f,-0.07080108193552544f,1.066084375f,-1.2246467991473532e-16f,-0.07080108193552544f,-0.9974904544890437f,0.0522925f,0f,0f,0f,1f], start_interpolation: 0, interpolation_duration: 1 }
$data merge entity $(bone_shoe_left) { transformation: [-0.9537169507482268f,-0.002624119833940954f,-0.3006943495488419f,0.12976740630453523f,0f,0.9999619230641712f,-0.008726535498373933f,0.2508991256856615f,0.300705799504273f,-0.008322644826105343f,-0.9536806361290946f,0.08188893765371645f,0f,0f,0f,1f], start_interpolation: 0, interpolation_duration: 1 }
$data merge entity $(bone_lowerleg_left) { transformation: [-0.984807753012208f,0f,-0.1736481776669302f,0.12762204017076711f,0f,0.9999999999999999f,0f,0.6878041256856614f,0.17364817766693022f,6.938893903907228e-18f,-0.984807753012208f,0.07737032875077898f,0f,0f,0f,1f], start_interpolation: 0, interpolation_duration: 1 }
$data merge entity $(bone_leg_left) { transformation: [-0.984807753012208f,-0.006992107122045693f,-0.17350734867733872f,0.12499999999999999f,0f,0.9991889981715696f,-0.04026594010941515f,1.0625f,0.17364817766693022f,-0.03965421000207727f,-0.9840090721238628f,0.06250000000000001f,0f,0f,0f,1f], start_interpolation: 0, interpolation_duration: 1 }