# This file was generated by Animated Java via MC-Build. It is not recommended to edit this file directly.
$data merge entity $(bone_hammer) { transformation: [-0.000017049425769380305f,-0.000011926944265457113f,0.0000010453990629650612f,0.688301427141234f,-7.32233901125215e-7f,0.0000028544059774599682f,0.000020623869127970665f,0.8319370412765865f,-0.000011950259086154219f,0.00001684126315875084f,-0.0000027551661963061364f,-0.4273137707323378f,0f,0f,0f,1f], start_interpolation: 0, interpolation_duration: 1 }
$data merge entity $(bone_hand_left) { transformation: [-0.8183724369302546f,0.0501791550223228f,0.5724933247419414f,0.4668074151259728f,-0.03514722725401031f,0.9899457181425918f,-0.13701148691807824f,0.9573857358285481f,-0.5736124361354025f,-0.13224797742269437f,-0.8083806316200403f,-0.044903267082670874f,0f,0f,0f,1f], start_interpolation: 0, interpolation_duration: 1 }
$data merge entity $(bone_lowerarm_left) { transformation: [-0.8183724369302546f,-0.07492052550034085f,0.5697837039891445f,0.4336784952562908f,-0.03514722725401031f,0.9961347652217217f,0.08049970144677579f,1.3978640773250282f,-0.5736124361354025f,0.04585241951541766f,-0.817842484061198f,-0.02462790032819713f,0f,0f,0f,1f], start_interpolation: 0, interpolation_duration: 1 }
$data merge entity $(bone_arm_left) { transformation: [-0.8183724369302546f,-0.18155910714203824f,0.5452548441661221f,0.34375f,-0.03514722725401031f,0.9628199844831085f,0.26784762439921217f,1.8747608508893179f,-0.5736124361354025f,0.20003491718630614f,-0.794326636225348f,0.07445189459064513f,0f,0f,0f,1f], start_interpolation: 0, interpolation_duration: 1 }
$data merge entity $(bone_bread) { transformation: [0.0000019743230866245987f,-0.000003820039114861312f,-0.000009028252849281013f,0.4308530736923464f,0.000004354647788510059f,0.000008592781414017206f,-0.000002683495893223049f,1.6363217172918834f,0.00000878288625610315f,-0.0000034016773409378636f,0.0000033599851607565677f,0.33458635219283667f,0f,0f,0f,1f], start_interpolation: 0, interpolation_duration: 1 }
$data merge entity $(bone_hand_right) { transformation: [-0.4741010051037033f,-0.6128144938275009f,-0.6322077452187707f,-0.27182310194439085f,0.751712927800142f,0.092130117816655f,-0.6530235183890607f,1.594973829545715f,0.45842765093065313f,-0.7848378415609385f,0.41698159589623407f,0.802365477620546f,0f,0f,0f,1f], start_interpolation: 0, interpolation_duration: 1 }
$data merge entity $(bone_lowerarm_right) { transformation: [-0.5579116193435301f,-0.5376318367497203f,-0.6322077452187707f,-0.5095571797571578f,0.7571286602984152f,-0.017789777556202258f,-0.6530235183890607f,1.587107412282582f,0.33983939847552536f,-0.8429920117816199f,0.41698159589623407f,0.429604947410861f,0f,0f,0f,1f], start_interpolation: 0, interpolation_duration: 1 }
$data merge entity $(bone_arm_right) { transformation: [-0.5579116193435301f,0.3347526657557759f,-0.7593913864213115f,-0.34375f,0.7571286602984152f,0.5800119008983375f,-0.30057010259010164f,1.8743945569462896f,0.33983939847552536f,-0.7426485357056184f,-0.5770462162237042f,0.06176184456917189f,0f,0f,0f,1f], start_interpolation: 0, interpolation_duration: 1 }
$data merge entity $(bone_uppertail) { transformation: [-0.9995468755281369f,0.0012757907420393386f,-0.03007350960432758f,0.0025500096753555395f,0.010310478878689909f,0.9531725065651432f,-0.30225133044142927f,0.5973555044256107f,0.028279633081621573f,-0.30242444525253664f,-0.9527537547900109f,-0.5085290119786359f,0f,0f,0f,1f], start_interpolation: 0, interpolation_duration: 1 }
$data merge entity $(bone_middletail) { transformation: [-0.9995468755281369f,-0.00999038846911134f,-0.02839429097856299f,0.013313559428596333f,0.010310478878689909f,0.7726130383063702f,-0.6347934995447664f,0.8380087871025323f,0.028279633081621573f,-0.634798617812953f,-0.7721599427421324f,-0.21582995490724f,0f,0f,0f,1f], start_interpolation: 0, interpolation_duration: 1 }
$data merge entity $(bone_tail) { transformation: [-0.9995468755281369f,-0.014386207914851614f,-0.02644013320257137f,0.021875f,0.010310478878689909f,0.6616191203080183f,-0.7497691869289748f,1.133029740656356f,0.028279633081621573f,-0.7497020585970633f,-0.6611709958007037f,0.005601626072085572f,0f,0f,0f,1f], start_interpolation: 0, interpolation_duration: 1 }
$data merge entity $(bone_hair) { transformation: [-0.6893654271085455f,0.12155372436685123f,1.2170743898373493e-16f,0.12499999999999996f,0.1208021161850456f,0.6851028452915955f,-0.11103354979808844f,2.388529584779243f,-0.013496541507629975f,-0.07654269047993718f,-0.993816658553898f,0.31601189841634975f,0f,0f,0f,1f], start_interpolation: 0, interpolation_duration: 1 }
$data merge entity $(bone_ear_left) { transformation: [-0.30863159281607794f,0.9869930042591911f,-0.5729950700455723f,0.12181104166666659f,0.8845662342277971f,0.5857357161868169f,0.12055254043587253f,2.3563091544626245f,0.34969860906195227f,-0.6105394993991239f,-0.8106440246482587f,-0.0009293131889000633f,0f,0f,0f,1f], start_interpolation: 0, interpolation_duration: 1 }
$data merge entity $(bone_ear_right) { transformation: [-0.3086315928160778f,-0.9869930042591909f,0.5729950700455725f,-0.12181104166666662f,-0.8845662342277971f,0.5857357161868169f,0.12055254043587253f,2.3563091544626245f,-0.3496986090619524f,-0.6105394993991241f,-0.8106440246482586f,-0.0009293131889000911f,0f,0f,0f,1f], start_interpolation: 0, interpolation_duration: 1 }
$data merge entity $(bone_head) { transformation: [-1f,1.3597688135819725e-17f,1.2170743898373493e-16f,-8.960905595730888e-18f,0f,0.993816658553898f,-0.11103354979808844f,2.0007772814383356f,-1.2246467991473532e-16f,-0.11103354979808844f,-0.993816658553898f,0.07317134705263444f,0f,0f,0f,1f], start_interpolation: 0, interpolation_duration: 1 }
$data merge entity $(bone_body) { transformation: [-1f,-1.809609532955535e-18f,1.2245130926191362e-16f,-6.403984274441296e-18f,0f,0.9998908203342302f,0.014776583209260464f,1.066084375f,-1.2246467991473532e-16f,0.014776583209260464f,-0.9998908203342302f,0.0522925f,0f,0f,0f,1f], start_interpolation: 0, interpolation_duration: 1 }
$data merge entity $(bone_shoe_left) { transformation: [-0.9537169507482268f,-0.0024054480575921135f,-0.3006961783514155f,0.12954900676429948f,1.0842021724855044e-19f,0.999968004764546f,-0.007999340423622034f,0.25085055557336877f,0.300705799504273f,-0.0076291065568138364f,-0.9536864363498314f,0.08065033231176456f,0f,0f,0f,1f], start_interpolation: 0, interpolation_duration: 1 }
$data merge entity $(bone_lowerleg_left) { transformation: [-0.984807753012208f,0f,-0.17364817766693025f,0.12740364063053136f,0f,1f,0f,0.6877555555733688f,0.17364817766693025f,0f,-0.9848077530122081f,0.0761317234088271f,0f,0f,0f,1f], start_interpolation: 0, interpolation_duration: 1 }
$data merge entity $(bone_leg_left) { transformation: [-0.984807753012208f,-0.006409708348083681f,-0.17352983964130858f,0.12499999999999999f,0f,0.9993185184710166f,-0.036912039240503666f,1.0625f,0.17364817766693025f,-0.036351262423538866f,-0.9841366247189306f,0.06250000000000001f,0f,0f,0f,1f], start_interpolation: 0, interpolation_duration: 1 }