# This file was generated by Animated Java via MC-Build. It is not recommended to edit this file directly.
$data merge entity $(bone_hammer) { transformation: [-0.00001704942576938031f,-0.000011907621444903239f,0.0000012463587914597512f,0.6494842717664819f,-5.520136663271819e-7f,0.00000294826235230926f,0.000020616275313254864f,0.817800346552047f,-0.000011959938947350718f,0.00001683876712840386f,-0.000002728288794978841f,-0.37446581763859094f,0f,0f,0f,1f], start_interpolation: 0, interpolation_duration: 1 }
$data merge entity $(bone_hand_left) { transformation: [-0.8183724369302547f,0.05982522199006793f,0.5715658293553554f,0.4290134102837516f,-0.02649665598370473f,0.9895812150362333f,-0.14151659291084423f,0.9448999865338453f,-0.5740770694728343f,-0.1309578621589842f,-0.8082608221633852f,0.007990776471851948f,0f,0f,0f,1f], start_interpolation: 0, interpolation_duration: 1 }
$data merge entity $(bone_lowerarm_left) { transformation: [-0.8183724369302547f,-0.06530236209191775f,0.5709659849571183f,0.40013752204623176f,-0.02649665598370473f,0.9967539856962255f,0.07602249154276679f,1.385652139583895f,-0.5740770694728343f,0.04708602238355783f,-0.8174462825174373f,0.028811626994581424f,0f,0f,0f,1f], start_interpolation: 0, interpolation_duration: 1 }
$data merge entity $(bone_arm_left) { transformation: [-0.8183724369302547f,-0.11384231580311772f,0.5632996374980365f,0.34375f,-0.02649665598370473f,0.9866151223177407f,0.1608991225446274f,1.8743349423569011f,-0.5740770694728343f,0.11674985030625536f,-0.8104350626416343f,0.08663928722439854f,0f,0f,0f,1f], start_interpolation: 0, interpolation_duration: 1 }
$data merge entity $(bone_bread) { transformation: [-0.7492258995585108f,-0.395015542242321f,-0.483605660034993f,-0.3446516132808749f,-0.13769493881012407f,0.878036704575105f,-0.41695751878575554f,0.7244174512085474f,0.6478430791918802f,-0.27021152234109985f,-0.6479081728101783f,0.08061452980883671f,0f,0f,0f,1f], start_interpolation: 0, interpolation_duration: 1 }
$data merge entity $(bone_hand_right) { transformation: [-0.8028461321285785f,-0.2999903163713281f,-0.5152124787013719f,-0.3960508184074676f,-0.01820683540858159f,0.8761143022626454f,-0.48175952560924284f,0.9751494683166201f,0.5959082137968784f,-0.377398382951316f,-0.7088468531884342f,0.1239087535490955f,0f,0f,0f,1f], start_interpolation: 0, interpolation_duration: 1 }
$data merge entity $(bone_lowerarm_right) { transformation: [-0.8211453097632317f,-0.10888802393287206f,-0.5602354670117204f,-0.44419974149028446f,0.07173769820104489f,0.9541524902373852f,-0.29059719205562223f,1.3970637725934638f,0.5661926199719157f,-0.27881252414084734f,-0.775686465958732f,0.0006213405305645764f,0f,0f,0f,1f], start_interpolation: 0, interpolation_duration: 1 }
$data merge entity $(bone_arm_right) { transformation: [-0.8227774943304246f,0.20280073991729353f,-0.5309510850467738f,-0.34375f,0.07117159283485136f,0.9635844835674919f,0.25775869995272727f,1.8743392121104872f,0.5638898821549279f,0.17428942284880114f,-0.8072492786533373f,0.0869490702853614f,0f,0f,0f,1f], start_interpolation: 0, interpolation_duration: 1 }
$data merge entity $(bone_uppertail) { transformation: [-0.9995468755281369f,-0.017856473035806925f,-0.024232003480120175f,0.006261008095619301f,0.009883022994380227f,0.5657171963779628f,-0.8245401018620926f,0.4694440324622119f,0.028431839167236576f,-0.8244059680115003f,-0.5652843801385188f,-0.337544632722817f,0f,0f,0f,1f], start_interpolation: 0, interpolation_duration: 1 }
$data merge entity $(bone_middletail) { transformation: [-0.9995468755281369f,-0.020602155163213016f,-0.021945268842507977f,0.014579648873266992f,0.009883022994380227f,0.46402295894643736f,-0.8857680392896808f,0.8052310784510228f,0.028431839167236576f,-0.8855835617112728f,-0.4636090872150206f,-0.16181627861149608f,0f,0f,0f,1f], start_interpolation: 0, interpolation_duration: 1 }
$data merge entity $(bone_tail) { transformation: [-0.9995468755281369f,-0.018981531743257653f,-0.023361187354643563f,0.021875f,0.009883022994380227f,0.5261243490265848f,-0.8503502191555224f,1.1336049669823571f,0.028431839167236576f,-0.8501957838133709f,-0.5256983542941106f,0.006885126367410753f,0f,0f,0f,1f], start_interpolation: 0, interpolation_duration: 1 }
$data merge entity $(bone_hair) { transformation: [-0.6893654271085455f,0.12155372436685122f,1.2222448727800327e-16f,0.12499999999999994f,0.12131531840702178f,0.6880133597228764f,0.06260029279847243f,2.340241633741981f,0.007609298736109615f,0.043154477582138966f,-0.9980386782793268f,0.39352855656295094f,0f,0f,0f,1f], start_interpolation: 0, interpolation_duration: 1 }
$data merge entity $(bone_ear_left) { transformation: [-0.45353741089119204f,0.11148053506896238f,-0.8871020370851692f,0.142644375f,0.023337250047962027f,1.2950100194680614f,0.08436546813857611f,2.4083545534893114f,0.8909316414194262f,0.022828486109884062f,-0.45379780033083217f,0.15134145466277266f,0f,0f,0f,1f], start_interpolation: 0, interpolation_duration: 1 }
$data merge entity $(bone_ear_right) { transformation: [-0.4535374108911917f,-0.06714698204147761f,0.8897392522102892f,-0.142644375f,-0.02333725004796204f,1.2982647080798113f,0.046078963093266326f,2.4083545534893114f,-0.8909316414194263f,0.0001748060750182412f,-0.45413741558753423f,0.15134145466277263f,0f,0f,0f,1f], start_interpolation: 0, interpolation_duration: 1 }
$data merge entity $(bone_head) { transformation: [-1f,-7.666324820133638e-18f,1.2222448727800327e-16f,-1.0686077483386335e-17f,0f,0.9980386782793268f,0.06260029279847243f,2.0003563580547947f,-1.2246467991473532e-16f,0.06260029279847243f,-0.9980386782793268f,0.08725844456398693f,0f,0f,0f,1f], start_interpolation: 0, interpolation_duration: 1 }
$data merge entity $(bone_body) { transformation: [-1f,-3.65522302334263e-18f,1.2241011874542155e-16f,-6.403984274441296e-18f,0f,0.9995544742422733f,0.029847161041759454f,1.066084375f,-1.2246467991473532e-16f,0.029847161041759454f,-0.9995544742422733f,0.0522925f,0f,0f,0f,1f], start_interpolation: 0, interpolation_duration: 1 }
$data merge entity $(bone_shoe_left) { transformation: [-0.9537169507482268f,0.00036446854046021766f,-0.3007055786283105f,0.12809243663003247f,0f,0.9999992654748832f,0.001212043602288552f,0.2506346630273348f,0.30070579950427295f,0.0011559465285485328f,-0.9537162502191723f,0.07238971259029797f,0f,0f,0f,1f], start_interpolation: 0, interpolation_duration: 1 }
$data merge entity $(bone_lowerleg_left) { transformation: [-0.984807753012208f,-4.336808689942018e-19f,-0.1736481776669302f,0.12594707049626436f,0f,0.9999999999999999f,0f,0.6875396630273347f,0.17364817766693022f,-1.734723475976807e-18f,-0.984807753012208f,0.0678711036873605f,0f,0f,0f,1f], start_interpolation: 0, interpolation_duration: 1 }
$data merge entity $(bone_leg_left) { transformation: [-0.984807753012208f,-0.0025255213233716747f,-0.17362981123381707f,0.12499999999999999f,0f,0.9998942319271075f,-0.014543897651582658f,1.0625f,0.17364817766693022f,-0.014322943166294648f,-0.9847035917940024f,0.06250000000000001f,0f,0f,0f,1f], start_interpolation: 0, interpolation_duration: 1 }