# This file was generated by Animated Java via MC-Build. It is not recommended to edit this file directly.
$data merge entity $(bone_hammer) { transformation: [-0.000017049425769380305f,-0.000011833975086247863f,0.000001817110995573329f,0.688127341490599f,6.76748534595522e-7f,0.0000022043070385994055f,0.000020705333121644817f,0.8718624667893998f,-0.000011953529609830367f,0.000017003700829978865f,-0.0000014195301086143173f,-0.4522732089129396f,0f,0f,0f,1f], start_interpolation: 0, interpolation_duration: 1 }
$data merge entity $(bone_hand_left) { transformation: [-0.8183724369302546f,0.08722132778751965f,0.5680308041398974f,0.47097054492096374f,0.03248392966058505f,0.9938559898389511f,-0.10580673785277124f,0.9805415772332964f,-0.5737694212718576f,-0.06813744521348704f,-0.8161776398389854f,-0.06231610578268838f,0f,0f,0f,1f], start_interpolation: 0, interpolation_duration: 1 }
$data merge entity $(bone_lowerarm_left) { transformation: [-0.8183724369302546f,-0.03779053389833517f,0.5734443565164061f,0.4542600432127937f,0.03248392966058505f,0.9931984040249008f,0.11181111105876756f,1.4197214965130571f,-0.5737694212718576f,0.11013085757438135f,-0.8115786132121082f,-0.013617617199016635f,0f,0f,0f,1f], start_interpolation: 0, interpolation_duration: 1 }
$data merge entity $(bone_arm_left) { transformation: [-0.8183724369302546f,-0.22311175916778525f,0.5296108924426427f,0.34375f,0.03248392966058505f,0.9021299273980938f,0.43023991958733454f,1.8665577261774255f,-0.5737694212718576f,0.36930033443495025f,-0.7310307204212361f,0.1693014547007947f,0f,0f,0f,1f], start_interpolation: 0, interpolation_duration: 1 }
$data merge entity $(bone_bread) { transformation: [0.000007360687435228109f,-0.000004106147046285988f,-0.000005381434466306537f,0.1864938090714502f,0.0000029975421242504897f,0.000009105295385119191f,-0.0000028475142077031032f,1.6089070515487318f,0.000006069186246459974f,4.828585548626428e-7f,0.00000793295820748963f,-0.13762277491674757f,0f,0f,0f,1f], start_interpolation: 0, interpolation_duration: 1 }
$data merge entity $(bone_hand_right) { transformation: [-0.011824772385298055f,-0.9476835860251636f,-0.3189921559169162f,-0.08870445262062732f,0.69350670293541f,0.22204650967112313f,-0.6853785818994702f,1.5236897467851562f,0.720353127113149f,-0.2293276440409184f,0.6545992697345063f,0.6569114871166424f,0f,0f,0f,1f], start_interpolation: 0, interpolation_duration: 1 }
$data merge entity $(bone_lowerarm_right) { transformation: [-0.2831267239898892f,-0.9044795534594636f,-0.3189921559169162f,-0.48865400516598384f,0.7280558049185085f,0.013818263202510086f,-0.6853785818994702f,1.5298000100450162f,0.6243188312771092f,-0.42629308342481376f,0.6545992697345063f,0.4684100142897326f,0f,0f,0f,1f], start_interpolation: 0, interpolation_duration: 1 }
$data merge entity $(bone_arm_right) { transformation: [-0.2831267239898892f,0.29255067289031433f,-0.9133747105948232f,-0.34375f,0.7280558049185085f,0.6854905328454994f,-0.0061216258996997855f,1.8693320395950528f,0.6243188312771092f,-0.6667209560007976f,-0.40707390452123887f,0.13817479077058753f,0f,0f,0f,1f], start_interpolation: 0, interpolation_duration: 1 }
$data merge entity $(bone_uppertail) { transformation: [-0.9995468755281369f,0.014292715618479345f,-0.026490789006527016f,0.0010514556852036436f,0.006916801207196219f,0.9655878979869893f,0.2599849401833266f,0.922532218351667f,0.029295076087956912f,0.2596839031232338f,-0.9652492263533206f,-0.6818981259257371f,0f,0f,0f,1f], start_interpolation: 0, interpolation_duration: 1 }
$data merge entity $(bone_middletail) { transformation: [-0.9995468755281369f,0.002121594165659417f,-0.03002569666361292f,0.01243367541445382f,0.006916801207196219f,0.9870088396914027f,-0.1605170029376679f,0.9834003277678007f,0.029295076087956912f,-0.16065195053041648f,-0.9865762764772796f,-0.30790867044992576f,0f,0f,0f,1f], start_interpolation: 0, interpolation_duration: 1 }
$data merge entity $(bone_tail) { transformation: [-0.9995468755281369f,-0.007430517780938789f,-0.029169007995579973f,0.021875000000000002f,0.006916801207196219f,0.8864210986714032f,-0.46282803900719216f,1.153720350157135f,0.029295076087956912f,-0.46282007652617013f,-0.8859680441648621f,-0.013248170919560744f,0f,0f,0f,1f], start_interpolation: 0, interpolation_duration: 1 }
$data merge entity $(bone_hair) { transformation: [-0.6893654271085455f,0.12155372436685122f,1.2246374348705658e-16f,0.12499999999999993f,0.12155279490480524f,0.6893601558673421f,0.0039106222126013f,2.349128326079552f,0.0004753506945333399f,0.0026958477518500756f,-0.9999923534877205f,0.4686259954885164f,0f,0f,0f,1f], start_interpolation: 0, interpolation_duration: 1 }
$data merge entity $(bone_ear_left) { transformation: [-0.5453543509665284f,1.0879167698078573f,0.04749269549073467f,0.09403326388888877f,0.7060939666399779f,0.5565680021769037f,0.5640360543455782f,2.377909496173679f,0.4516856674242587f,0.4434739687102814f,-0.8243832684336189f,0.21478838920662544f,0f,0f,0f,1f], start_interpolation: 0, interpolation_duration: 1 }
$data merge entity $(bone_ear_right) { transformation: [-0.5453543509665284f,-1.0879167698078573f,-0.04749269549073446f,-0.09403326388888883f,-0.7060939666399779f,0.5565680021769037f,0.5640360543455782f,2.377909496173679f,-0.4516856674242588f,0.4434739687102811f,-0.8243832684336189f,0.2147883892066254f,0f,0f,0f,1f], start_interpolation: 0, interpolation_duration: 1 }
$data merge entity $(bone_head) { transformation: [-1f,-4.789130975336711e-19f,1.2246374348705658e-16f,-2.2390724103916166e-17f,0f,0.9999923534877205f,0.0039106222126013f,1.9918519681502433f,-1.2246467991473532e-16f,0.0039106222126013f,-0.9999923534877205f,0.1828341373162079f,0f,0f,0f,1f], start_interpolation: 0, interpolation_duration: 1 }
$data merge entity $(bone_body) { transformation: [-1f,-1.618261215075342e-17f,1.2139077761756396e-16f,-6.403984274441296e-18f,0f,0.991230922271474f,0.13214105619694091f,1.066084375f,-1.2246467991473532e-16f,0.13214105619694091f,-0.991230922271474f,0.0522925f,0f,0f,0f,1f], start_interpolation: 0, interpolation_duration: 1 }
$data merge entity $(bone_shoe_left) { transformation: [-0.9537169507482268f,-0.0021867750091228754f,-0.30069784813091616f,0.12933058014602675f,-7.972871822473885e-19f,0.9999735576321774f,-0.007272141118421631f,0.25080620711708856f,0.300705799504273f,-0.006935564252871886f,-0.9536917322138168f,0.07941157340263388f,0f,0f,0f,1f], start_interpolation: 0, interpolation_duration: 1 }
$data merge entity $(bone_lowerleg_left) { transformation: [-0.984807753012208f,8.673617379884035e-19f,-0.17364817766693022f,0.12718521401225863f,0f,1f,6.938893903907228e-18f,0.6877112071170886f,0.17364817766693022f,0f,-0.9848077530122082f,0.07489296449969642f,0f,0f,0f,1f], start_interpolation: 0, interpolation_duration: 1 }
$data merge entity $(bone_leg_left) { transformation: [-0.984807753012208f,-0.005827237366023085f,-0.1735503757176163f,0.12499999999999999f,0f,0.9994367810210972f,-0.03355772254172542f,1.0625f,0.17364817766693022f,-0.03304790533252374f,-0.984253090595141f,0.06250000000000001f,0f,0f,0f,1f], start_interpolation: 0, interpolation_duration: 1 }