# This file was generated by Animated Java via MC-Build. It is not recommended to edit this file directly.
$data merge entity $(bone_hammer) { transformation: [-0.00001704942576938031f,-0.000011735001670582797f,0.000002373730082293988f,0.686876892289918f,0.000001696687974722959f,0.0000017206106260086189f,0.00002069271675657584f,0.9056711191108616f,-0.000011851839883688902f,0.000017127668044508076f,-4.52389772558847e-7f,-0.4666778549506141f,0f,0f,0f,1f], start_interpolation: 0, interpolation_duration: 1 }
$data merge entity $(bone_hand_left) { transformation: [-0.8183724369302547f,0.11393904395011129f,0.5632800801879742f,0.47354262477116f,0.08144102278670201f,0.9932504043156403f,-0.08258931004841347f,1.0017113070278416f,-0.5688883144170672f,-0.021714709082824468f,-0.8221280661363876f,-0.07133049093751465f,0f,0f,0f,1f], start_interpolation: 0, interpolation_duration: 1 }
$data merge entity $(bone_lowerarm_left) { transformation: [-0.8183724369302547f,-0.010677889431352505f,0.5745890158627537f,0.4688209955382338f,0.08144102278670201f,0.9875820021859119f,0.1343471204228855f,1.4384077236194244f,-0.5688883144170672f,0.15674109746890635f,-0.8073402715608524f,-0.0020215369004826234f,0f,0f,0f,1f], start_interpolation: 0, interpolation_duration: 1 }
$data merge entity $(bone_arm_left) { transformation: [-0.8183724369302547f,-0.25250926543996727f,0.5162418283516013f,0.34375f,0.08144102278670201f,0.8382757124153495f,0.5391300304954214f,1.8536161624251521f,-0.5688883144170672f,0.48325241938505203f,-0.6654571247482454f,0.23733942707617597f,0f,0f,0f,1f], start_interpolation: 0, interpolation_duration: 1 }
$data merge entity $(bone_bread) { transformation: [0.000009286994315611357f,-0.0000036912730651445404f,-3.553023224535137e-7f,-0.22852478975440088f,0.0000031648036003517386f,0.000008388716495614104f,-0.000004428707907213178f,1.7473288086920507f,0.000001932810066458443f,0.000004000492309047765f,0.00000895881166964942f,-0.3296410426061007f,0f,0f,0f,1f], start_interpolation: 0, interpolation_duration: 1 }
$data merge entity $(bone_hand_right) { transformation: [0.32976600790382277f,-0.9388614848968307f,0.0989620745967571f,-0.048284493581262355f,0.5959223643369984f,0.12570970512498109f,-0.7931416050872581f,1.5341588860937874f,0.7322096118695641f,0.3205248542854494f,0.6009433434784961f,0.4680761914745746f,0f,0f,0f,1f], start_interpolation: 0, interpolation_duration: 1 }
$data merge entity $(bone_lowerarm_right) { transformation: [-0.09791050789916654f,-0.9902626117522733f,0.0989620745967571f,-0.48616624221547067f,0.5932162963317688f,-0.13791598908765865f,-0.7931416050872581f,1.4731741596690884f,0.7990669297432766f,-0.018950982020457058f,0.6009433434784961f,0.4596963041124037f,0f,0f,0f,1f], start_interpolation: 0, interpolation_duration: 1 }
$data merge entity $(bone_arm_right) { transformation: [-0.09791050789916654f,0.28752805999337916f,-0.952754505189753f,-0.34375f,0.5932162963317688f,0.785545459405359f,0.1761043922622107f,1.8622646450308054f,0.7990669297432766f,-0.547947028392405f,-0.24747948574899364f,0.1882912916117906f,0f,0f,0f,1f], start_interpolation: 0, interpolation_duration: 1 }
$data merge entity $(bone_uppertail) { transformation: [-0.9995468755281369f,0.022085249699090065f,-0.020452026003990355f,0.0018433466414987127f,0.004385762131857505f,0.7790623441411654f,0.6269311198463473f,1.193730905027408f,0.02977933364704154f,0.6265573442926045f,-0.778806192579731f,-0.7059500702498773f,0f,0f,0f,1f], start_interpolation: 0, interpolation_duration: 1 }
$data merge entity $(bone_middletail) { transformation: [-0.9995468755281369f,0.010825712551319722f,-0.028086430348039145f,0.01249059551405201f,0.004385762131857505f,0.9755078509996771f,0.21992088970471746f,1.1103819197216447f,0.02977933364704154f,0.21969805776507892f,-0.9751133035200527f,-0.33629864360999706f,0f,0f,0f,1f], start_interpolation: 0, interpolation_duration: 1 }
$data merge entity $(bone_tail) { transformation: [-0.9995468755281369f,-0.0020584107867080673f,-0.030030094355033576f,0.021875000000000002f,0.004385762131857505f,0.9770529458038711f,-0.2129514174324751f,1.1769292376692932f,0.02977933364704154f,-0.21298662878455693f,-0.9766011915037415f,-0.03111077126507781f,0f,0f,0f,1f], start_interpolation: 0, interpolation_duration: 1 }
$data merge entity $(bone_hair) { transformation: [-0.6893654271085455f,0.1215537243668512f,1.21998664834562e-16f,0.12499999999999993f,0.12109117574756259f,0.6867421835332846f,0.0871557427476582f,2.3095347795220587f,0.010594105130936952f,0.06008215582420193f,-0.9961946980917454f,0.5760854473513444f,0f,0f,0f,1f], start_interpolation: 0, interpolation_duration: 1 }
$data merge entity $(bone_ear_left) { transformation: [-0.6961581659018855f,0.8853805859130113f,0.22697659563112732f,0.08014437499999995f,0.46066178603185554f,0.2357014997698666f,0.8688600700115607f,2.3747662440246704f,0.5505947029694926f,0.9222505197041464f,-0.4399588660036404f,0.3719596086470415f,0f,0f,0f,1f], start_interpolation: 0, interpolation_duration: 1 }
$data merge entity $(bone_ear_right) { transformation: [-0.6961581659018853f,-0.8853805859130115f,-0.2269765956311272f,-0.08014437500000003f,-0.46066178603185554f,0.2357014997698666f,0.8688600700115607f,2.3747662440246704f,-0.5505947029694928f,0.9222505197041462f,-0.4399588660036404f,0.3719596086470415f,0f,0f,0f,1f], start_interpolation: 0, interpolation_duration: 1 }
$data merge entity $(bone_head) { transformation: [-1f,-1.0673500138322977e-17f,1.21998664834562e-16f,-3.2029325568007583e-17f,0f,0.9961946980917454f,0.0871557427476582f,1.9772937559989487f,-1.2246467991473532e-16f,0.0871557427476582f,-0.9961946980917454f,0.261539291086276f,0f,0f,0f,1f], start_interpolation: 0, interpolation_duration: 1 }
$data merge entity $(bone_body) { transformation: [-1f,-2.6506208041798655e-17f,1.195617780139768e-16f,-6.403984274441296e-18f,0f,0.9762960071199334f,0.21643961393810288f,1.066084375f,-1.2246467991473532e-16f,0.21643961393810288f,-0.9762960071199334f,0.0522925f,0f,0f,0f,1f], start_interpolation: 0, interpolation_duration: 1 }
$data merge entity $(bone_shoe_left) { transformation: [-0.9537169507482268f,-0.0019681008041784113f,-0.30069935888646093f,0.1291121289103861f,-4.528536997479696e-19f,0.9999785816641292f,-0.006544937967351856f,0.25076608081642504f,0.300705799504273f,-0.006242018281059114f,-0.9536965237182501f,0.07817267488147196f,0f,0f,0f,1f], start_interpolation: 0, interpolation_duration: 1 }
$data merge entity $(bone_lowerleg_left) { transformation: [-0.984807753012208f,8.673617379884035e-19f,-0.17364817766693022f,0.12696676277661798f,0f,1f,3.469446951953614e-18f,0.687671080816425f,0.17364817766693022f,0f,-0.984807753012208f,0.0736540659785345f,0f,0f,0f,1f], start_interpolation: 0, interpolation_duration: 1 }
$data merge entity $(bone_leg_left) { transformation: [-0.984807753012208f,-0.005244700737647981f,-0.17356895667491432f,0.12499999999999999f,0f,0.9995437844895334f,-0.030203027800888852f,1.0625f,0.17364817766693022f,-0.0297441759427586f,-0.984358468440456f,0.06250000000000001f,0f,0f,0f,1f], start_interpolation: 0, interpolation_duration: 1 }
execute on vehicle unless entity @s[tag=aj.transforms_only] positioned ^1.1640624219 ^-0.0007803047 ^0.2203124844 rotated ~0 ~0 run function animated_java:meowster/animations/bread_eating/zzz/frames/zzz/4