# This file was generated by Animated Java via MC-Build. It is not recommended to edit this file directly.
$data merge entity $(bone_hammer) { transformation: [-0.000017049425769380305f,-0.000011702515804239065f,0.0000025290279879241005f,0.6872923770465215f,0.0000019854901735574808f,0.0000015761650066201657f,0.000020678522926466263f,0.9170495449801924f,-0.000011806891524989771f,0.000017163758489946742f,-1.7459895098147946e-7f,-0.4712638706973356f,0f,0f,0f,1f], start_interpolation: 0, interpolation_duration: 1 }
$data merge entity $(bone_hand_left) { transformation: [-0.8183724369302546f,0.12139334342035668f,0.561720758603475f,0.47513057083762994f,0.09530352833075907f,0.9925691004703804f,-0.07565592031776772f,1.0093163026995224f,-0.5667307931995089f,-0.00838074964711083f,-0.8238604075174435f,-0.07438986168295936f,0f,0f,0f,1f], start_interpolation: 0, interpolation_duration: 1 }
$data merge entity $(bone_lowerarm_left) { transformation: [-0.8183724369302546f,-0.0030627876609213844f,0.5746800621255103f,0.4737762444188163f,0.09530352833075907f,0.9854161877655658f,0.1409686999914787f,1.4450550232271087f,-0.5667307931995089f,0.17013393612481748f,-0.8061455525016138f,0.0008412381972333627f,0f,0f,0f,1f], start_interpolation: 0, interpolation_duration: 1 }
$data merge entity $(bone_arm_left) { transformation: [-0.8183724369302546f,-0.26251355340076465f,0.5112271400793782f,0.34375f,0.09530352833075907f,0.8152618981052644f,0.5711963541423474f,1.8488644321323724f,-0.5667307931995089f,0.5161731025331576f,-0.6421693984150522f,0.256508228045688f,0f,0f,0f,1f], start_interpolation: 0, interpolation_duration: 1 }
$data merge entity $(bone_bread) { transformation: [0.00000948852913698375f,-0.0000031571239347678748f,-1.9577464757353737e-8f,-0.2616145712114132f,0.0000027372560846275095f,0.000008257227994841965f,-0.000004932100462112255f,1.7730937770111548f,0.0000015732908007676724f,0.000004674479040675446f,0.000008699080512014235f,-0.334125828299633f,0f,0f,0f,1f], start_interpolation: 0, interpolation_duration: 1 }
$data merge entity $(bone_hand_right) { transformation: [0.39120666026808765f,-0.9144987012216907f,0.10319629075567838f,-0.04536518062699024f,0.5407442182733498f,0.137677556990748f,-0.8298437086012062f,1.5076840470223094f,0.7446831805310452f,0.38044318335975047f,0.5483702625683365f,0.4385802232578576f,0f,0f,0f,1f], start_interpolation: 0, interpolation_duration: 1 }
$data merge entity $(bone_lowerarm_right) { transformation: [-0.031930208932869124f,-0.9941483728960047f,0.10319629075567838f,-0.48496516426694225f,0.5482657456323189f,-0.1037501395721194f,-0.8298437086012062f,1.4618070321802628f,0.8356944022331017f,0.03008190830038804f,0.5483702625683365f,0.45188206708443546f,0f,0f,0f,1f], start_interpolation: 0, interpolation_duration: 1 }
$data merge entity $(bone_arm_right) { transformation: [-0.031930208932869124f,0.2851031707597573f,-0.9579648447517458f,-0.34375f,0.5482657456323189f,0.8063790770797304f,0.2217148082882145f,1.8612166687963168f,0.8356944022331017f,-0.5181399097452106f,-0.1820601549089866f,0.19524089303876077f,0f,0f,0f,1f], start_interpolation: 0, interpolation_duration: 1 }
$data merge entity $(bone_uppertail) { transformation: [-0.9995468755281369f,0.024255941666799945f,-0.017823942206926454f,0.00235541364203592f,0.003657530779312354f,0.6856312379677649f,0.7279398519049418f,1.2719548872974673f,0.02987751814554614f,0.7275448129267688f,-0.6854092785283956f,-0.6947409699657154f,0f,0f,0f,1f], start_interpolation: 0, interpolation_duration: 1 }
$data merge entity $(bone_middletail) { transformation: [-0.9995468755281369f,0.013499029057606068f,-0.02690390002287704f,0.012554439236271168f,0.003657530779312354f,0.9416461664354105f,0.33658449118474476f,1.1443802620430148f,0.02987751814554614f,0.3363335746725222f,-0.9412688566278318f,-0.3379170787461569f,0f,0f,0f,1f], start_interpolation: 0, interpolation_duration: 1 }
$data merge entity $(bone_tail) { transformation: [-0.9995468755281369f,-0.00033619419122502106f,-0.030098680957889874f,0.021875000000000002f,0.003657530779312354f,0.991171706647455f,-0.1325340349124318f,1.1824090549818786f,0.02987751814554614f,-0.13258406734987843f,-0.9907213528507527f,-0.03309641301964502f,0f,0f,0f,1f], start_interpolation: 0, interpolation_duration: 1 }
$data merge entity $(bone_hair) { transformation: [-0.6893654271085455f,0.1215537243668512f,1.2190878733861653e-16f,0.12499999999999993f,0.12100196680685785f,0.6862362544897185f,0.09517252918686697f,2.3016125292819956f,0.011568575380076445f,0.06560865123190508f,-0.9954607926423698f,0.6009304817929013f,0f,0f,0f,1f], start_interpolation: 0, interpolation_duration: 1 }
$data merge entity $(bone_ear_left) { transformation: [-0.7123968026271462f,0.8902694857457504f,0.1533254405666603f,0.08194478652263369f,0.38072084703804493f,0.2516927011518937f,0.9041940574599775f,2.371746722628923f,0.5895272955828699f,0.9132748912221669f,-0.3986532525003429f,0.4030581171703875f,0f,0f,0f,1f], start_interpolation: 0, interpolation_duration: 1 }
$data merge entity $(bone_ear_right) { transformation: [-0.712396802627146f,-0.8902694857457506f,-0.1533254405666602f,-0.0819447865226338f,-0.38072084703804493f,0.2516927011518937f,0.9041940574599775f,2.371746722628923f,-0.5895272955828701f,0.9132748912221667f,-0.39865325250034295f,0.4030581171703874f,0f,0f,0f,1f], start_interpolation: 0, interpolation_duration: 1 }
$data merge entity $(bone_head) { transformation: [-1f,-1.1655273323545466e-17f,1.2190878733861653e-16f,-3.4745666325060727e-17f,0f,0.9954607926423698f,0.09517252918686697f,1.9719144449876818f,-1.2246467991473532e-16f,0.09517252918686697f,-0.9954607926423698f,0.2837198966204134f,0f,0f,0f,1f], start_interpolation: 0, interpolation_duration: 1 }
$data merge entity $(bone_body) { transformation: [-1f,-2.9416856795343326e-17f,1.1887912500898062e-16f,-6.403984274441296e-18f,0f,0.970721722310048f,0.24020686467171176f,1.066084375f,-1.2246467991473532e-16f,0.24020686467171176f,-0.970721722310048f,0.0522925f,0f,0f,0f,1f], start_interpolation: 0, interpolation_duration: 1 }
$data merge entity $(bone_shoe_left) { transformation: [-0.9537169507482268f,-0.0017494255584044965f,-0.30070071061725084f,0.12889365551832382f,2.2883030707539483e-20f,0.9999830768577441f,-0.005817731354993833f,0.250730177123418f,0.30070579950427295f,-0.0055484690081570665f,-0.9537008108605977f,0.07693365070499905f,0f,0f,0f,1f], start_interpolation: 0, interpolation_duration: 1 }
$data merge entity $(bone_lowerleg_left) { transformation: [-0.984807753012208f,8.673617379884035e-19f,-0.17364817766693022f,0.1267482893845557f,-4.336808689942018e-19f,0.9999999999999999f,-3.469446951953614e-18f,0.6876351771234179f,0.17364817766693022f,0f,-0.984807753012208f,0.07241504180206158f,0f,0f,0f,1f], start_interpolation: 0, interpolation_duration: 1 }
$data merge entity $(bone_leg_left) { transformation: [-0.984807753012208f,-0.004662105025481951f,-0.17358558230388013f,0.12499999999999999f,-4.336808689942018e-19f,0.9996395276708854f,-0.026847992810061082f,1.0625f,0.17364817766693022f,-0.02644011147216417f,-0.9844527570677497f,0.06250000000000001f,0f,0f,0f,1f], start_interpolation: 0, interpolation_duration: 1 }