# This file was generated by Animated Java via MC-Build. It is not recommended to edit this file directly.
$data merge entity $(bone_hammer) { transformation: [-0.000017049425769380305f,-0.00001169701643140454f,0.0000025543424429040042f,0.6887562881394719f,0.0000020393049078809513f,0.000001542627010119756f,0.00002067581474037044f,0.9208398118542673f,-0.000011797715635022788f,0.000017170552882446128f,-1.1746184077202339e-7f,-0.4738112875053843f,0f,0f,0f,1f], start_interpolation: 0, interpolation_duration: 1 }
$data merge entity $(bone_hand_left) { transformation: [-0.8183724369302546f,0.12260843725939206f,0.5614567887074178f,0.476790036654671f,0.09788663557828564f,0.992439107537781f,-0.07404609648574806f,1.0122592115334061f,-0.5662903504810938f,-0.0056381683570569385f,-0.8241865383574141f,-0.07663680793905064f,0f,0f,0f,1f], start_interpolation: 0, interpolation_duration: 1 }
$data merge entity $(bone_lowerarm_left) { transformation: [-0.8183724369302546f,-0.001819362855201151f,0.5746853438114089f,0.47598553714213676f,0.09788663557828564f,0.9849408465358045f,0.14251222895069948f,1.447787742110957f,-0.5662903504810938f,0.17288209492059547f,-0.8058703495028626f,-0.00019050659134983716f,0f,0f,0f,1f], start_interpolation: 0, interpolation_duration: 1 }
$data merge entity $(bone_arm_left) { transformation: [-0.8183724369302546f,-0.2669739551134622f,0.5089120373541102f,0.34375f,0.09788663557828564f,0.8078483768299678f,0.5812049609460935f,1.8479251412595505f,-0.5662903504810938f,0.5254578073872928f,-0.6349876625634064f,0.2600753136301686f,0f,0f,0f,1f], start_interpolation: 0, interpolation_duration: 1 }
$data merge entity $(bone_bread) { transformation: [0.000009560625000299143f,-0.0000029190380039607656f,2.7141616585571307e-7f,-0.2822085370358071f,0.0000026631270285088497f,0.000008260621298264015f,-0.000004966879321736395f,1.7753891928585164f,0.0000012256443340874522f,0.000004820928634412637f,0.000008675047150777891f,-0.3403450095865852f,0f,0f,0f,1f], start_interpolation: 0, interpolation_duration: 1 }
$data merge entity $(bone_hand_right) { transformation: [0.42284015418381604f,-0.8985301375764941f,0.11768515571886345f,-0.039013742710703736f,0.5349317879704325f,0.142662679083832f,-0.8327636772910907f,1.505329244332474f,0.7314739819218196f,0.4150794524707167f,0.5409758422591966f,0.4226783727744895f,0f,0f,0f,1f], start_interpolation: 0, interpolation_duration: 1 }
$data merge entity $(bone_lowerarm_right) { transformation: [0.0034880795443607087f,-0.9930448315280227f,0.11768515571886345f,-0.4781257541520012f,0.5451046984207215f,-0.09677564540872105f,-0.8327636772910907f,1.462536263628305f,0.8383607225179064f,0.0670554772647724f,0.5409758422591966f,0.45232946662750606f,0f,0f,0f,1f], start_interpolation: 0, interpolation_duration: 1 }
$data merge entity $(bone_arm_right) { transformation: [0.0034880795443607087f,0.2712948979724945f,-0.9624899540437738f,-0.34375f,0.5451046984207215f,0.8064077530224291f,0.2292758243360413f,1.8619601037972269f,0.8383607225179064f,-0.5254575284448885f,-0.1450713091546456f,0.19206378456964723f,0f,0f,0f,1f], start_interpolation: 0, interpolation_duration: 1 }
$data merge entity $(bone_uppertail) { transformation: [-0.9995468755281369f,0.025117103087595724f,-0.016588392159161938f,0.00257901374606748f,0.0035212615273170255f,0.6448864935427362f,0.7642702474670926f,1.2963577007453035f,0.02989388464544701f,0.7638655258477383f,-0.6446827235797182f,-0.6894409048984842f,0f,0f,0f,1f], start_interpolation: 0, interpolation_duration: 1 }
$data merge entity $(bone_middletail) { transformation: [-0.9995468755281369f,0.014471143373778726f,-0.026393742277187524f,0.01258466693908444f,0.0035212615273170255f,0.92704706192598f,0.37492845409713116f,1.1542473152424202f,0.02989388464544701f,0.3746656255701394f,-0.9266779508960711f,-0.3381474097788676f,0f,0f,0f,1f], start_interpolation: 0, interpolation_duration: 1 }
$data merge entity $(bone_tail) { transformation: [-0.9995468755281369f,0.00023840210211811854f,-0.03009961438917053f,0.021875000000000002f,0.0035212615273170255f,0.9940288462688542f,-0.10906077893847355f,1.183963326699228f,0.02989388464544701f,-0.10911734944475177f,-0.9935792669490224f,-0.03413190983446968f,0f,0f,0f,1f], start_interpolation: 0, interpolation_duration: 1 }
$data merge entity $(bone_hair) { transformation: [-0.6893654271085455f,0.1215537243668512f,1.21919163991175e-16f,0.12499999999999993f,0.12101226627251457f,0.6862946656620492f,0.09428207022618004f,2.3008314903821727f,0.011460336777009113f,0.06499479961014851f,-0.9955455244406785f,0.6047633147287745f,0f,0f,0f,1f], start_interpolation: 0, interpolation_duration: 1 }
$data merge entity $(bone_ear_left) { transformation: [-0.7112571526264372f,0.913413282500221f,0.020749129131800707f,0.08683161779835386f,0.2987449985433151f,0.3580615962632049f,0.9137224090525469f,2.3735755949828494f,0.6362897835759173f,0.8529173867577197f,-0.40580886244078235f,0.40866786990507503f,0f,0f,0f,1f], start_interpolation: 0, interpolation_duration: 1 }
$data merge entity $(bone_ear_right) { transformation: [-0.711257152626437f,-0.9134132825002212f,-0.02074912913180061f,-0.08683161779835397f,-0.2987449985433151f,0.3580615962632049f,0.9137224090525469f,2.3735755949828494f,-0.6362897835759175f,0.8529173867577194f,-0.40580886244078235f,0.408667869905075f,0f,0f,0f,1f], start_interpolation: 0, interpolation_duration: 1 }
$data merge entity $(bone_head) { transformation: [-1f,-1.1546223551947737e-17f,1.21919163991175e-16f,-3.525118442551148e-17f,0f,0.9955455244406785f,0.09428207022618004f,1.9708497991027716f,-1.2246467991473532e-16f,0.09428207022618004f,-0.9955455244406785f,0.28784776516833044f,0f,0f,0f,1f], start_interpolation: 0, interpolation_duration: 1 }
$data merge entity $(bone_body) { transformation: [-1f,-2.99585990177828e-17f,1.1874375845285628e-16f,-6.403984274441296e-18f,0f,0.969616370495806f,0.2446305256229073f,1.066084375f,-1.2246467991473532e-16f,0.2446305256229073f,-0.969616370495806f,0.0522925f,0f,0f,0f,1f], start_interpolation: 0, interpolation_duration: 1 }
$data merge entity $(bone_shoe_left) { transformation: [-0.9537169507482268f,-0.0015307493874474663f,-0.30070190332257096f,0.12867516243103594f,-5.421010862427522e-20f,0.9999870432106451f,-0.005090521665930538f,0.25069849644253794f,0.30070579950427295f,-0.004854916800949064f,-0.9537045936385918f,0.07569451483135103f,0f,0f,0f,1f], start_interpolation: 0, interpolation_duration: 1 }
$data merge entity $(bone_lowerleg_left) { transformation: [-0.984807753012208f,0f,-0.17364817766693022f,0.12652979629726782f,0f,1f,0f,0.6876034964425379f,0.17364817766693022f,-6.938893903907228e-18f,-0.984807753012208f,0.07117590592841355f,0f,0f,0f,1f], start_interpolation: 0, interpolation_duration: 1 }
$data merge entity $(bone_leg_left) { transformation: [-0.984807753012208f,-0.004079456792714211f,-0.17360025241721896f,0.12499999999999999f,0f,0.9997240094865656f,-0.02349265536514241f,1.0625f,0.17364817766693022f,-0.023135749142436095f,-0.98453595541482f,0.06250000000000001f,0f,0f,0f,1f], start_interpolation: 0, interpolation_duration: 1 }