# This file was generated by Animated Java via MC-Build. It is not recommended to edit this file directly.
$data merge entity $(bone_hammer) { transformation: [-0.000017049425769380305f,-0.000011710998139692128f,0.0000024894540132920993f,0.6893098441238339f,0.0000019220956253587387f,0.0000015983501874354095f,0.000020682809356155653f,0.9169054274237252f,-0.000011817377336750545f,0.000017155919591448038f,-2.2758213990088686e-7f,-0.47293393276567486f,0f,0f,0f,1f], start_interpolation: 0, interpolation_duration: 1 }
$data merge entity $(bone_hand_left) { transformation: [-0.8183724369302546f,0.11949379263802062f,0.5621279107052221f,0.4768448251949422f,0.09226059001721945f,0.9927748490954712f,-0.07672080899689943f,1.0097968969931803f,-0.5672341121640261f,-0.010923942715242385f,-0.8234841403895057f,-0.07636797830441167f,0f,0f,0f,1f], start_interpolation: 0, interpolation_duration: 1 }
$data merge entity $(bone_lowerarm_left) { transformation: [-0.8183724369302546f,-0.005005435348753806f,0.5746664250587517f,0.4746314842516651f,0.09226059001721945f,0.9858475434213108f,0.13997358557899814f,1.4457263575997912f,-0.5672341121640261f,0.16756958777515712f,-0.8063286521328341f,-0.0022708012100843833f,0f,0f,0f,1f], start_interpolation: 0, interpolation_duration: 1 }
$data merge entity $(bone_arm_left) { transformation: [-0.8183724369302546f,-0.264240220571185f,0.5103368106508954f,0.34375f,0.09226059001721945f,0.8160965021696479f,0.5705037096076944f,1.849949156330695f,-0.5672341121640261f,0.5139684863675569f,-0.6434919245946538f,0.2523042146938462f,0f,0f,0f,1f], start_interpolation: 0, interpolation_duration: 1 }
$data merge entity $(bone_bread) { transformation: [0.00000951413031889106f,-0.000003067465074512318f,2.682951579978397e-7f,-0.27680353315763745f,0.00000282640539895579f,0.00000835416727386247f,-0.000004713737549024012f,1.7624570980044907f,0.0000012217842673367135f,0.000004560542421354335f,0.000008815253599705232f,-0.34507687738096815f,0f,0f,0f,1f], start_interpolation: 0, interpolation_duration: 1 }
$data merge entity $(bone_hand_right) { transformation: [0.4098017611920493f,-0.9036441709697348f,0.12445773899728124f,-0.03613570142458755f,0.5612282109764726f,0.1422192754520209f,-0.8153505828133383f,1.517555046520308f,0.7190865119914589f,0.40398129902549057f,0.5654323109883573f,0.4271813344641401f,0f,0f,0f,1f], start_interpolation: 0, interpolation_duration: 1 }
$data merge entity $(bone_lowerarm_right) { transformation: [-0.010490001457656873f,-0.9921694568334096f,0.12445773899728124f,-0.47486063311811083f,0.5687499608901797f,-0.10829085415384254f,-0.8153505828133383f,1.4696701844491558f,0.8224435797407851f,0.06223230538497057f,0.5654323109883573f,0.45469968200155675f,0f,0f,0f,1f], start_interpolation: 0, interpolation_duration: 1 }
$data merge entity $(bone_arm_right) { transformation: [-0.010490001457656873f,0.264702855506596f,-0.9642729686951057f,-0.34375f,0.5687499608901797f,0.7947268310437319f,0.2119734559009847f,1.8633083179505043f,0.8224435797407851f,-0.546206611371413f,-0.1588864243329832f,0.18415671980665368f,0f,0f,0f,1f], start_interpolation: 0, interpolation_duration: 1 }
$data merge entity $(bone_uppertail) { transformation: [-0.9995468755281369f,0.024579912758781707f,-0.017374449939774682f,0.0023870011630954553f,0.003817826612030342f,0.6760780876571454f,0.7368200890243274f,1.2701348059325503f,0.02985745839651341f,0.7364198851732806f,-0.6758655819757894f,-0.6950579268195075f,0f,0f,0f,1f], start_interpolation: 0, interpolation_duration: 1 }
$data merge entity $(bone_middletail) { transformation: [-0.9995468755281369f,0.013663854169351647f,-0.026820565079389132f,0.012554439236271166f,0.003817826612030342f,0.9413856834844848f,0.3373105677716159f,1.1422849336110938f,0.02985745839651341f,0.33705532783163067f,-0.941011284819907f,-0.33833166225889433f,0f,0f,0f,1f], start_interpolation: 0, interpolation_duration: 1 }
$data merge entity $(bone_tail) { transformation: [-0.9995468755281369f,-0.00033619419122502995f,-0.030098680957889878f,0.021875000000000002f,0.003817826612030342f,0.9904458717328573f,-0.1378491906661076f,1.1819491092223782f,0.02985745839651341f,-0.13790163936953836f,-0.9899957929391893f,-0.03371948174173559f,0f,0f,0f,1f], start_interpolation: 0, interpolation_duration: 1 }
$data merge entity $(bone_hair) { transformation: [-0.6893654271085455f,0.1215537243668512f,1.2196958388395394e-16f,0.12499999999999994f,0.1210623111160868f,0.686578484073566f,0.08982865815239863f,2.3045391997327385f,0.010919007953300681f,0.06192477129381582f,-0.995957234109246f,0.594291671757175f,0f,0f,0f,1f], start_interpolation: 0, interpolation_duration: 1 }
$data merge entity $(bone_ear_left) { transformation: [-0.6915275004193149f,0.9166831359354264f,-0.1567356509073431f,0.09403326388888888f,0.21786141244988305f,0.5336145759167003f,0.8854651466285313f,2.378761931132771f,0.6887133809714723f,0.7516299040490824f,-0.437476182026822f,0.39664554179429606f,0f,0f,0f,1f], start_interpolation: 0, interpolation_duration: 1 }
$data merge entity $(bone_ear_right) { transformation: [-0.6915275004193147f,-0.9166831359354266f,0.1567356509073432f,-0.09403326388888897f,-0.21786141244988305f,0.5336145759167003f,0.8854651466285313f,2.378761931132771f,-0.6887133809714725f,0.7516299040490821f,-0.4374761820268219f,0.396645541794296f,0f,0f,0f,1f], start_interpolation: 0, interpolation_duration: 1 }
$data merge entity $(bone_head) { transformation: [-1f,-1.1000837867803673e-17f,1.2196958388395394e-16f,-3.4149900438528526e-17f,0f,0.995957234109246f,0.08982865815239863f,1.9731434383173894f,-1.2246467991473532e-16f,0.08982865815239863f,-0.995957234109246f,0.27885509897470045f,0f,0f,0f,1f], start_interpolation: 0, interpolation_duration: 1 }
$data merge entity $(bone_body) { transformation: [-1f,-2.877842532117804e-17f,1.190352891484368e-16f,-6.403984274441296e-18f,0f,0.9719968992799703f,0.23499367606410845f,1.066084375f,-1.2246467991473532e-16f,0.23499367606410845f,-0.9719968992799703f,0.0522925f,0f,0f,0f,1f], start_interpolation: 0, interpolation_duration: 1 }
$data merge entity $(bone_shoe_left) { transformation: [-0.9537169507482268f,-0.0013120724069541337f,-0.30070293700179074f,0.1284566521099402f,-5.421010862427522e-20f,0.9999904807207345f,-0.004363309284746568f,0.25067103913068123f,0.3007057995042729f,-0.004161362026219924f,-0.9537078720502326f,0.07445528121992202f,0f,0f,0f,1f], start_interpolation: 0, interpolation_duration: 1 }
$data merge entity $(bone_lowerleg_left) { transformation: [-0.984807753012208f,4.336808689942018e-19f,-0.17364817766693022f,0.12631128597617208f,0f,1f,0f,0.6875760391306812f,0.1736481776669302f,0f,-0.984807753012208f,0.06993667231698455f,0f,0f,0f,1f], start_interpolation: 0, interpolation_duration: 1 }
$data merge entity $(bone_leg_left) { transformation: [-0.984807753012208f,-0.0034967626031256176f,-0.17361296684966576f,0.12499999999999999f,0f,0.9997972289848501f,-0.02013705326544032f,1.0625f,0.1736481776669302f,-0.019831126178625428f,-0.9846080625444023f,0.06250000000000001f,0f,0f,0f,1f], start_interpolation: 0, interpolation_duration: 1 }