# This file was generated by Animated Java via MC-Build. It is not recommended to edit this file directly.
$data merge entity $(bone_hammer) { transformation: [-0.00001704942576938031f,-0.000011735001670582797f,0.000002373730082293988f,0.686876892289918f,0.000001696687974722959f,0.0000017206106260086189f,0.00002069271675657584f,0.9056711191108616f,-0.000011851839883688902f,0.000017127668044508076f,-4.52389772558847e-7f,-0.4666778549506141f,0f,0f,0f,1f], start_interpolation: 0, interpolation_duration: 1 }
$data merge entity $(bone_hand_left) { transformation: [-0.8183724369302547f,0.11393904395011129f,0.5632800801879742f,0.47354262477116f,0.08144102278670201f,0.9932504043156403f,-0.08258931004841347f,1.0017113070278416f,-0.5688883144170672f,-0.021714709082824468f,-0.8221280661363876f,-0.07133049093751465f,0f,0f,0f,1f], start_interpolation: 0, interpolation_duration: 1 }
$data merge entity $(bone_lowerarm_left) { transformation: [-0.8183724369302547f,-0.010677889431352505f,0.5745890158627537f,0.4688209955382338f,0.08144102278670201f,0.9875820021859119f,0.1343471204228855f,1.4384077236194244f,-0.5688883144170672f,0.15674109746890635f,-0.8073402715608524f,-0.0020215369004826234f,0f,0f,0f,1f], start_interpolation: 0, interpolation_duration: 1 }
$data merge entity $(bone_arm_left) { transformation: [-0.8183724369302547f,-0.25250926543996727f,0.5162418283516013f,0.34375f,0.08144102278670201f,0.8382757124153495f,0.5391300304954214f,1.8536161624251521f,-0.5688883144170672f,0.48325241938505203f,-0.6654571247482454f,0.23733942707617597f,0f,0f,0f,1f], start_interpolation: 0, interpolation_duration: 1 }
$data merge entity $(bone_bread) { transformation: [0.000009286994315611357f,-0.0000036912730651445404f,-3.553023224535137e-7f,-0.22852478975440088f,0.0000031648036003517386f,0.000008388716495614104f,-0.000004428707907213178f,1.7495333238660407f,0.000001932810066458443f,0.000004000492309047765f,0.00000895881166964942f,-0.3421435085087873f,0f,0f,0f,1f], start_interpolation: 0, interpolation_duration: 1 }
$data merge entity $(bone_hand_right) { transformation: [0.32976600790382277f,-0.9388614848968307f,0.0989620745967571f,-0.048284493581262355f,0.5959223643369984f,0.12570970512498109f,-0.7931416050872581f,1.5363634012677774f,0.7322096118695641f,0.3205248542854494f,0.6009433434784961f,0.455573725571888f,0f,0f,0f,1f], start_interpolation: 0, interpolation_duration: 1 }
$data merge entity $(bone_lowerarm_right) { transformation: [-0.09791050789916654f,-0.9902626117522733f,0.0989620745967571f,-0.48616624221547067f,0.5932162963317688f,-0.13791598908765865f,-0.7931416050872581f,1.4753786748430784f,0.7990669297432766f,-0.018950982020457058f,0.6009433434784961f,0.44719383820971714f,0f,0f,0f,1f], start_interpolation: 0, interpolation_duration: 1 }
$data merge entity $(bone_arm_right) { transformation: [-0.09791050789916654f,0.28752805999337916f,-0.952754505189753f,-0.34375f,0.5932162963317688f,0.785545459405359f,0.1761043922622107f,1.8644691602047954f,0.7990669297432766f,-0.547947028392405f,-0.24747948574899364f,0.175788825709104f,0f,0f,0f,1f], start_interpolation: 0, interpolation_duration: 1 }
$data merge entity $(bone_uppertail) { transformation: [-0.9995468755281369f,0.022085249699090065f,-0.020452026003990355f,0.0018433466414987127f,0.004385762131857505f,0.7790623441411654f,0.6269311198463473f,1.193730905027408f,0.02977933364704154f,0.6265573442926045f,-0.778806192579731f,-0.7059500702498773f,0f,0f,0f,1f], start_interpolation: 0, interpolation_duration: 1 }
$data merge entity $(bone_middletail) { transformation: [-0.9995468755281369f,0.010825712551319722f,-0.028086430348039145f,0.01249059551405201f,0.004385762131857505f,0.9755078509996771f,0.21992088970471746f,1.1103819197216447f,0.02977933364704154f,0.21969805776507892f,-0.9751133035200527f,-0.33629864360999706f,0f,0f,0f,1f], start_interpolation: 0, interpolation_duration: 1 }
$data merge entity $(bone_tail) { transformation: [-0.9995468755281369f,-0.0020584107867080673f,-0.030030094355033576f,0.021875000000000002f,0.004385762131857505f,0.9770529458038711f,-0.2129514174324751f,1.1769292376692932f,0.02977933364704154f,-0.21298662878455693f,-0.9766011915037415f,-0.03111077126507781f,0f,0f,0f,1f], start_interpolation: 0, interpolation_duration: 1 }
$data merge entity $(bone_hair) { transformation: [-0.6893654271085455f,0.1215537243668512f,1.21998664834562e-16f,0.12499999999999993f,0.12109117574756259f,0.6867421835332846f,0.0871557427476582f,2.3095347795220587f,0.010594105130936952f,0.06008215582420193f,-0.9961946980917454f,0.5760854473513444f,0f,0f,0f,1f], start_interpolation: 0, interpolation_duration: 1 }
$data merge entity $(bone_ear_left) { transformation: [-0.6541658133770627f,0.8658321327612478f,-0.35843850836126145f,0.10277811985596705f,0.14033932240234037f,0.7443268497891784f,0.8077629195273468f,2.3851935374622935f,0.743217305501142f,0.6215402308467464f,-0.4680180568743164f,0.37477651659727473f,0f,0f,0f,1f], start_interpolation: 0, interpolation_duration: 1 }
$data merge entity $(bone_ear_right) { transformation: [-0.6541658133770625f,-0.865832132761248f,0.35843850836126157f,-0.10277811985596713f,-0.14033932240234037f,0.7443268497891784f,0.8077629195273468f,2.3851935374622935f,-0.7432173055011421f,0.6215402308467461f,-0.4680180568743163f,0.3747765165972747f,0f,0f,0f,1f], start_interpolation: 0, interpolation_duration: 1 }
$data merge entity $(bone_head) { transformation: [-1f,-1.0673500138322977e-17f,1.21998664834562e-16f,-3.2029325568007583e-17f,0f,0.9961946980917454f,0.0871557427476582f,1.9772937559989487f,-1.2246467991473532e-16f,0.0871557427476582f,-0.9961946980917454f,0.261539291086276f,0f,0f,0f,1f], start_interpolation: 0, interpolation_duration: 1 }
$data merge entity $(bone_body) { transformation: [-1f,-2.6506208041798655e-17f,1.195617780139768e-16f,-6.403984274441296e-18f,0f,0.9762960071199334f,0.21643961393810288f,1.066084375f,-1.2246467991473532e-16f,0.21643961393810288f,-0.9762960071199334f,0.0522925f,0f,0f,0f,1f], start_interpolation: 0, interpolation_duration: 1 }
$data merge entity $(bone_shoe_left) { transformation: [-0.9537169507482268f,-0.001093394732571752f,-0.30070381165436333f,0.12823812701664863f,1.878802802080774e-19f,0.9999933893861942f,-0.003636094596027954f,0.2506478054971663f,0.30070579950427295f,-0.003467805050755886f,-0.9537106460937854f,0.07321596383120729f,0f,0f,0f,1f], start_interpolation: 0, interpolation_duration: 1 }
$data merge entity $(bone_lowerleg_left) { transformation: [-0.984807753012208f,4.336808689942018e-19f,-0.17364817766693022f,0.12609276088288052f,2.168404344971009e-19f,0.9999999999999999f,0f,0.6875528054971662f,0.17364817766693022f,0f,-0.984807753012208f,0.06869735492826982f,0f,0f,0f,1f], start_interpolation: 0, interpolation_duration: 1 }
$data merge entity $(bone_leg_left) { transformation: [-0.984807753012208f,-0.002914029021014775f,-0.17362372545798702f,0.12499999999999999f,2.168404344971009e-19f,0.9998591853408901f,-0.016781224313243838f,1.0625f,0.17364817766693022f,-0.0165262798087195f,-0.984669077644179f,0.06250000000000001f,0f,0f,0f,1f], start_interpolation: 0, interpolation_duration: 1 }