# This file was generated by Animated Java via MC-Build. It is not recommended to edit this file directly.
$data merge entity $(bone_hammer) { transformation: [-0.000017049425769380305f,-0.000011765454741281704f,0.000002217866867740379f,0.6811049459386989f,0.000001381710319447411f,0.0000018999258053113224f,0.00002070045739362352f,0.8886109501399296f,-0.000011892675699997086f,0.000017087777340629824f,-7.74537300286325e-7f,-0.45435469636649733f,0f,0f,0f,1f], start_interpolation: 0, interpolation_duration: 1 }
$data merge entity $(bone_hand_left) { transformation: [-0.8183724369302546f,0.10645760965153805f,0.5647418275815217f,0.46664073448857873f,0.06632209533347572f,0.9936219548939287f,-0.09119643865494324f,0.9892170195346486f,-0.57084843359986f,-0.03717779041374342f,-0.8202133123502313f,-0.06075809268066366f,0f,0f,0f,1f], start_interpolation: 0, interpolation_duration: 1 }
$data merge entity $(bone_lowerarm_left) { transformation: [-0.8183724369302546f,-0.018298363906114112f,0.5743968352552056f,0.4585494266988439f,0.06632209533347572f,0.9898076691246509f,0.12602443339528596f,1.426897598225705f,-0.57084843359986f,0.1412301243374972f,-0.8088177284383679f,0.0016921029248233854f,0f,0f,0f,1f], start_interpolation: 0, interpolation_duration: 1 }
$data merge entity $(bone_arm_left) { transformation: [-0.8183724369302546f,-0.23177171320902243f,0.5258787193155766f,0.34375f,0.06632209533347572f,0.870864328447078f,0.48702843973324295f,1.8582475859096483f,-0.57084843359986f,0.4334480296351275f,-0.6973197770478132f,0.2163843301034725f,0f,0f,0f,1f], start_interpolation: 0, interpolation_duration: 1 }
$data merge entity $(bone_bread) { transformation: [0.000007955860952284243f,-0.000003814788742234036f,-0.000004706555360350431f,0.09903452805893292f,0.0000015349123846388388f,0.000008784361772865447f,-0.00000452537647217362f,1.6805014106082927f,0.000005860744020975599f,0.0000028779115857761727f,0.000007574252730471441f,-0.19216864958898738f,0f,0f,0f,1f], start_interpolation: 0, interpolation_duration: 1 }
$data merge entity $(bone_hand_right) { transformation: [0.07127176723222906f,-0.9587438513962824f,-0.2751918650785634f,-0.10472042498627249f,0.5150753500547777f,0.2716380945922153f,-0.8129637933710571f,1.4210741014385697f,0.8541766321795178f,-0.08380317998819634f,0.5131854519199884f,0.5859458382474467f,0f,0f,0f,1f], start_interpolation: 0, interpolation_duration: 1 }
$data merge entity $(bone_lowerarm_right) { transformation: [-0.2565185509572174f,-0.9131636330671645f,-0.31674976283872175f,-0.5085099689831593f,0.5889581503572596f,0.1121696442046296f,-0.8003413447065959f,1.4706741159853043f,0.7663723182256552f,-0.3918547564628811f,0.5090415697119943f,0.41267256312401646f,0f,0f,0f,1f], start_interpolation: 0, interpolation_duration: 1 }
$data merge entity $(bone_arm_right) { transformation: [-0.2565185509572174f,0.3326384231836654f,-0.907496508222866f,-0.34375f,0.5889581503572596f,0.798261818622672f,0.12612044266089406f,1.8660631730218464f,0.7663723182256552f,-0.5021252317411554f,-0.4006790754535679f,0.16396365927722537f,0f,0f,0f,1f], start_interpolation: 0, interpolation_duration: 1 }
$data merge entity $(bone_uppertail) { transformation: [-0.9995468755281369f,0.016879269661124408f,-0.024922557606435594f,0.0012821307626543783f,0.005174142314953368f,0.912001098250033f,0.41015512314493663f,1.0686882120448398f,0.029652518834724046f,0.40984031896147133f,-0.9116751839774492f,-0.7065014430529095f,0f,0f,0f,1f], start_interpolation: 0, interpolation_duration: 1 }
$data merge entity $(bone_middletail) { transformation: [-0.9995468755281369f,0.005845943066930391f,-0.02952742067294846f,0.012475535565778444f,0.005174142314953368f,0.9997271777141002f,0.022777146245836266f,1.0600731926886036f,0.029652518834724046f,0.02261404628671765f,-0.9993044246060849f,-0.32768343449555726f,0f,0f,0f,1f], start_interpolation: 0, interpolation_duration: 1 }
$data merge entity $(bone_tail) { transformation: [-0.9995468755281369f,-0.004833878916366669f,-0.02970988449255502f,0.021875f,0.005174142314953368f,0.9447371456476934f,-0.3277879709274784f,1.1694372834592193f,0.029652518834724046f,-0.32779316534679426f,-0.9442840509500758f,-0.026097927142330758f,0f,0f,0f,1f], start_interpolation: 0, interpolation_duration: 1 }
$data merge entity $(bone_hair) { transformation: [-0.6893654271085455f,0.1215537243668512f,1.2199866483456202e-16f,0.12499999999999993f,0.12109117574756259f,0.6867421835332846f,0.08715574274765814f,2.3147646071524095f,0.010594105130936945f,0.060082155824201885f,-0.9961946980917454f,0.5518411764838311f,0f,0f,0f,1f], start_interpolation: 0, interpolation_duration: 1 }
$data merge entity $(bone_ear_left) { transformation: [-0.602578991529317f,0.7441977913707567f,-0.5560470223900719f,0.1122945807613168f,0.07012665363443732f,0.9516459920281862f,0.6776477382084027f,2.3920641819616653f,0.7949722079529239f,0.4801453458855732f,-0.4812538330155625f,0.3456596848859847f,0f,0f,0f,1f], start_interpolation: 0, interpolation_duration: 1 }
$data merge entity $(bone_ear_right) { transformation: [-0.6025789915293168f,-0.7441977913707567f,0.5560470223900721f,-0.11229458076131689f,-0.07012665363443732f,0.9516459920281862f,0.6776477382084027f,2.3920641819616653f,-0.7949722079529241f,0.480145345885573f,-0.48125383301556235f,0.34565968488598464f,0f,0f,0f,1f], start_interpolation: 0, interpolation_duration: 1 }
$data merge entity $(bone_head) { transformation: [-1f,-1.0673500138322969e-17f,1.2199866483456202e-16f,-2.906025869645144e-17f,0f,0.9961946980917454f,0.08715574274765814f,1.9825235836292996f,-1.2246467991473532e-16f,0.08715574274765814f,-0.9961946980917454f,0.23729502021876284f,0f,0f,0f,1f], start_interpolation: 0, interpolation_duration: 1 }
$data merge entity $(bone_body) { transformation: [-1f,-2.332539828876164e-17f,1.202228082407378e-16f,-6.403984274441296e-18f,0f,0.9816937285463988f,0.19046633123119f,1.066084375f,-1.2246467991473532e-16f,0.19046633123119f,-0.9816937285463988f,0.0522925f,0f,0f,0f,1f], start_interpolation: 0, interpolation_duration: 1 }
$data merge entity $(bone_shoe_left) { transformation: [-0.9537169507482268f,-0.0008747164799479343f,-0.30070452727982616f,0.1280195896129396f,2.710505431213761e-20f,0.9999957692054863f,-0.002908877984361937f,0.25062879580372965f,0.300705799504273f,-0.0027742462413443167f,-0.953712915767784f,0.07197657662664585f,0f,0f,0f,1f], start_interpolation: 0, interpolation_duration: 1 }
$data merge entity $(bone_lowerleg_left) { transformation: [-0.984807753012208f,0f,-0.17364817766693022f,0.1258742234791715f,0f,1f,0f,0.6875337958037296f,0.17364817766693022f,-1.734723475976807e-18f,-0.9848077530122081f,0.06745796772370838f,0f,0f,0f,1f], start_interpolation: 0, interpolation_duration: 1 }
$data merge entity $(bone_leg_left) { transformation: [-0.984807753012208f,-0.0023312626111240396f,-0.17363252812098237f,0.12499999999999999f,0f,0.999909877856721f,-0.013425206313397485f,1.0625f,0.17364817766693022f,-0.013221247263222288f,-0.9847190000267888f,0.06250000000000001f,0f,0f,0f,1f], start_interpolation: 0, interpolation_duration: 1 }