# This file was generated by Animated Java via MC-Build. It is not recommended to edit this file directly.
$data merge entity $(bone_hammer) { transformation: [-0.000017049425769380305f,-0.000011806558359346011f,0.000001987470356892257f,0.6721896169782418f,9.158243309498663e-7f,0.000002162147225743227f,0.000020700583637830822f,0.865915097492343f,-0.000011937592910926762f,0.000017028155415644574f,-0.0000012504304904405825f,-0.4345303156911359f,0f,0f,0f,1f], start_interpolation: 0, interpolation_duration: 1 }
$data merge entity $(bone_hand_left) { transformation: [-0.8183724369302546f,0.0953985771308282f,0.5667148012486084f,0.45614021230267865f,0.043959567885593576f,0.9936280146158792f,-0.10378306683567468f,0.9731752689306128f,-0.5730044597244844f,-0.06002066354114777f,-0.8173514599509394f,-0.04356653733389767f,0f,0f,0f,1f], start_interpolation: 0, interpolation_duration: 1 }
$data merge entity $(bone_lowerarm_left) { transformation: [-0.8183724369302546f,-0.029522282857506965f,0.5739294288392238f,0.4430858278516248f,0.043959567885593576f,0.9925378301512154f,0.11373747012321417f,1.4120630907006033f,-0.5730044597244844f,0.11830930028361455f,-0.8109678160089051f,0.00874835638526314f,0f,0f,0f,1f], start_interpolation: 0, interpolation_duration: 1 }
$data merge entity $(bone_arm_left) { transformation: [-0.8183724369302546f,-0.20055182910107217f,0.5385587417515852f,0.34375f,0.043959567885593576f,0.9125406275915401f,0.406616722954369f,1.864055870304538f,-0.5730044597244844f,0.3564387280291698f,-0.7379819254540041f,0.18529691386221134f,0f,0f,0f,1f], start_interpolation: 0, interpolation_duration: 1 }
$data merge entity $(bone_bread) { transformation: [0.000004355949318567969f,-0.000003958584331589984f,-0.000008084263455860254f,0.3227100375920104f,-2.925427959051199e-7f,0.000008914088545225442f,-0.0000045225484099614265f,1.5893160644103226f,0.000008996672954299904f,0.000002206498469877304f,0.000003767126259603974f,0.09302524091220521f,0f,0f,0f,1f], start_interpolation: 0, interpolation_duration: 1 }
$data merge entity $(bone_hand_right) { transformation: [-0.2959347120451704f,-0.7792821702473274f,-0.5523965471845003f,-0.24469856014778574f,0.40759443857012556f,0.4199879449524851f,-0.8108494926564933f,1.2846355782059389f,0.863880443032163f,-0.4651122716390143f,0.19334206711771168f,0.6402893913475061f,0f,0f,0f,1f], start_interpolation: 0, interpolation_duration: 1 }
$data merge entity $(bone_lowerarm_right) { transformation: [-0.47431582378151266f,-0.6267668281470968f,-0.6182134279072987f,-0.5218470169690801f,0.5202840251104803f,0.3669024366120446f,-0.771159604247384f,1.4468752493953274f,0.7101612721947757f,-0.6874197736045804f,0.1520691366850139f,0.33632096020673063f,0f,0f,0f,1f], start_interpolation: 0, interpolation_duration: 1 }
$data merge entity $(bone_arm_right) { transformation: [-0.47431582378151266f,0.35956495539498806f,-0.8035779627156692f,-0.34375f,0.5202840251104803f,0.8508156962739469f,0.07360152300541117f,1.8682948989560169f,0.7101612721947757f,-0.38317840991590213f,-0.5906312501459932f,0.1465279040452603f,0f,0f,0f,1f], start_interpolation: 0, interpolation_duration: 1 }
$data merge entity $(bone_uppertail) { transformation: [-0.9995468755281369f,0.007698038766158289f,-0.029099550187138286f,0.001271102816184276f,0.006329169671582654f,0.9988821777413203f,0.04684374666938668f,0.8855398247589087f,0.029427627040034574f,0.04663834463091587f,-0.9984782819755674f,-0.6686582223537401f,0f,0f,0f,1f], start_interpolation: 0, interpolation_duration: 1 }
$data merge entity $(bone_middletail) { transformation: [-0.9995468755281369f,-0.0017648076907142924f,-0.03004877827389745f,0.012661997052077158f,0.006329169671582654f,0.9636396227447268f,-0.2671303410091579f,0.9868225988592771f,0.029427627040034574f,-0.2671994815305888f,-0.9631918042822921f,-0.30353544618660794f,0f,0f,0f,1f], start_interpolation: 0, interpolation_duration: 1 }
$data merge entity $(bone_tail) { transformation: [-0.9995468755281369f,-0.00884133843918919f,-0.028772805851059634f,0.021875000000000002f,0.006329169671582654f,0.8727862603034947f,-0.48806155906474413f,1.1590336961501893f,0.029427627040034574f,-0.48802251439871513f,-0.8723348211591399f,-0.018107571036593377f,0f,0f,0f,1f], start_interpolation: 0, interpolation_duration: 1 }
$data merge entity $(bone_hair) { transformation: [-0.6893654271085455f,0.1215537243668512f,1.21998664834562e-16f,0.12499999999999993f,0.12109117574756259f,0.6867421835332846f,0.08715574274765814f,2.32129523195952f,0.010594105130936945f,0.060082155824201885f,-0.9961946980917454f,0.5158804026543127f,0f,0f,0f,1f], start_interpolation: 0, interpolation_duration: 1 }
$data merge entity $(bone_ear_left) { transformation: [-0.5423569313198497f,0.5606260571655264f,-0.7210212862044975f,0.12181104166666663f,0.012511195377504392f,1.1209352211076613f,0.5063149698912488f,2.3999703291622825f,0.8400550154838321f,0.34525737371901855f,-0.47304699143323564f,0.3042406238957541f,0f,0f,0f,1f], start_interpolation: 0, interpolation_duration: 1 }
$data merge entity $(bone_ear_right) { transformation: [-0.5423569313198495f,-0.5606260571655264f,0.7210212862044977f,-0.12181104166666672f,-0.012511195377504392f,1.1209352211076613f,0.5063149698912488f,2.3999703291622825f,-0.8400550154838323f,0.3452573737190184f,-0.4730469914332355f,0.3042406238957541f,0f,0f,0f,1f], start_interpolation: 0, interpolation_duration: 1 }
$data merge entity $(bone_head) { transformation: [-1f,-1.0673500138322967e-17f,1.21998664834562e-16f,-2.4656334039933266e-17f,0f,0.9961946980917454f,0.08715574274765814f,1.9890542084364102f,-1.2246467991473532e-16f,0.08715574274765814f,-0.9961946980917454f,0.20133424638924435f,0f,0f,0f,1f], start_interpolation: 0, interpolation_duration: 1 }
$data merge entity $(bone_body) { transformation: [-1f,-1.8608616157292868e-17f,1.210426256792586e-16f,-6.403984274441296e-18f,0f,0.9883880459536023f,0.15195088224824424f,1.066084375f,-1.2246467991473532e-16f,0.15195088224824424f,-0.9883880459536023f,0.0522925f,0f,0f,0f,1f], start_interpolation: 0, interpolation_duration: 1 }
$data merge entity $(bone_shoe_left) { transformation: [-0.9537169507482268f,-0.0006560377647305969f,-0.30070508387780087f,0.1278010423607302f,-2.710505431213761e-20f,0.9999976201773518f,-0.002181659834336767f,0.2506140102645239f,0.300705799504273f,-0.0020806859647735433f,-0.9537146810710275f,0.07073713356846316f,0f,0f,0f,1f], start_interpolation: 0, interpolation_duration: 1 }
$data merge entity $(bone_lowerleg_left) { transformation: [-0.984807753012208f,4.336808689942018e-19f,-0.17364817766693022f,0.12565567622696208f,0f,1f,0f,0.6875190102645239f,0.17364817766693025f,0f,-0.984807753012208f,0.06621852466552569f,0f,0f,0f,1f], start_interpolation: 0, interpolation_duration: 1 }
$data merge entity $(bone_leg_left) { transformation: [-0.984807753012208f,-0.0017484699385655934f,-0.17363937473948615f,0.12499999999999999f,0f,0.9999493059612697f,-0.01006903707287551f,1.0625f,0.17364817766693025f,-0.009916065774735153f,-0.984757829129835f,0.06250000000000001f,0f,0f,0f,1f], start_interpolation: 0, interpolation_duration: 1 }