# This file was generated by Animated Java via MC-Build. It is not recommended to edit this file directly.
$data merge entity $(bone_hammer) { transformation: [-0.000017049425769380305f,-0.000011846803131090329f,0.0000017315063630714476f,0.6618052450292593f,3.984191399533564e-7f,0.000002449884791230965f,0.000020684948742416356f,0.8443809773225324f,-0.000011966040318379652f,0.000016961105443356617f,-0.0000017783585172931394f,-0.4106389167222722f,0f,0f,0f,1f], start_interpolation: 0, interpolation_duration: 1 }
$data merge entity $(bone_hand_left) { transformation: [-0.8183724369302546f,0.08311230542742935f,0.5686465502923357f,0.4441126245867948f,0.019124118717761103f,0.992877539635985f,-0.11759446997908608f,0.9589080427135499f,-0.5743699352822232f,-0.08536120883007049f,-0.8141330612811176f,-0.022659226631650688f,0f,0f,0f,1f], start_interpolation: 0, interpolation_duration: 1 }
$data merge entity $(bone_lowerarm_left) { transformation: [-0.8183724369302546f,-0.041935427881175505f,0.5731561518131503f,0.4255693025705875f,0.019124118717761103f,0.9947944791892047f,0.10009101986665939f,1.3987937264800263f,-0.5743699352822232f,0.09287283813420233f,-0.8133104040775534f,0.018407981480816904f,0f,0f,0f,1f], start_interpolation: 0, interpolation_duration: 1 }
$data merge entity $(bone_arm_left) { transformation: [-0.8183724369302546f,-0.16518723547374128f,0.5504359469632947f,0.34375f,0.019124118717761103f,0.9494408898206057f,0.3133628325438828f,1.869063667219295f,-0.5743699352822232f,0.266974107308554f,-0.7738371944218599f,0.15064359400708505f,0f,0f,0f,1f], start_interpolation: 0, interpolation_duration: 1 }
$data merge entity $(bone_bread) { transformation: [1.5970032089308785e-7f,-0.000004032904325030446f,-0.000009149326669906227f,0.3897947012084632f,-0.0000030306367674336266f,0.00000870051225232258f,-0.0000038879721360966825f,1.4384370670622366f,0.000009528364843528303f,0.0000028349196200836866f,-0.0000010832793528349207f,0.35125555178164053f,0f,0f,0f,1f], start_interpolation: 0, interpolation_duration: 1 }
$data merge entity $(bone_hand_right) { transformation: [-0.6084690066961614f,-0.488612893858822f,-0.6253182452520428f,-0.3702810909921926f,0.24315182189414458f,0.6352849794931582f,-0.733000809235526f,1.1135387318282346f,0.7554089352130703f,-0.5980555448997068f,-0.2677441050984504f,0.5273425407591696f,0f,0f,0f,1f], start_interpolation: 0, interpolation_duration: 1 }
$data merge entity $(bone_lowerarm_right) { transformation: [-0.6691726228880711f,-0.2910331747014344f,-0.6837453414834382f,-0.4989723229304831f,0.36544403810247905f,0.6722805945316728f,-0.6438085563515714f,1.4108128072227086f,0.6470383727356926f,-0.6806897189170298f,-0.34351543017483493f,0.2263500556755455f,0f,0f,0f,1f], start_interpolation: 0, interpolation_duration: 1 }
$data merge entity $(bone_arm_right) { transformation: [-0.6691726228880711f,0.3133826078091772f,-0.6737947327634869f,-0.34375f,0.36544403810247905f,0.9282865191130135f,0.06880983540453141f,1.8706047237208732f,0.6470383727356926f,-0.20018860995512266f,-0.7357077304553641f,0.1271941348071488f,0f,0f,0f,1f], start_interpolation: 0, interpolation_duration: 1 }
$data merge entity $(bone_uppertail) { transformation: [-0.9995468755281369f,-0.0034284009302893792f,-0.029904676707836968f,0.0024130815918152384f,0.007596594269724803f,0.9326009566936218f,-0.36082924954837414f,0.6973436354852741f,0.029126197442169485f,-0.3608929226809565f,-0.9321523282067995f,-0.5746993213615269f,0f,0f,0f,1f], start_interpolation: 0, interpolation_duration: 1 }
$data merge entity $(bone_middletail) { transformation: [-0.9995468755281369f,-0.010038463137860956f,-0.02837733038481356f,0.013170200970530049f,0.007596594269724803f,0.828105990018093f,-0.5605200808638844f,0.909842332942813f,0.029126197442169485f,-0.5604816665636656f,-0.8276544967971694f,-0.2609618794798245f,0f,0f,0f,1f], start_interpolation: 0, interpolation_duration: 1 }
$data merge entity $(bone_tail) { transformation: [-0.9995468755281369f,-0.013082345196238417f,-0.0271089628371414f,0.021875f,0.007596594269724803f,0.7618228867417196f,-0.6477408285664988f,1.1484427361892664f,0.029126197442169485f,-0.6476532571373973f,-0.7613783048799592f,-0.008475634732207832f,0f,0f,0f,1f], start_interpolation: 0, interpolation_duration: 1 }
$data merge entity $(bone_hair) { transformation: [-0.6893654271085455f,0.1215537243668512f,1.2199866483456202e-16f,0.12499999999999994f,0.1210911757475626f,0.6867421835332848f,0.08715574274765817f,2.326879899595448f,0.010594105130936948f,0.060082155824201906f,-0.9961946980917455f,0.47580330254399705f,0f,0f,0f,1f], start_interpolation: 0, interpolation_duration: 1 }
$data merge entity $(bone_ear_left) { transformation: [-0.4805671109591747f,0.34696111544008323f,-0.8353581806354877f,0.1305558976337448f,-0.031102413624923407f,1.2308102643230252f,0.320383696195759f,2.4067257787765217f,0.8764062367025102f,0.23393177981979818f,-0.4466889267234093f,0.2589420047155907f,0f,0f,0f,1f], start_interpolation: 0, interpolation_duration: 1 }
$data merge entity $(bone_ear_right) { transformation: [-0.4805671109591745f,-0.34696111544008323f,0.835358180635488f,-0.13055589763374487f,0.031102413624923407f,1.2308102643230252f,0.320383696195759f,2.4067257787765217f,-0.8764062367025103f,0.2339317798197981f,-0.44668892672340915f,0.25894200471559065f,0f,0f,0f,1f], start_interpolation: 0, interpolation_duration: 1 }
$data merge entity $(bone_head) { transformation: [-1f,-1.0673500138322972e-17f,1.2199866483456202e-16f,-1.974830480301264e-17f,0f,0.9961946980917455f,0.08715574274765817f,1.994638876072338f,-1.2246467991473532e-16f,0.08715574274765817f,-0.9961946980917455f,0.1612571462789286f,0f,0f,0f,1f], start_interpolation: 0, interpolation_duration: 1 }
$data merge entity $(bone_body) { transformation: [-1f,-1.3353593857178346e-17f,1.2173446248994616e-16f,-6.403984274441296e-18f,0f,0.994037322227947f,0.10904036875346947f,1.066084375f,-1.2246467991473532e-16f,0.10904036875346947f,-0.994037322227947f,0.0522925f,0f,0f,0f,1f], start_interpolation: 0, interpolation_duration: 1 }
$data merge entity $(bone_shoe_left) { transformation: [-0.9537169507482268f,-0.0004373587025679113f,-0.3007054814479931f,0.12758248772204842f,1.2104519441617632e-19f,0.9999989423008122f,-0.0014544405305415356f,0.2506034490461143f,0.3007057995042729f,-0.0013871245878327076f,-0.9537159420025827f,0.06949764861951402f,0f,0f,0f,1f], start_interpolation: 0, interpolation_duration: 1 }
$data merge entity $(bone_lowerleg_left) { transformation: [-0.984807753012208f,2.168404344971009e-19f,-0.17364817766693022f,0.1254371215882803f,1.0842021724855044e-19f,1f,0f,0.6875084490461143f,0.1736481776669302f,-8.673617379884035e-19f,-0.984807753012208f,0.06497903971657655f,0f,0f,0f,1f], start_interpolation: 0, interpolation_duration: 1 }
$data merge entity $(bone_leg_left) { transformation: [-0.984807753012208f,-0.001165657568747491f,-0.17364426523636817f,0.12499999999999999f,1.0842021724855044e-19f,0.999977469210362f,-0.006712754400356028f,1.0625f,0.1736481776669302f,-0.006610772577537433f,-0.984785564515891f,0.06250000000000001f,0f,0f,0f,1f], start_interpolation: 0, interpolation_duration: 1 }