# This file was generated by Animated Java via MC-Build. It is not recommended to edit this file directly.
$data merge entity $(bone_hammer) { transformation: [-0.00001704942576938031f,-0.000011878384589789998f,0.0000014996126997354997f,0.6520183772274424f,-6.958297604209659e-8f,0.0000027077007133958196f,0.00002065650727576903f,0.8283351604537852f,-0.000011972469123853008f,0.000016899707517039844f,-0.0000022555812321153745f,-0.38769371267014335f,0f,0f,0f,1f], start_interpolation: 0, interpolation_duration: 1 }
$data merge entity $(bone_hand_left) { transformation: [-0.8183724369302547f,0.07198140958730384f,0.5701624603099198f,0.43294317906825225f,-0.0033399828500206355f,0.9915123492369132f,-0.12996963424299912f,0.9493391220685771f,-0.5746785179449443f,-0.10826789914153775f,-0.8111859608179125f,-0.002467980858212683f,0f,0f,0f,1f], start_interpolation: 0, interpolation_duration: 1 }
$data merge entity $(bone_lowerarm_left) { transformation: [-0.8183724369302547f,-0.05313058002452872f,0.5722269619120487f,0.40944950071365593f,-0.0033399828500206355f,0.9961401250293345f,0.08771371512542075f,1.3898198336049858f,-0.5746785179449443f,0.06987125856029107f,-0.8153910768703586f,0.028428216286416022f,0f,0f,0f,1f], start_interpolation: 0, interpolation_duration: 1 }
$data merge entity $(bone_arm_left) { transformation: [-0.8183724369302547f,-0.1326425251001255f,0.5591712751991993f,0.34375f,-0.0033399828500206355f,0.9740807047678384f,0.22617609315211185f,1.872294182685306f,-0.5746785179449443f,0.18322865805886857f,-0.7976038238866138f,0.11918366098119937f,0f,0f,0f,1f], start_interpolation: 0, interpolation_duration: 1 }
$data merge entity $(bone_bread) { transformation: [-0.000002734324577206046f,-0.000003953418905074751f,-0.000008768919435568135f,0.39140628197051947f,-0.000005899636326480276f,0.000007889552956774045f,-0.0000017173367047647664f,1.2072910767187754f,0.000007597220565559575f,0.000004703767968688031f,-0.0000044896332339048784f,0.40861876660325325f,0f,0f,0f,1f], start_interpolation: 0, interpolation_duration: 1 }
$data merge entity $(bone_hand_right) { transformation: [-0.7728344338743854f,-0.2510330470874431f,-0.5828459033810325f,-0.4110889107027153f,0.08871095109663148f,0.8666821649069868f,-0.490909759719309f,0.9777351584695526f,0.6283767221767442f,-0.4310967806677896f,-0.6475324399011054f,0.27600537381218876f,0f,0f,0f,1f], start_interpolation: 0, interpolation_duration: 1 }
$data merge entity $(bone_lowerarm_right) { transformation: [-0.7826191024949375f,-0.07809659400297661f,-0.6175825956219563f,-0.4456222483634065f,0.170191782696951f,0.9274569630929551f,-0.3329539588484073f,1.3878450343372186f,0.5987838487404719f,-0.36568361135758787f,-0.7125541375025625f,0.11430465191500538f,0f,0f,0f,1f], start_interpolation: 0, interpolation_duration: 1 }
$data merge entity $(bone_arm_right) { transformation: [-0.7826191024949375f,0.20567267808384912f,-0.58754241540491f,-0.34375f,0.170191782696951f,0.9785764334833594f,0.11585733008067364f,1.8725461740469451f,0.5987838487404719f,-0.009322731402637632f,-0.8008564098305901f,0.10968698651713643f,0f,0f,0f,1f], start_interpolation: 0, interpolation_duration: 1 }
$data merge entity $(bone_uppertail) { transformation: [-0.9995468755281369f,-0.01311534178372347f,-0.027093014447181273f,0.004452186632325895f,0.008729199074781265f,0.7351021332620319f,-0.6779001805259555f,0.5527713248210148f,0.028807025279467744f,-0.6778295076813239f,-0.7346545540667683f,-0.44775679031112414f,0f,0f,0f,1f], start_interpolation: 0, interpolation_duration: 1 }
$data merge entity $(bone_middletail) { transformation: [-0.9995468755281369f,-0.01684995933387032f,-0.02494238345439289f,0.013907050062234378f,0.008729199074781265f,0.6307597735866324f,-0.7759290619047937f,0.8469237044898246f,0.028807025279467744f,-0.7757951964889876f,-0.6303268742479262f,-0.2088267219445594f,0f,0f,0f,1f], start_interpolation: 0, interpolation_duration: 1 }
$data merge entity $(bone_tail) { transformation: [-0.9995468755281369f,-0.016657920610393395f,-0.02507104510938638f,0.021875f,0.008729199074781265f,0.6366998233505419f,-0.7710623425047429f,1.1397535610792935f,0.028807025279467744f,-0.7709318054317946f,-0.6362659087741709f,0.0008786986201541891f,0f,0f,0f,1f], start_interpolation: 0, interpolation_duration: 1 }
$data merge entity $(bone_hair) { transformation: [-0.6893654271085455f,0.1215537243668512f,1.2199866483456202e-16f,0.12499999999999994f,0.1210911757475626f,0.6867421835332848f,0.08715574274765817f,2.330429294787161f,0.010594105130936948f,0.060082155824201906f,-0.9961946980917455f,0.4394271000406835f,0f,0f,0f,1f], start_interpolation: 0, interpolation_duration: 1 }
$data merge entity $(bone_ear_left) { transformation: [-0.4248615369546045f,0.14634254526787857f,-0.8982318196871757f,0.1377575437242798f,-0.06137597174696067f,1.2822847848650607f,0.15264818924580995f,2.4113017695916716f,0.9031753232394513f,0.1559794536087493f,-0.41216274506733425f,0.21840354564109316f,0f,0f,0f,1f], start_interpolation: 0, interpolation_duration: 1 }
$data merge entity $(bone_ear_right) { transformation: [-0.42486153695460427f,-0.14634254526787857f,0.8982318196871757f,-0.13775754372427987f,0.06137597174696067f,1.2822847848650607f,0.15264818924580995f,2.4113017695916716f,-0.9031753232394514f,0.15597945360874926f,-0.412162745067334f,0.21840354564109313f,0f,0f,0f,1f], start_interpolation: 0, interpolation_duration: 1 }
$data merge entity $(bone_head) { transformation: [-1f,-1.067350013832297e-17f,1.2199866483456202e-16f,-1.5293504806930757e-17f,0f,0.9961946980917455f,0.08715574274765817f,1.9981882712640513f,-1.2246467991473532e-16f,0.08715574274765817f,-0.9961946980917455f,0.12488094377561507f,0f,0f,0f,1f], start_interpolation: 0, interpolation_duration: 1 }
$data merge entity $(bone_body) { transformation: [-1f,-8.585347812817513e-18f,1.2216337270046014e-16f,-6.403984274441296e-18f,0f,0.9975396398824137f,0.07010468503077757f,1.066084375f,-1.2246467991473532e-16f,0.07010468503077757f,-0.9975396398824137f,0.0522925f,0f,0f,0f,1f], start_interpolation: 0, interpolation_duration: 1 }
$data merge entity $(bone_shoe_left) { transformation: [-0.9537169507482268f,-0.00021867940910822082f,-0.30070571999019247f,0.1273639281590055f,6.338297604653059e-20f,0.9999997355751681f,-0.0007272204575659125f,0.2505971122674775f,0.30070579950427295f,-0.0006935624773114921f,-0.9537166985617824f,0.06825813574312503f,0f,0f,0f,1f], start_interpolation: 0, interpolation_duration: 1 }
$data merge entity $(bone_lowerleg_left) { transformation: [-0.984807753012208f,0f,-0.1736481776669302f,0.12521856202523737f,0f,1f,-4.336808689942018e-19f,0.6875021122674775f,0.17364817766693022f,0f,-0.984807753012208f,0.06373952684018756f,0f,0f,0f,1f], start_interpolation: 0, interpolation_duration: 1 }
$data merge entity $(bone_leg_left) { transformation: [-0.984807753012208f,-0.0005828320672996644f,-0.173647199556535f,0.12499999999999999f,0f,0.9999943672867267f,-0.003356396105794894f,1.0625f,0.17364817766693022f,-0.0033054049071667944f,-0.9848022058725061f,0.06250000000000001f,0f,0f,0f,1f], start_interpolation: 0, interpolation_duration: 1 }