# This file was generated by Animated Java via MC-Build. It is not recommended to edit this file directly.
$data merge entity $(bone_hammer) { transformation: [-0.000017049425769380305f,-0.000011911212897472609f,0.0000012115552085030312f,0.6509703652584045f,-6.065870391837084e-7f,0.000002964851363470322f,0.00002061236246368185f,0.8173932906816427f,-0.000011957295299358585f,0.000016833313443329817f,-0.0000027731616289583006f,-0.375525307051142f,0f,0f,0f,1f], start_interpolation: 0, interpolation_duration: 1 }
$data merge entity $(bone_hand_left) { transformation: [-0.8183724369302546f,0.05815465000814536f,0.5717382190786852f,0.4303169789334202f,-0.029116177880817995f,0.9893933982567287f,-0.1423128654465752f,0.9449533327881023f,-0.573950174369212f,-0.13311175818999824f,-0.807999045279831f,0.0066726578650980126f,0f,0f,0f,1f], start_interpolation: 0, interpolation_duration: 1 }
$data merge entity $(bone_lowerarm_left) { transformation: [-0.8183724369302546f,-0.06697064681263956f,0.5707727104008504f,0.4007033960459561f,-0.029116177880817995f,0.9967429658445481f,0.07520444285430632f,1.3857006129974885f,-0.573950174369212f,0.04492652340111297f,-0.8176568992166826f,0.026538604931527654f,0f,0f,0f,1f], start_interpolation: 0, interpolation_duration: 1 }
$data merge entity $(bone_arm_left) { transformation: [-0.8183724369302546f,-0.11498477435145715f,0.5630675413662031f,0.34375f,-0.029116177880817995f,0.9868167159113052f,0.15920118524571042f,1.8744832675973069f,-0.573950174369212f,0.11389148723838374f,-0.8109315177474483f,0.0829504822042896f,0f,0f,0f,1f], start_interpolation: 0, interpolation_duration: 1 }
$data merge entity $(bone_bread) { transformation: [-0.7060385442398442f,-0.48984114084107344f,-0.4536918804151658f,-0.31669401136398967f,-0.16084466679578507f,0.8142343944177638f,-0.4948309331764342f,0.7515794096722693f,0.6896655473568576f,-0.31157343867321763f,-0.5798678401167716f,0.13662542430942787f,0f,0f,0f,1f], start_interpolation: 0, interpolation_duration: 1 }
$data merge entity $(bone_hand_right) { transformation: [-0.7881477273119571f,-0.37516933457176277f,-0.4879253327405511f,-0.3870308696659912f,-0.024203837442887004f,0.8110269116776465f,-0.5845079321854044f,1.0005422982847496f,0.6150100277117723f,-0.4488689329098192f,-0.6482895548151035f,0.15790966631927864f,0f,0f,0f,1f], start_interpolation: 0, interpolation_duration: 1 }
$data merge entity $(bone_lowerarm_right) { transformation: [-0.8214160310596453f,-0.16388834565873225f,-0.546274943664327f,-0.45950024751196183f,0.08969116031909544f,0.9087850661388293f,-0.4075109806172811f,1.4023956947180132f,0.5632328112591044f,-0.38373208586237306f,-0.7317912862291256f,-0.01177186539798944f,0f,0f,0f,1f], start_interpolation: 0, interpolation_duration: 1 }
$data merge entity $(bone_arm_right) { transformation: [-0.8236883814448611f,0.23369135144370837f,-0.5166486257923835f,-0.34375f,0.0890363082921451f,0.9531279586321962f,0.2891705902738526f,1.874491886728023f,0.5600089160704953f,0.192185969139361f,-0.8058874407679483f,0.08342024744135032f,0f,0f,0f,1f], start_interpolation: 0, interpolation_duration: 1 }
$data merge entity $(bone_uppertail) { transformation: [-0.9995468755281369f,-0.017513327916700155f,-0.02448115534898602f,0.006244554116038966f,0.010012668638625858f,0.5735454585425818f,-0.8191125401627743f,0.4678346283852576f,0.028386441986838262f,-0.8189865019220169f,-0.5731102159104007f,-0.3354013366889895f,0f,0f,0f,1f], start_interpolation: 0, interpolation_duration: 1 }
$data merge entity $(bone_middletail) { transformation: [-0.9995468755281369f,-0.020521845089445337f,-0.02202038819058066f,0.014591672786060914f,0.010012668638625858f,0.4632173708973994f,-0.8861881367777579f,0.8037809098467021f,0.028386441986838262f,-0.8860070660965554f,-0.4628019973361199f,-0.15997894342322205f,0f,0f,0f,1f], start_interpolation: 0, interpolation_duration: 1 }
$data merge entity $(bone_tail) { transformation: [-0.9995468755281369f,-0.019018048283539847f,-0.02333146933701354f,0.021875f,0.010012668638625858f,0.5209045771766245f,-0.8535561890954662f,1.1333350331420797f,0.028386441986838262f,-0.8534030321694006f,-0.5204781211495838f,0.006717092273756005f,0f,0f,0f,1f], start_interpolation: 0, interpolation_duration: 1 }
$data merge entity $(bone_hair) { transformation: [-0.6893654271085455f,0.12155372436685122f,1.222814988465337e-16f,0.12499999999999994f,0.12137190589405636f,0.6883342833093135f,0.05467482502230943f,2.342812259456651f,0.006645928610567536f,0.03769093410358935f,-0.9985042130651125f,0.3865566233013095f,0f,0f,0f,1f], start_interpolation: 0, interpolation_duration: 1 }
$data merge entity $(bone_ear_left) { transformation: [-0.47263275230068935f,0.13383786870162748f,-0.8752251850750192f,0.142644375f,0.06256859579932211f,1.2929364540081276f,0.08320241441571985f,2.4062474258938114f,0.8790355238967171f,-0.02006865212947602f,-0.4765062787055307f,0.13824998899843463f,0f,0f,0f,1f], start_interpolation: 0, interpolation_duration: 1 }
$data merge entity $(bone_ear_right) { transformation: [-0.47263275230068924f,-0.09206642627163478f,0.8784092227479364f,-0.142644375f,-0.06256859579932214f,1.296031002777666f,0.0467118735106089f,2.4062474258938114f,-0.8790355238967172f,-0.0427482513406931f,-0.47562089763223725f,0.1382499889984346f,0f,0f,0f,1f], start_interpolation: 0, interpolation_duration: 1 }
$data merge entity $(bone_head) { transformation: [-1f,-6.695734945751286e-18f,1.222814988465337e-16f,-1.0163899163926471e-17f,0f,0.9985042130651125f,0.05467482502230943f,2.0005061965811364f,-1.2246467991473532e-16f,0.05467482502230943f,-0.9985042130651125f,0.08299453500391274f,0f,0f,0f,1f], start_interpolation: 0, interpolation_duration: 1 }
$data merge entity $(bone_body) { transformation: [-1f,-3.096567004808631e-18f,1.224255247054441e-16f,-6.403984274441296e-18f,0f,0.9996802734525704f,0.025285388464368515f,1.066084375f,-1.2246467991473532e-16f,0.025285388464368515f,-0.9996802734525704f,0.0522925f,0f,0f,0f,1f], start_interpolation: 0, interpolation_duration: 1 }
$data merge entity $(bone_shoe_left) { transformation: [-0.9537169507482268f,0.00045558561283042713f,-0.30070545438560536f,0.12832918077619143f,-2.14985334520215e-19f,0.9999988523045841f,0.0015150542942021054f,0.25065697286568595f,0.300705799504273f,0.0014449329616844427f,-0.9537158561716546f,0.0737323553623101f,0f,0f,0f,1f], start_interpolation: 0, interpolation_duration: 1 }
$data merge entity $(bone_lowerleg_left) { transformation: [-0.984807753012208f,8.673617379884035e-19f,-0.17364817766693025f,0.12618381464242331f,-2.168404344971009e-19f,0.9999999999999999f,0f,0.6875619728656859f,0.17364817766693025f,3.469446951953614e-18f,-0.984807753012208f,0.06921374645937263f,0f,0f,0f,1f], start_interpolation: 0, interpolation_duration: 1 }
$data merge entity $(bone_leg_left) { transformation: [-0.984807753012208f,-0.003156839046462184f,-0.17361948039975383f,0.12499999999999999f,-2.168404344971009e-19f,0.9998347390248375f,-0.018179511520801734f,1.0625f,0.17364817766693025f,-0.017903323891660303f,-0.9846450027225977f,0.06250000000000001f,0f,0f,0f,1f], start_interpolation: 0, interpolation_duration: 1 }