# This file was generated by Animated Java via MC-Build. It is not recommended to edit this file directly.
$data merge entity $(bone_hammer) { transformation: [-0.000017049425769380305f,-0.000011915053727639791f,0.0000011731808810348438f,0.652590013433427f,-6.653061239969153e-7f,0.0000029811227510460267f,0.000020608203528749074f,0.8169820139490307f,-0.000011954171927554868f,0.000016827720570191046f,-0.0000028201722847738116f,-0.3767026171728538f,0f,0f,0f,1f], start_interpolation: 0, interpolation_duration: 1 }
$data merge entity $(bone_hand_left) { transformation: [-0.8183724369302546f,0.05631268228967237f,0.57192257892671f,0.43173796606990195f,-0.03193469395185193f,0.9891937693799554f,-0.14309389205020903f,0.9450032688634826f,-0.5738002525226336f,-0.13536826966914275f,-0.80773058736917f,0.00522629910669186f,0f,0f,0f,1f], start_interpolation: 0, interpolation_duration: 1 }
$data merge entity $(bone_lowerarm_left) { transformation: [-0.8183724369302546f,-0.06880885531576074f,0.5705540254024776f,0.401311550359964f,-0.03193469395185193f,0.9967171140658145f,0.07439872210270448f,1.38573911773946f,-0.5738002525226336f,0.042665395327461775f,-0.8178832033038174f,0.024092403603053862f,0f,0f,0f,1f], start_interpolation: 0, interpolation_duration: 1 }
$data merge entity $(bone_arm_left) { transformation: [-0.8183724369302546f,-0.1162125937866782f,0.5628154115855472f,0.34375f,-0.03193469395185193f,0.9870232871220512f,0.15736964764840194f,1.8746240896421011f,-0.5738002525226336f,0.1108136441245082f,-0.811463866404912f,0.07897978670847433f,0f,0f,0f,1f], start_interpolation: 0, interpolation_duration: 1 }
$data merge entity $(bone_bread) { transformation: [-0.6512171183232663f,-0.5827989337025284f,-0.4202132407893081f,-0.2873607481942474f,-0.17033340028318714f,0.7364045253069575f,-0.5660401829167657f,0.7913166988900591f,0.7395287672232288f,-0.34358954870983854f,-0.5004073150402796f,0.191888776936198f,0f,0f,0f,1f], start_interpolation: 0, interpolation_duration: 1 }
$data merge entity $(bone_hand_right) { transformation: [-0.7677282512555021f,-0.4517170416482107f,-0.45447227254119416f,-0.3773478326906131f,-0.02491798071368572f,0.7297632175057471f,-0.6832457395496969f,1.034800746368548f,0.6402908920649434f,-0.5132225254801747f,-0.5715157153381092f,0.1910789946587324f,0f,0f,0f,1f], start_interpolation: 0, interpolation_duration: 1 }
$data merge entity $(bone_lowerarm_right) { transformation: [-0.821458359641234f,-0.22047369715022705f,-0.5259253865715585f,-0.4748385456492291f,0.1084722317453651f,0.8449951905725287f,-0.5236572379424118f,1.408447057199838f,0.5598570695416045f,-0.4872109161073937f,-0.6702130891814044f,-0.02435958230750572f,0f,0f,0f,1f], start_interpolation: 0, interpolation_duration: 1 }
$data merge entity $(bone_arm_right) { transformation: [-0.8243198166051061f,0.26465826250948454f,-0.5004526391553802f,-0.34375f,0.10781414799890553f,0.9412084076189939f,0.3201606517337626f,1.8746393465986209f,0.5557633933999201f,0.20995889481700536f,-0.8043906470390039f,0.07963568278154226f,0f,0f,0f,1f], start_interpolation: 0, interpolation_duration: 1 }
$data merge entity $(bone_uppertail) { transformation: [-0.9995468755281369f,-0.017143530420471027f,-0.024741523531533787f,0.006229123711345706f,0.010151963484238977f,0.5818009479023655f,-0.8132678492706591f,0.46605081410128113f,0.028336923957157634f,-0.8131505127494116f,-0.5813632791602982f,-0.3329807947451874f,0f,0f,0f,1f], start_interpolation: 0, interpolation_duration: 1 }
$data merge entity $(bone_middletail) { transformation: [-0.9995468755281369f,-0.020438131124203295f,-0.022098108925628187f,0.014605706476718466f,0.010151963484238977f,0.46222861541413196f,-0.8867026811337321f,0.8021921305232314f,0.028336923957157634f,-0.8865252336445275f,-0.46181168115603344f,-0.15793382181435855f,0f,0f,0f,1f], start_interpolation: 0, interpolation_duration: 1 }
$data merge entity $(bone_tail) { transformation: [-0.9995468755281369f,-0.019060484038761254f,-0.02329681459228242f,0.021875f,0.010151963484238977f,0.5151478300622522f,-0.8570412188568106f,1.1330389067140594f,0.028336923957157634f,-0.8568893809181911f,-0.5147209026358703f,0.0065504367736329006f,0f,0f,0f,1f], start_interpolation: 0, interpolation_duration: 1 }
$data merge entity $(bone_hair) { transformation: [-0.6893654271085455f,0.12155372436685122f,1.2233412182011111e-16f,0.12499999999999994f,0.1214241374307741f,0.6886305030739115f,0.04616317742229322f,2.345526427101185f,0.005611306144287395f,0.031823298520406745f,-0.9989339122535973f,0.3790386884144141f,0f,0f,0f,1f], start_interpolation: 0, interpolation_duration: 1 }
$data merge entity $(bone_ear_left) { transformation: [-0.4903073471718966f,0.15939100882998694f,-0.8628823029839249f,0.142644375f,0.10716823352850768f,1.288330556652179f,0.07992109876543257f,2.4038292829888035f,0.864935647913552f,-0.06927397130557206f,-0.49904583874558406f,0.12421368252247235f,0f,0f,0f,1f], start_interpolation: 0, interpolation_duration: 1 }
$data merge entity $(bone_ear_right) { transformation: [-0.4903073471718964f,-0.12029912533675177f,0.8666230224082229f,-0.142644375f,-0.10716823352850767f,1.291163669012925f,0.045421618890835666f,2.4038292829888035f,-0.8649356479135524f,-0.09178507647920914f,-0.4968917523660184f,0.12421368252247231f,0f,0f,0f,1f], start_interpolation: 0, interpolation_duration: 1 }
$data merge entity $(bone_head) { transformation: [-1f,-5.653358746868275e-18f,1.2233412182011111e-16f,-9.601830604257824e-18f,0f,0.9989339122535973f,0.04616317742229322f,2.0006457150562977f,-1.2246467991473532e-16f,0.04616317742229322f,-0.9989339122535973f,0.07840489691348553f,0f,0f,0f,1f], start_interpolation: 0, interpolation_duration: 1 }
$data merge entity $(bone_body) { transformation: [-1f,-2.4952556876342648e-18f,1.2243925647304424e-16f,-6.403984274441296e-18f,0f,0.9997924018442804f,0.02037530894108864f,1.066084375f,-1.2246467991473532e-16f,0.02037530894108864f,-0.9997924018442804f,0.0522925f,0f,0f,0f,1f], start_interpolation: 0, interpolation_duration: 1 }
$data merge entity $(bone_shoe_left) { transformation: [-0.9537169507482268f,0.0005467026433707445f,-0.3007053025334335f,0.12856590927086753f,6.813915614242533e-19f,0.9999983473187404f,0.0018180648470099605f,0.2506842398450341f,0.300705799504273f,0.0017339192621528812f,-0.9537153745580955f,0.07507490937035215f,0f,0f,0f,1f], start_interpolation: 0, interpolation_duration: 1 }
$data merge entity $(bone_lowerleg_left) { transformation: [-0.984807753012208f,-4.336808689942018e-19f,-0.17364817766693025f,0.1264205431370994f,2.168404344971009e-19f,1f,-3.469446951953614e-18f,0.6875892398450341f,0.17364817766693022f,-3.469446951953614e-18f,-0.9848077530122081f,0.07055630046741468f,0f,0f,0f,1f], start_interpolation: 0, interpolation_duration: 1 }
$data merge entity $(bone_leg_left) { transformation: [-0.984807753012208f,-0.003788115032265127f,-0.17360685410302237f,0.12499999999999999f,2.168404344971009e-19f,0.9997620270799091f,-0.021814885034561124f,1.0625f,0.17364817766693022f,-0.021483467913105785f,-0.9845733954354956f,0.06250000000000001f,0f,0f,0f,1f], start_interpolation: 0, interpolation_duration: 1 }