# This file was generated by Animated Java via MC-Build. It is not recommended to edit this file directly.
$data merge entity $(bone_hammer) { transformation: [-0.000017049425769380305f,-0.00001191907146812f,0.0000011316333549415711f,0.6543277696332588f,-7.275723720329443e-7f,0.000002996931865539386f,0.000020603805852670688f,0.8165688127871829f,-0.000011950543801669569f,0.000016822066237800285f,-0.000002868861814938933f,-0.3779889929838385f,0f,0f,0f,1f], start_interpolation: 0, interpolation_duration: 1 }
$data merge entity $(bone_hand_left) { transformation: [-0.8183724369302546f,0.05431840103719528f,0.57211543046976f,0.4332636938360094f,-0.034923473857581315f,0.988982680928193f,-0.1438527295458903f,0.9450477460596237f,-0.5736261024801392f,-0.1377053671170686f,-0.8074591794144136f,0.0036634715989068527f,0f,0f,0f,1f], start_interpolation: 0, interpolation_duration: 1 }
$data merge entity $(bone_lowerarm_left) { transformation: [-0.8183724369302546f,-0.07079760485315338f,0.5703106641295541f,0.40195787794000565f,-0.034923473857581315f,0.9966752717478167f,0.0736121841826117f,1.3857650927856113f,-0.5736261024801392f,0.04032495298785438f,-0.818124069270653f,0.02149466174822371f,0f,0f,0f,1f], start_interpolation: 0, interpolation_duration: 1 }
$data merge entity $(bone_arm_left) { transformation: [-0.8183724369302546f,-0.11751748227635206f,0.5625443945434561f,0.34375f,-0.034923473857581315f,0.9872293810460236f,0.15543004913209008f,1.87475214558497f,-0.5736261024801392f,0.10755366362385049f,-0.8120254330958683f,0.07476733576191216f,0f,0f,0f,1f], start_interpolation: 0, interpolation_duration: 1 }
$data merge entity $(bone_bread) { transformation: [-0.5856243687318293f,-0.6705039209398234f,-0.38349083741177614f,-0.2574561025503965f,-0.1631679232171199f,0.6479358398387924f,-0.6264109633329793f,0.8431457938382976f,0.7939901306568353f,-0.3613912553683632f,-0.4115816342337258f,0.24343826271092317f,0f,0f,0f,1f], start_interpolation: 0, interpolation_duration: 1 }
$data merge entity $(bone_hand_right) { transformation: [-0.7416396851599993f,-0.5269515279145366f,-0.4150815156379675f,-0.36719404014945545f,-0.018246431672734993f,0.6344056371275291f,-0.7727849347082447f,1.0773797418189293f,0.6705502554820103f,-0.5655542191597098f,-0.4801153820319254f,0.22164709099135294f,0f,0f,0f,1f], start_interpolation: 0, interpolation_duration: 1 }
$data merge entity $(bone_lowerarm_right) { transformation: [-0.8212970854270008f,-0.27670518959067636f,-0.4989041346017305f,-0.48954961617158266f,0.1275882492850873f,0.7632647911689721f,-0.6333625322089648f,1.414885891663959f,0.5560506596646391f,-0.5838331068168141f,-0.5915628176881524f,-0.036516610929207036f,0f,0f,0f,1f], start_interpolation: 0, interpolation_duration: 1 }
$data merge entity $(bone_arm_right) { transformation: [-0.8246233824099687f,0.2943588465293782f,-0.4830622596028762f,-0.34375f,0.12700602790159438f,0.92848631226381f,0.34897369072096274f,1.8747767682071275f,0.5512401890822203f,0.22642004639308042f,-0.8030368712157328f,0.07563206829986562f,0f,0f,0f,1f], start_interpolation: 0, interpolation_duration: 1 }
$data merge entity $(bone_uppertail) { transformation: [-0.9995468755281369f,-0.01674986024512271f,-0.025009714186849757f,0.006214671457734234f,0.010299446973034383f,0.5904019762661638f,-0.8070436343922538f,0.46412179920236907f,0.028283652769554166f,-0.8069355293967275f,-0.5899619363850809f,-0.33031555584524974f,0f,0f,0f,1f], start_interpolation: 0, interpolation_duration: 1 }
$data merge entity $(bone_middletail) { transformation: [-0.9995468755281369f,-0.02035150078214827f,-0.02217791779796459f,0.014621509948656245f,0.010299446973034383f,0.46107967868848004f,-0.8872989638743966f,0.8004891329703547f,0.028283652769554166f,-0.8871253272883387f,-0.4606611429994602f,-0.15570474198380177f,0f,0f,0f,1f], start_interpolation: 0, interpolation_duration: 1 }
$data merge entity $(bone_tail) { transformation: [-0.9995468755281369f,-0.019108035498175684f,-0.023257828818260617f,0.021875f,0.010299446973034383f,0.5089195716674987f,-0.8607524562647609f,1.1327203003132078f,0.028283652769554166f,-0.8606019710372327f,-0.5084921655569938f,0.006386025019680698f,0f,0f,0f,1f], start_interpolation: 0, interpolation_duration: 1 }
$data merge entity $(bone_hair) { transformation: [-0.6893654271085455f,0.12155372436685122f,1.2238023334730698e-16f,0.12499999999999994f,0.12146990595661197f,0.6888900692824065f,0.0371300634827165f,2.348353672723239f,0.004513297502301725f,0.02559618207133028f,-0.999310441447386f,0.3710394285116232f,0f,0f,0f,1f], start_interpolation: 0, interpolation_duration: 1 }
$data merge entity $(bone_ear_left) { transformation: [-0.5055115919280324f,0.1880451590511894f,-0.8506082368113798f,0.142644375f,0.15685950405827548f,1.28027328986078f,0.07425374489548121f,2.4010962256920596f,0.8484415869186153f,-0.12465681460099981f,-0.5205305071152241f,0.10937667522811215f,0f,0f,0f,1f], start_interpolation: 0, interpolation_duration: 1 }
$data merge entity $(bone_ear_right) { transformation: [-0.5055115919280322f,-0.15169737106114078f,0.8548926293472576f,-0.142644375f,-0.15685950405827548f,1.2827494556743413f,0.041932223310814185f,2.4010962256920596f,-0.8484415869186155f,-0.1467710515746209f,-0.517107610595652f,0.10937667522811212f,0f,0f,0f,1f], start_interpolation: 0, interpolation_duration: 1 }
$data merge entity $(bone_head) { transformation: [-1f,-4.547121339624679e-18f,1.2238023334730698e-16f,-9.005555835388488e-18f,0f,0.999310441447386f,0.0371300634827165f,2.000769066053867f,-1.2246467991473532e-16f,0.0371300634827165f,-0.999310441447386f,0.07353594392814734f,0f,0f,0f,1f], start_interpolation: 0, interpolation_duration: 1 }
$data merge entity $(bone_body) { transformation: [-1f,-1.85737434455934e-18f,1.2245059406618962e-16f,-6.403984274441296e-18f,0f,0.9998849803179536f,0.015166612494741476f,1.066084375f,-1.2246467991473532e-16f,0.015166612494741476f,-0.9998849803179536f,0.0522925f,0f,0f,0f,1f], start_interpolation: 0, interpolation_duration: 1 }
$data merge entity $(bone_shoe_left) { transformation: [-0.9537169507482268f,0.000637819623715206f,-0.30070512307180874f,0.1288026189842195f,-4.2574864543583187e-19f,0.9999977505173981f,0.00212107523289102f,0.2507164636048763f,0.300705799504273f,0.0020229054034204092f,-0.9537148053785393f,0.07641735686421203f,0f,0f,0f,1f], start_interpolation: 0, interpolation_duration: 1 }
$data merge entity $(bone_lowerleg_left) { transformation: [-0.984807753012208f,8.673617379884035e-19f,-0.17364817766693025f,0.12665725285045137f,0f,1f,3.469446951953614e-18f,0.6876214636048763f,0.17364817766693022f,3.469446951953614e-18f,-0.9848077530122081f,0.07189874796127456f,0f,0f,0f,1f], start_interpolation: 0, interpolation_duration: 1 }
$data merge entity $(bone_leg_left) { transformation: [-0.984807753012208f,-0.00441934093453701f,-0.1735919325105579f,0.12499999999999999f,0f,0.9996760970536633f,-0.025449970128760154f,1.0625f,0.17364817766693022f,-0.025063327896732105f,-0.9844887708794322f,0.06250000000000001f,0f,0f,0f,1f], start_interpolation: 0, interpolation_duration: 1 }