# This file was generated by Animated Java via MC-Build. It is not recommended to edit this file directly.
$data merge entity $(bone_hammer) { transformation: [-0.000017049425769380305f,-0.000011923196476823737f,0.0000010873106673010126f,0.6561682530403965f,-7.927871838575722e-7f,0.0000030121349512312995f,0.00002059918224819762f,0.8161562262821456f,-0.000011946394736207228f,0.000016816426689056354f,-0.00000291877097355915f,-0.3793756245113182f,0f,0f,0f,1f], start_interpolation: 0, interpolation_duration: 1 }
$data merge entity $(bone_hand_left) { transformation: [-0.8183724369302546f,0.05219091203044847f,0.5723134308875393f,0.4348814902409191f,-0.03805378482516346f,0.9887607479134856f,-0.14458247765910215f,0.9450849940710886f,-0.5734269473379469f,-0.14010100673083903f,-0.8071884810747049f,0.001995988316842768f,0f,0f,0f,1f], start_interpolation: 0, interpolation_duration: 1 }
$data merge entity $(bone_lowerarm_left) { transformation: [-0.8183724369302546f,-0.07291751900961559f,0.5700434982475623f,0.4026382748038547f,-0.03805378482516346f,0.9966165458316054f,0.07285169891745627f,1.3857763729310015f,-0.5734269473379469f,0.03792750975429171f,-0.8183782988756005f,0.01876705903631863f,0f,0f,0f,1f], start_interpolation: 0, interpolation_duration: 1 }
$data merge entity $(bone_arm_left) { transformation: [-0.8183724369302546f,-0.11889115417812941f,0.5622556784337784f,0.34375f,-0.03805378482516346f,0.9874299448798244f,0.15340799658136198f,1.8748627675042897f,-0.5734269473379469f,0.10414891940303209f,-0.8126097086879188f,0.07035332067813296f,0f,0f,0f,1f], start_interpolation: 0, interpolation_duration: 1 }
$data merge entity $(bone_bread) { transformation: [-0.5109860117643791f,-0.7499621945822224f,-0.34417780234119383f,-0.2278444864093684f,-0.13781834900634898f,0.5538312481607249f,-0.6728081013831717f,0.9052490607228695f,0.8484688553260505f,-0.36170105786153056f,-0.31656476557841867f,0.28869128103017466f,0f,0f,0f,1f], start_interpolation: 0, interpolation_duration: 1 }
$data merge entity $(bone_hand_right) { transformation: [-0.7104520887378566f,-0.5983586724527695f,-0.3704385626640078f,-0.3568338812215268f,-0.002657965309795257f,0.5286590898492765f,-0.8488300783667756f,1.1268308735913835f,0.7037405522125529f,-0.6020684893102229f,-0.3771773712078671f,0.24811975490783134f,0f,0f,0f,1f], start_interpolation: 0, interpolation_duration: 1 }
$data merge entity $(bone_lowerarm_right) { transformation: [-0.8209903808467042f,-0.3306529795310526f,-0.46544967685499683f,-0.5030444956079141f,0.146562033601944f,0.6658602759739225f,-0.7315392424104084f,1.4212659643736023f,0.551810080429532f,-0.6688039324100667f,-0.49820370846590906f,-0.04761698395474502f,0f,0f,0f,1f], start_interpolation: 0, interpolation_duration: 1 }
$data merge entity $(bone_arm_right) { transformation: [-0.8245884941991787f,0.32160402898758667f,-0.4654295475937068f,-0.34375f,0.14610816997262646f,0.9158539124851482f,0.3739839751284758f,1.8748998554014022f,0.5465402253280003f,0.240379823455709f,-0.8021915747337546f,0.07144614735066085f,0f,0f,0f,1f], start_interpolation: 0, interpolation_duration: 1 }
$data merge entity $(bone_uppertail) { transformation: [-0.9995468755281369f,-0.01633523773199706f,-0.02528247674137555f,0.006201147901753426f,0.010453664749504203f,0.5992682665581442f,-0.800480021980375f,0.4620763272184758f,0.028227017469864387f,-0.8003815994290698f,-0.598825960342502f,-0.32743861451310763f,0f,0f,0f,1f], start_interpolation: 0, interpolation_duration: 1 }
$data merge entity $(bone_middletail) { transformation: [-0.9995468755281369f,-0.02026244832319958f,-0.022259308387475175f,0.01463884176447674f,0.010453664749504203f,0.4597935620897302f,-0.8879643017341081f,0.7986958531754842f,0.028227017469864387f,-0.8877946347262902f,-0.4593734015329674f,-0.15331597226428617f,0f,0f,0f,1f], start_interpolation: 0, interpolation_duration: 1 }
$data merge entity $(bone_tail) { transformation: [-0.9995468755281369f,-0.019159901099462622f,-0.02321512032701677f,0.021875f,0.010453664749504203f,0.502286170472342f,-0.8646382618445324f,1.132382924118181f,0.028227017469864387f,-0.8644891561737996f,-0.5018582811338952f,0.00622466050119376f,0f,0f,0f,1f], start_interpolation: 0, interpolation_duration: 1 }
$data merge entity $(bone_hair) { transformation: [-0.6893654271085455f,0.12155372436685122f,1.2241788962926213e-16f,0.12499999999999994f,0.12150728213169072f,0.6891020401046174f,0.027640502395972724f,2.351264657359637f,0.0033598060096012745f,0.019054406739694527f,-0.9996179283242664f,0.3626241071394624f,0f,0f,0f,1f], start_interpolation: 0, interpolation_duration: 1 }
$data merge entity $(bone_ear_left) { transformation: [-0.5172298305475754f,0.2195278604846531f,-0.8390214783496194f,0.142644375f,0.21114854855221626f,1.2677802371738531f,0.06611269329226013f,2.3980484855425153f,0.8293910976348966f,-0.18585152327177462f,-0.5400667279639271f,0.09388252006889561f,0f,0f,0f,1f], start_interpolation: 0, interpolation_duration: 1 }
$data merge entity $(bone_ear_right) { transformation: [-0.5172298305475753f,-0.1859389913998032f,0.843810241336384f,-0.142644375f,-0.2111485485522163f,1.2698212208039112f,0.036142371721839706f,2.3980484855425153f,-0.8293910976348967f,-0.20731801338351766f,-0.5354232023195798f,0.09388252006889558f,0f,0f,0f,1f], start_interpolation: 0, interpolation_duration: 1 }
$data merge entity $(bone_head) { transformation: [-1f,-3.3849852786052743e-18f,1.2241788962926213e-16f,-8.380766428580077e-18f,0f,0.9996179283242664f,0.027640502395972724f,2.0008710900827396f,-1.2246467991473532e-16f,0.027640502395972724f,-0.9996179283242664f,0.06843415125418278f,0f,0f,0f,1f], start_interpolation: 0, interpolation_duration: 1 }
$data merge entity $(bone_body) { transformation: [-1f,-1.1890156322220188e-18f,1.2245890767292067e-16f,-6.403984274441296e-18f,0f,0.9999528660686602f,0.009709049442254352f,1.066084375f,-1.2246467991473532e-16f,0.009709049442254352f,-0.9999528660686602f,0.0522925f,0f,0f,0f,1f], start_interpolation: 0, interpolation_duration: 1 }
$data merge entity $(bone_shoe_left) { transformation: [-0.9537169507482268f,0.0007289365454978408f,-0.30070491600074756f,0.1290393067866543f,-4.2997066904043e-19f,0.9999970619006123f,0.002424085424024167f,0.25075364371917475f,0.3007057995042729f,0.002311891358953548f,-0.9537141486330378f,0.07775968009508584f,0f,0f,0f,1f], start_interpolation: 0, interpolation_duration: 1 }
$data merge entity $(bone_lowerleg_left) { transformation: [-0.984807753012208f,-8.673617379884035e-19f,-0.1736481776669302f,0.12689394065288617f,-4.336808689942018e-19f,1f,0f,0.6876586437191747f,0.1736481776669302f,-3.469446951953614e-18f,-0.984807753012208f,0.07324107119214837f,0f,0f,0f,1f], start_interpolation: 0, interpolation_duration: 1 }
$data merge entity $(bone_leg_left) { transformation: [-0.984807753012208f,-0.0050505084076965055f,-0.17357471581964218f,0.12499999999999999f,-4.336808689942018e-19f,0.9995769500822006f,-0.029084718743111408f,1.0625f,0.1736481776669302f,-0.0286428565123956f,-0.984391130173248f,0.06250000000000001f,0f,0f,0f,1f], start_interpolation: 0, interpolation_duration: 1 }