# This file was generated by Animated Java via MC-Build. It is not recommended to edit this file directly.
$data merge entity $(bone_hammer) { transformation: [-0.00001704942576938031f,-0.000011927362933962241f,0.0000010406114326261172f,0.658096174051445f,-8.603520944367281e-7f,0.000003026589146683508f,0.00002059435190018258f,0.8157470910358916f,-0.000011941719013013445f,0.00001681087592472501f,-0.0000029694402562624297f,-0.3808536306027611f,0f,0f,0f,1f], start_interpolation: 0, interpolation_duration: 1 }
$data merge entity $(bone_hand_left) { transformation: [-0.8183724369302547f,0.04994934876605349f,0.5725134208301874f,0.4365786931051805f,-0.04129690053296294f,0.9885288912087636f,-0.14527627904080814f,0.9451135789494565f,-0.5732025126246453f,-0.14253313230059644f,-0.8069220443868006f,0.00023570677776801885f,0f,0f,0f,1f], start_interpolation: 0, interpolation_duration: 1 }
$data merge entity $(bone_lowerarm_left) { transformation: [-0.8183724369302547f,-0.07514923402032939f,0.5697535845424703f,0.4033486411868161f,-0.04129690053296294f,0.9965403511597676f,0.07212416042310346f,1.3857712654779162f,-0.5732025126246453f,0.035495367817854326f,-0.8186445861204167f,0.015931314734725477f,0f,0f,0f,1f], start_interpolation: 0, interpolation_duration: 1 }
$data merge entity $(bone_arm_left) { transformation: [-0.8183724369302547f,-0.12032533236454988f,0.5619505039273448f,0.34375f,-0.04129690053296294f,0.9876203958043427f,0.15132917695422776f,1.8749519927747547f,-0.5732025126246453f,0.10063681325754516f,-0.8132103733586772f,0.06577798630135331f,0f,0f,0f,1f], start_interpolation: 0, interpolation_duration: 1 }
$data merge entity $(bone_bread) { transformation: [-0.4297330577283088f,-0.8188311472535491f,-0.30324042071543433f,-0.1993603627461803f,-0.0946942131180543f,0.4600318684630687f,-0.7034228747193247f,0.9746584228124635f,0.8979768956367589f,-0.3433456455029168f,-0.21929574111370653f,0.3258332276832231f,0f,0f,0f,1f], start_interpolation: 0, interpolation_duration: 1 }
$data merge entity $(bone_hand_right) { transformation: [-0.6752205376890205f,-0.6637748455140328f,-0.32168335354160316f,-0.34655197461523835f,0.022433729324291326f,0.41743029989495384f,-0.9084319856314027f,1.1809274072011782f,0.7372746796625763f,-0.6206084910734231f,-0.2669665663262246f,0.26952560853060087f,0f,0f,0f,1f], start_interpolation: 0, interpolation_duration: 1 }
$data merge entity $(bone_lowerarm_right) { transformation: [-0.8206283462128733f,-0.38052273986898766f,-0.42634676242997704f,-0.5148143736510563f,0.16492639202751566f,0.5566129485612259f,-0.8142366429403458f,1.4270546953930952f,0.5471456868190689f,-0.7385015030022464f,-0.3940141208874529f,-0.057030524828204934f,0f,0f,0f,1f], start_interpolation: 0, interpolation_duration: 1 }
$data merge entity $(bone_arm_right) { transformation: [-0.8242429518704227f,0.3453665587907761f,-0.44871538458242044f,-0.34375f,0.1646147122151355f,0.9043790222620178f,0.3937011310813378f,1.8750049298572509f,0.5417799856161726f,0.2506402285376671f,-0.8022804516030076f,0.06711471336935831f,0f,0f,0f,1f], start_interpolation: 0, interpolation_duration: 1 }
$data merge entity $(bone_uppertail) { transformation: [-0.9995468755281369f,-0.01590273599291108f,-0.0255567331613183f,0.0061884984062442975f,0.010613170267252291f,0.6083212430465365f,-0.7936199505274516f,0.4599425169055226f,0.028167432236847006f,-0.7935315798670247f,-0.60787681935975f,-0.32438352377907054f,0f,0f,0f,1f], start_interpolation: 0, interpolation_duration: 1 }
$data merge entity $(bone_middletail) { transformation: [-0.9995468755281369f,-0.020171475198423394f,-0.022341781716292145f,0.014657458124151503f,0.010613170267252291f,0.458393302538052f,-0.8886860755098709f,0.7968356266376355f,0.028167432236847006f,-0.8885205072346822f,-0.45797151001411135f,-0.15079232638336124f,0f,0f,0f,1f], start_interpolation: 0, interpolation_duration: 1 }
$data merge entity $(bone_tail) { transformation: [-0.9995468755281369f,-0.01921528254384686f,-0.023169301644615666f,0.021875f,0.010613170267252291f,0.49531508834742316f,-0.8686485617741287f,1.132030476962916f,0.028167432236847006f,-0.8685008555966679f,-0.4948867138942387f,0.006067071464133961f,0f,0f,0f,1f], start_interpolation: 0, interpolation_duration: 1 }
$data merge entity $(bone_hair) { transformation: [-0.6893654271085455f,0.12155372436685122f,1.2244536504382553e-16f,0.12499999999999994f,0.12153455316992827f,0.6892567018479762f,0.017759811512828988f,2.3542314111474605f,0.0021587712334375612f,0.012243000048908634f,-0.999842282110048f,0.35385865909910985f,0f,0f,0f,1f], start_interpolation: 0, interpolation_duration: 1 }
$data merge entity $(bone_ear_left) { transformation: [-0.5245347808797457f,0.2533522578010894f,-0.828783791704011f,0.142644375f,0.2693221957827457f,1.2498748873751917f,0.055627425125816796f,2.39469117126298f,0.8076687554351707f,-0.25224075677007896f,-0.556797105041499f,0.07787386241266728f,0f,0f,0f,1f], start_interpolation: 0, interpolation_duration: 1 }
$data merge entity $(bone_ear_right) { transformation: [-0.5245347808797455f,-0.2224938689961995f,0.8340091360103205f,-0.142644375f,-0.2693221957827457f,1.2514298318914483f,0.02816018805669533f,2.39469117126298f,-0.8076687554351708f,-0.2728000258637146f,-0.5510315461567789f,0.07787386241266724f,0f,0f,0f,1f], start_interpolation: 0, interpolation_duration: 1 }
$data merge entity $(bone_head) { transformation: [-1f,-2.1749496322646333e-18f,1.2244536504382553e-16f,-7.733161026009416e-18f,0f,0.999842282110048f,0.017759811512828988f,2.00094744305485f,-1.2246467991473532e-16f,0.017759811512828988f,-0.999842282110048f,0.06314605183628083f,0f,0f,0f,1f], start_interpolation: 0, interpolation_duration: 1 }
$data merge entity $(bone_body) { transformation: [-1f,-4.962789629936866e-19f,1.2246367434390276e-16f,-6.403984274441296e-18f,0f,0.9999917888910234f,0.004052425265302742f,1.066084375f,-1.2246467991473532e-16f,0.004052425265302742f,-0.9999917888910234f,0.0522925f,0f,0f,0f,1f], start_interpolation: 0, interpolation_duration: 1 }
$data merge entity $(bone_shoe_left) { transformation: [-0.9537169507482268f,0.0008200534003526959f,-0.3007046813202691f,0.12927596954886864f,-2.710505431213761e-20f,0.9999962814684461f,0.0027270953925883396f,0.2507957796963629f,0.300705799504273f,0.00260087710221889f,-0.9537134043216522f,0.07910186131581262f,0f,0f,0f,1f], start_interpolation: 0, interpolation_duration: 1 }
$data merge entity $(bone_lowerleg_left) { transformation: [-0.984807753012208f,0f,-0.17364817766693025f,0.12713060341510052f,0f,1f,0f,0.6877007796963629f,0.17364817766693022f,0f,-0.9848077530122081f,0.07458325241287515f,0f,0f,0f,1f], start_interpolation: 0, interpolation_duration: 1 }
$data merge entity $(bone_leg_left) { transformation: [-0.984807753012208f,-0.005681609106934787f,-0.17355520425790108f,0.12499999999999999f,0f,0.9994645874763657f,-0.03271908282177614f,1.0625f,0.17364817766693022f,-0.0322220064343337f,-0.9842804746078732f,0.06250000000000001f,0f,0f,0f,1f], start_interpolation: 0, interpolation_duration: 1 }