# This file was generated by Animated Java via MC-Build. It is not recommended to edit this file directly.
$data merge entity $(bone_hammer) { transformation: [-0.07066589146370243f,-0.041052546381058805f,0.012765776308362795f,0.43869442454285257f,-0.0033525461461209076f,0.029748712681422068f,0.07710849080108002f,0.6069944816922285f,-0.04286067012381247f,0.06535784080669377f,-0.02707878186160735f,-0.13641286023663687f,0f,0f,0f,1f], start_interpolation: 0, interpolation_duration: 1 }
$data merge entity $(bone_hand_left) { transformation: [-0.8492154074990526f,0.17035640396950266f,0.4998118518930875f,0.3170607766818365f,-0.03952408059935075f,0.9233680788645011f,-0.38187594580813355f,0.9459979221858992f,-0.526565322366555f,-0.3440495408522734f,-0.7774052191234283f,0.14848379219709876f,0f,0f,0f,1f], start_interpolation: 0, interpolation_duration: 1 }
$data merge entity $(bone_lowerarm_left) { transformation: [-0.8492154074990526f,0.06268308818295748f,0.5243129047830748f,0.34477845473773805f,-0.03952408059935075f,0.9825984783120426f,-0.18148850506749603f,1.3804906868145055f,-0.526565322366555f,-0.1748458202952135f,-0.8319602757381507f,0.07116915603530904f,0f,0f,0f,1f], start_interpolation: 0, interpolation_duration: 1 }
$data merge entity $(bone_arm_left) { transformation: [-0.8523221421636343f,-0.0020763754957487785f,0.5230130539885158f,0.34375f,-0.055345500596616345f,0.9947355646896848f,-0.08624402533047618f,1.8731956461998651f,-0.5200806106184919f,-0.10245411171004574f,-0.8479500654239034f,0.020422353828927008f,0f,0f,0f,1f], start_interpolation: 0, interpolation_duration: 1 }
$data merge entity $(bone_bread) { transformation: [-0.000009066305639134575f,-0.000001703214871437288f,-0.00000386020221743777f,-0.3038416641239677f,-2.5489215803846036e-8f,0.000009170959395079857f,-0.000003986584261454195f,0.7008830452993386f,0.000004219176739326562f,-0.000003604519784314055f,-0.000008319013449130508f,0.12179773453691946f,0f,0f,0f,1f], start_interpolation: 0, interpolation_duration: 1 }
$data merge entity $(bone_hand_right) { transformation: [-0.9066305639134574f,-0.1703214871437288f,-0.386020221743777f,-0.3495113719632773f,-0.0025489215803846032f,0.9170959395079855f,-0.39865842614541946f,0.9511707777361139f,0.4219176739326562f,-0.3604519784314055f,-0.8319013449130507f,0.17330638698997186f,0f,0f,0f,1f], start_interpolation: 0, interpolation_duration: 1 }
$data merge entity $(bone_lowerarm_right) { transformation: [-0.9124311765724767f,-0.048945421481167074f,-0.4062926208222302f,-0.37115442552448086f,0.03330271190054947f,0.9806478747678896f,-0.19292660545733664f,1.38480100986004f,0.4078728691622362f,-0.1895628957081336f,-0.893143678907326f,0.08948404404403154f,0f,0f,0f,1f], start_interpolation: 0, interpolation_duration: 1 }
$data merge entity $(bone_arm_right) { transformation: [-0.8999939307660715f,0.05588633393427383f,-0.4323050338171213f,-0.34375f,0.10995969259964364f,0.9887814504025956f,-0.10109455644658341f,1.8731956461998651f,0.42180539421352525f,-0.1385206158632223f,-0.8960425483163431f,0.020422353828926924f,0f,0f,0f,1f], start_interpolation: 0, interpolation_duration: 1 }
$data merge entity $(bone_uppertail) { transformation: [-0.9997710342912042f,-0.020100870621779645f,0.007337165157080474f,0.012230731789856354f,-0.016058898839590413f,0.4782118290397914f,-0.8780976929331251f,0.44414867924611084f,0.014141808949197459f,-0.8780144654654976f,-0.4784251327773037f,-0.30056230805128326f,0f,0f,0f,1f], start_interpolation: 0, interpolation_duration: 1 }
$data merge entity $(bone_middletail) { transformation: [-0.9997724061944255f,-0.020696670777665585f,-0.00517529041983434f,0.014192186353323864f,-0.0035306260365149354f,0.399753904968292f,-0.9166157047216634f,0.7916282515935387f,0.021039736024935973f,-0.9163888166500738f,-0.39973599566048384f,-0.14904764217963495f,0f,0f,0f,1f], start_interpolation: 0, interpolation_duration: 1 }
$data merge entity $(bone_tail) { transformation: [-0.9995305571714305f,-0.01855390797365101f,-0.024380684557147706f,0.021875f,0.012539150019435197f,0.4783393174168028f,-0.878085569366686f,1.128523017030152f,0.027954158856240863f,-0.877979071454515f,-0.4778821142190902f,0.001237080102267439f,0f,0f,0f,1f], start_interpolation: 0, interpolation_duration: 1 }
$data merge entity $(bone_hair) { transformation: [-0.6893654271085455f,0.12155372436685122f,1.2243728824778782e-16f,0.12499999999999996f,0.12152653645327155f,0.6892112367885478f,-0.021149227904643256f,2.3631713086377695f,-0.002570767419292809f,-0.014579546527500351f,-0.9997763300653988f,0.2874821073020453f,0f,0f,0f,1f], start_interpolation: 0, interpolation_duration: 1 }
$data merge entity $(bone_ear_left) { transformation: [-0.38268343236508995f,3.3670434535217016e-18f,-0.9238795325112866f,0.142644375f,0.01953933878951647f,1.2997092290850185f,-0.008093459126420418f,2.420343761247158f,0.9236728884366704f,-0.027493996276036232f,-0.3825978375867999f,0.05663632080997435f,0f,0f,0f,1f], start_interpolation: 0, interpolation_duration: 1 }
$data merge entity $(bone_ear_right) { transformation: [-0.3826834323650897f,3.3670434535217016e-18f,0.9238795325112866f,-0.142644375f,-0.01953933878951647f,1.2997092290850185f,-0.008093459126420418f,2.420343761247158f,-0.9236728884366704f,-0.027493996276036232f,-0.38259783758679966f,0.05663632080997431f,0f,0f,0f,1f], start_interpolation: 0, interpolation_duration: 1 }
$data merge entity $(bone_head) { transformation: [-1f,2.5900334257859242e-18f,1.2243728824778782e-16f,-1.3144030709587678e-18f,0f,0.9997763300653988f,-0.021149227904643256f,1.9988455381883474f,-1.2246467991473532e-16f,-0.021149227904643256f,-0.9997763300653988f,0.010732915579201342f,0f,0f,0f,1f], start_interpolation: 0, interpolation_duration: 1 }
$data merge entity $(bone_body) { transformation: [-1f,6.3681972135917434e-18f,1.2229899382606292e-16f,-6.403984274441296e-18f,0f,0.9986470704141982f,-0.05200027647175929f,1.0648436342592593f,-1.2246467991473532e-16f,-0.05200027647175929f,-0.9986470704141982f,0.0522925f,0f,0f,0f,1f], start_interpolation: 0, interpolation_duration: 1 }
$data merge entity $(bone_shoe_right) { transformation: [-0.9063451443233701f,-0.013116602751579954f,0.42233450497645414f,-0.123355715820656f,0.0056934725397687356f,0.9990482215818578f,0.04324621745963609f,0.25770419025452995f,-0.4224997795643073f,0.04160054911157399f,-0.9054078255580341f,0.04914973745873354f,0f,0f,0f,1f], start_interpolation: 0, interpolation_duration: 1 }
$data merge entity $(bone_lowerleg_right) { transformation: [-0.9537169507482269f,-0.013116602751579954f,0.3004195942140948f,-0.1260446578018298f,0f,0.9990482215818578f,0.043619387365336f,0.6914342253327546f,-0.3007057995042732f,0.04160054911157399f,-0.9528092235374884f,0.06409869938242967f,0f,0f,0f,1f], start_interpolation: 0, interpolation_duration: 1 }
$data merge entity $(bone_leg_right) { transformation: [-0.9537169507482269f,0f,0.3007057995042732f,-0.125f,0f,1f,0f,1.0639863190827545f,-0.3007057995042732f,0f,-0.9537169507482269f,0.06246100531684026f,0f,0f,0f,1f], start_interpolation: 0, interpolation_duration: 1 }
$data merge entity $(bone_shoe_left) { transformation: [-0.9542145351349429f,-0.0031621400359767926f,-0.2991063720611736f,0.13735369329726344f,0.008445465128359931f,0.9992606755984285f,-0.037507016961340144f,0.254981511265967f,0.29900383786160667f,-0.0383158331889765f,-0.9534823553013787f,0.12243140163084272f,0f,0f,0f,1f], start_interpolation: 0, interpolation_duration: 1 }
$data merge entity $(bone_lowerleg_left) { transformation: [-0.984807753012208f,-0.010206559800434884f,-0.17334796146504264f,0.13075047794651992f,-8.673617379884035e-19f,0.9982711237980084f,-0.05877723531318484f,0.690847703391638f,0.17364817766693022f,-0.05788427703704736f,-0.9831051423244884f,0.0926310735090756f,0f,0f,0f,1f], start_interpolation: 0, interpolation_duration: 1 }
$data merge entity $(bone_leg_left) { transformation: [-0.984807753012208f,-0.0138077927528924f,-0.17309833756087586f,0.12499999999999999f,-8.673617379884035e-19f,0.9968335970268057f,-0.0795159093427214f,1.0623703703703704f,0.17364817766693022f,-0.0783078840085279f,-0.9816894548150454f,0.06250000000000001f,0f,0f,0f,1f], start_interpolation: 0, interpolation_duration: 1 }