# This file was generated by Animated Java via MC-Build. It is not recommended to edit this file directly.
$data merge entity $(bone_hammer) { transformation: [-1.4598580493056073f,0.08482911784149817f,0.10449540279825681f,0.05467755906111604f,-0.041145592897244135f,0.8024456199688534f,-1.2262499173251948f,3.1884782510627767f,-0.1281495556951759f,-1.2240040197324298f,-0.7966759966360816f,0.2255904777042692f,0f,0f,0f,1f], start_interpolation: 0, interpolation_duration: 1 }
$data merge entity $(bone_hand_left) { transformation: [-0.9916928840338824f,0.11065120135810709f,0.06558609147195828f,0.3979170811140371f,-0.11790856583969223f,-0.985783033592579f,-0.11970539161892134f,2.710134585897985f,0.05140811082103107f,-0.12644414703346302f,0.9906407440756678f,0.20403335926508404f,0f,0f,0f,1f], start_interpolation: 0, interpolation_duration: 1 }
$data merge entity $(bone_lowerarm_left) { transformation: [-0.9916928840338824f,0.10618344757441794f,0.07259682649931247f,0.44487007433835f,-0.11790856583969223f,-0.9759915841529055f,-0.18313382474116865f,2.278563307280372f,0.05140811082103107f,-0.1901722985187721f,0.9804038469008064f,0.11994154601381452f,0f,0f,0f,1f], start_interpolation: 0, interpolation_duration: 1 }
$data merge entity $(bone_arm_left) { transformation: [-0.9789263201709171f,-0.20415409330140066f,-0.0049361791813259115f,0.34375f,0.18650575637567468f,-0.883933878500323f,-0.42880823368740706f,1.8407398080856807f,0.08317970013990578f,-0.42069229209442316f,0.9033820525430954f,-0.08843260491420449f,0f,0f,0f,1f], start_interpolation: 0, interpolation_duration: 1 }
$data merge entity $(bone_bread) { transformation: [-0.000004211048861290124f,-0.000009031088839432158f,8.405366512598529e-7f,-0.07228087849339476f,0.00000844186793556442f,-0.0000035636051999162093f,0.0000040044454968971045f,2.6465882226014026f,-0.000003316916225399203f,0.0000023958615054744175f,0.000009124577491603074f,-0.3037940520212329f,0f,0f,0f,1f], start_interpolation: 0, interpolation_duration: 1 }
$data merge entity $(bone_hand_right) { transformation: [-0.42110488612901237f,-0.9031088839432156f,0.08405366512598528f,-0.3066617103797846f,0.844186793556442f,-0.3563605199916209f,0.40044454968971044f,2.5713404647392992f,-0.3316916225399203f,0.23958615054744173f,0.9124577491603072f,-0.3861725266427634f,0f,0f,0f,1f], start_interpolation: 0, interpolation_duration: 1 }
$data merge entity $(bone_lowerarm_right) { transformation: [-0.8403963239677661f,-0.5409158694463696f,-0.033823672812746564f,-0.5458479464006012f,0.5205075237740879f,-0.8229287464439915f,0.22772833809319415f,2.2074516596710967f,-0.15101634466518216f,0.1737765820161014f,0.97313707317457f,-0.3093306942825186f,0f,0f,0f,1f], start_interpolation: 0, interpolation_duration: 1 }
$data merge entity $(bone_arm_right) { transformation: [-0.7983251284509209f,0.43431222573866246f,-0.417192856911225f,-0.34375f,-0.5635986676860648f,-0.7829148415220617f,0.2634404917756148f,1.8407398080856807f,-0.2122110531200328f,0.44544050275925096f,0.869798383210312f,-0.0884326049142046f,0f,0f,0f,1f], start_interpolation: 0, interpolation_duration: 1 }
$data merge entity $(bone_uppertail) { transformation: [-0.8244107146502933f,-0.03536946499447881f,0.5648858066156355f,0.12570839539848677f,-0.43237675157079225f,0.683397366021403f,-0.5882332741490387f,0.5316215256755668f,-0.36523597614539893f,-0.7291893039952057f,-0.5786930452909425f,-0.4642635194088964f,0f,0f,0f,1f], start_interpolation: 0, interpolation_duration: 1 }
$data merge entity $(bone_middletail) { transformation: [-0.952224224480327f,-0.011410501729408823f,0.3051865442039067f,0.010017677660018562f,-0.24563332703080148f,0.6224223017439291f,-0.7431384439951743f,0.8133434353804087f,-0.18147532880427386f,-0.7825984147326598f,-0.5954883930802584f,-0.23854019784382607f,0f,0f,0f,1f], start_interpolation: 0, interpolation_duration: 1 }
$data merge entity $(bone_tail) { transformation: [-0.999363291636532f,-0.007588074332290539f,-0.03486305289734987f,0.021875f,0.020096921331475295f,0.6876571131405601f,-0.7257574033381868f,1.1002961630762667f,0.029480927434398573f,-0.7259959475610855f,-0.6870667791725118f,-0.006893608552506425f,0f,0f,0f,1f], start_interpolation: 0, interpolation_duration: 1 }
$data merge entity $(bone_hair) { transformation: [-0.6893654271085455f,0.12155372436685125f,1.1366551479883066e-16f,0.12500000000000003f,0.1128200119862549f,0.6398340828666995f,-0.3722079496062699f,2.402424496591301f,-0.04524326251359146f,-0.2565872921535223f,-0.9281493641919368f,0.015563600794885335f,0f,0f,0f,1f], start_interpolation: 0, interpolation_duration: 1 }
$data merge entity $(bone_ear_left) { transformation: [-0.38268343236508995f,5.925702563332732e-17f,-0.9238795325112866f,0.14264437500000005f,0.34387530647922515f,1.206594173449518f,-0.14243781570889977f,2.3745552613154706f,0.8574982006902945f,-0.48387033448815087f,-0.3551873844364463f,-0.2206180500665989f,0f,0f,0f,1f], start_interpolation: 0, interpolation_duration: 1 }
$data merge entity $(bone_ear_right) { transformation: [-0.3826834323650897f,5.925702563332732e-17f,0.9238795325112866f,-0.14264437499999993f,-0.34387530647922515f,1.206594173449518f,-0.14243781570889977f,2.3745552613154706f,-0.8574982006902945f,-0.48387033448815087f,-0.3551873844364461f,-0.22061805006659896f,0f,0f,0f,1f], start_interpolation: 0, interpolation_duration: 1 }
$data merge entity $(bone_head) { transformation: [-1f,4.558232741025178e-17f,1.1366551479883066e-16f,1.4083321229290696e-17f,0f,0.9281493641919368f,-0.3722079496062699f,1.9639307364634462f,-1.2246467991473532e-16f,-0.3722079496062699f,-0.9281493641919368f,-0.11499904494174201f,0f,0f,0f,1f], start_interpolation: 0, interpolation_duration: 1 }
$data merge entity $(bone_body) { transformation: [-1f,2.2823162538820767e-17f,1.2031916338782092e-16f,-6.403984274441296e-18f,0f,0.9824805280313622f,-0.18636526510918203f,1.0440936342592593f,-1.2246467991473532e-16f,-0.18636526510918203f,-0.9824805280313622f,0.0522925f,0f,0f,0f,1f], start_interpolation: 0, interpolation_duration: 1 }
$data merge entity $(bone_shoe_right) { transformation: [-0.9099852048015488f,-0.1270837622818432f,0.39468550062876046f,-0.08937358856395608f,0.055162752467670606f,0.9063077870366499f,0.41900270392554845f,0.37092428999815635f,-0.4109549826714281f,0.4030581999178559f,-0.8177163870783708f,-0.09407854673787863f,0f,0f,0f,1f], start_interpolation: 0, interpolation_duration: 1 }
$data merge entity $(bone_lowerleg_right) { transformation: [-0.9537169507482269f,-0.1270837622818432f,0.2725320076978044f,-0.13544657801829804f,0f,0.9063077870366499f,0.42261826174069944f,0.7383372077546295f,-0.3007057995042732f,0.4030581999178559f,-0.8643610990919672f,0.0765033512461718f,0f,0f,0f,1f], start_interpolation: 0, interpolation_duration: 1 }
$data merge entity $(bone_leg_right) { transformation: [-0.9537169507482269f,0f,0.3007057995042732f,-0.125f,0f,1f,0f,1.0888581452546295f,-0.3007057995042732f,0f,-0.9537169507482269f,0.06012641059027776f,0f,0f,0f,1f], start_interpolation: 0, interpolation_duration: 1 }
$data merge entity $(bone_shoe_left) { transformation: [-0.9724983258078581f,-0.05751777999076352f,-0.2256960595266279f,0.2577627856020975f,0.0975659146998707f,0.7793048144429324f,-0.6190031490023653f,0.805181884046047f,0.21148971272780764f,-0.6239997685664642f,-0.7522608525234507f,0.7638048622184066f,0f,0f,0f,1f], start_interpolation: 0, interpolation_duration: 1 }
$data merge entity $(bone_lowerleg_left) { transformation: [-0.984807753012208f,-0.14981934841048408f,-0.08779437595258449f,0.19057462700981426f,0f,0.5055876608217591f,-0.8627752414301086f,1.021914927395581f,0.17364817766693025f,-0.8496677468673506f,-0.497906648204575f,0.3904102469483242f,0f,0f,0f,1f], start_interpolation: 0, interpolation_duration: 1 }
$data merge entity $(bone_leg_left) { transformation: [-0.984807753012208f,-0.17138560736695801f,-0.02794035065106871f,0.12499999999999999f,0f,0.1609020666180575f,-0.9869703769404826f,1.0578703703703705f,0.17364817766693025f,-0.9719760792043687f,-0.15845760268114983f,0.06250000000000001f,0f,0f,0f,1f], start_interpolation: 0, interpolation_duration: 1 }