# This file was generated by Animated Java via MC-Build. It is not recommended to edit this file directly.
$data merge entity $(bone_hammer) { transformation: [-1.6095680732765387f,0.02218420456249464f,0.20592848601416686f,0.0307608584244482f,-0.1889738014676323f,0.5031557747409778f,-1.5312515245703366f,3.0474321988884854f,-0.08477961218966129f,-1.542708718523377f,-0.49645774235501144f,-0.10932220524146428f,0f,0f,0f,1f], start_interpolation: 0, interpolation_duration: 1 }
$data merge entity $(bone_hand_left) { transformation: [-0.9779909040680643f,0.18683976628712298f,0.09286922684023738f,0.34806784011341746f,-0.1663523647436216f,-0.9669050575484325f,0.19344637611355342f,2.7510530438388274f,0.12593920082458543f,0.17373978076719976f,0.9767055883297839f,-0.0950107018464824f,0f,0f,0f,1f], start_interpolation: 0, interpolation_duration: 1 }
$data merge entity $(bone_lowerarm_left) { transformation: [-0.9779909040680643f,0.1821458874711494f,0.10176771215605462f,0.4286104747295663f,-0.1663523647436216f,-0.9751059472600425f,0.1466126950925436f,2.3198733827847775f,0.12593920082458543f,0.12645658264970439f,0.9839451460321468f,-0.03909318170606625f,0f,0f,0f,1f], start_interpolation: 0, interpolation_duration: 1 }
$data merge entity $(bone_arm_left) { transformation: [-0.9845890833955817f,-0.17132714140984992f,0.035090561046776714f,0.34375f,0.16522926261010934f,-0.9770620078066802f,-0.13434702705343846f,1.8359223570430314f,0.05730294613340395f,-0.12647862869713244f,0.9903128439272736f,-0.10173962748261467f,0f,0f,0f,1f], start_interpolation: 0, interpolation_duration: 1 }
$data merge entity $(bone_bread) { transformation: [-0.0000031229036231275707f,-0.000009452084990243904f,9.516103708254701e-7f,0.06937913140521593f,0.00000800733127068434f,-0.0000020800132870810657f,0.000005617489710456708f,2.5631407612878268f,-0.000005111762795961631f,0.0000025162738449485413f,0.000008218165674592504f,-0.4264093283556748f,0f,0f,0f,1f], start_interpolation: 0, interpolation_duration: 1 }
$data merge entity $(bone_hand_right) { transformation: [-0.31229036231275703f,-0.9452084990243904f,0.095161037082547f,-0.16879850503623517f,0.8007331270684339f,-0.20800132870810656f,0.5617489710456707f,2.4974676696939966f,-0.5111762795961631f,0.2516273844948541f,0.8218165674592502f,-0.5060414264045919f,0f,0f,0f,1f], start_interpolation: 0, interpolation_duration: 1 }
$data merge entity $(bone_lowerarm_right) { transformation: [-0.7389736362364546f,-0.6719242382459621f,-0.049353652398333836f,-0.46591500413562154f,0.5931931712030393f,-0.6836171909308152f,0.4251933653080012f,2.1951806930792768f,-0.3194367333065407f,0.2849304376886489f,0.9037559510692039f,-0.38004874848914255f,0f,0f,0f,1f], start_interpolation: 0, interpolation_duration: 1 }
$data merge entity $(bone_arm_right) { transformation: [-0.8772985682095868f,0.26720067934323755f,-0.3986866177537457f,-0.34375f,-0.4407124564861321f,-0.7774380247067737f,0.44873449659903525f,1.8359223570430314f,-0.19005197424748854f,0.5693802900509842f,0.7998039337150634f,-0.10173962748261478f,0f,0f,0f,1f], start_interpolation: 0, interpolation_duration: 1 }
$data merge entity $(bone_uppertail) { transformation: [-0.7977103056021569f,-0.03581678944177652f,0.6019762669160611f,0.13395237476283442f,-0.44822694662040496f,0.7030174724295729f,-0.552140414914615f,0.5435338042614872f,-0.40342393664662735f,-0.7102700831745753f,-0.576858332944684f,-0.4788513746888036f,0f,0f,0f,1f], start_interpolation: 0, interpolation_duration: 1 }
$data merge entity $(bone_middletail) { transformation: [-0.9442570314282691f,-0.009852172431768842f,0.3290616861572424f,0.009211068561398382f,-0.25769307027080196f,0.6441597007336537f,-0.7201753685631973f,0.8165512637898364f,-0.20487298536576343f,-0.7648275718415912f,-0.6107911633432619f,-0.24732671553389007f,0f,0f,0f,1f], start_interpolation: 0, interpolation_duration: 1 }
$data merge entity $(bone_tail) { transformation: [-0.9993007155713675f,-0.005900124586513717f,-0.036922464549601f,0.021875f,0.021921322938106447f,0.7075165665611239f,-0.7063566830165917f,1.0969463504944117f,0.03029084777942298f,-0.7066721280561603f,-0.7068924727066922f,-0.007825511887810513f,0f,0f,0f,1f], start_interpolation: 0, interpolation_duration: 1 }
$data merge entity $(bone_hair) { transformation: [-0.6893654271085455f,0.12155372436685125f,1.1180222539228025e-16f,0.12500000000000003f,0.11097058268878567f,0.6293454481152939f,-0.4081062204524477f,2.4019016973599845f,-0.04960683103327433f,-0.2813343189678559f,-0.9129344515506127f,-0.016993139868063972f,0f,0f,0f,1f], start_interpolation: 0, interpolation_duration: 1 }
$data merge entity $(bone_ear_left) { transformation: [-0.38268343236508995f,6.497217695659785e-17f,-0.9238795325112866f,0.14264437500000005f,0.37704098416655546f,1.1868147870157966f,-0.15617548921228672f,2.3648467958637056f,0.8434414543120279f,-0.530538086588182f,-0.3493648894437294f,-0.2519088710433445f,0f,0f,0f,1f], start_interpolation: 0, interpolation_duration: 1 }
$data merge entity $(bone_ear_right) { transformation: [-0.3826834323650897f,6.497217695659785e-17f,0.9238795325112866f,-0.14264437499999993f,-0.37704098416655546f,1.1868147870157966f,-0.15617548921228672f,2.3648467958637056f,-0.8434414543120279f,-0.530538086588182f,-0.3493648894437292f,-0.2519088710433446f,0f,0f,0f,1f], start_interpolation: 0, interpolation_duration: 1 }
$data merge entity $(bone_head) { transformation: [-1f,4.997859765892142e-17f,1.1180222539228025e-16f,1.5964881731334917e-17f,0f,0.9129344515506127f,-0.4081062204524477f,1.958651629800673f,-1.2246467991473532e-16f,-0.4081062204524477f,-0.9129344515506127f,-0.13036315239994334f,0f,0f,0f,1f], start_interpolation: 0, interpolation_duration: 1 }
$data merge entity $(bone_body) { transformation: [-1f,2.483273084233446e-17f,1.1992052912462799e-16f,-6.403984274441296e-18f,0f,0.9792254322480679f,-0.20277463558982048f,1.0417417824074073f,-1.2246467991473532e-16f,-0.20277463558982048f,-0.9792254322480679f,0.0522925f,0f,0f,0f,1f], start_interpolation: 0, interpolation_duration: 1 }
$data merge entity $(bone_shoe_right) { transformation: [-0.910742609912208f,-0.13885048591283028f,0.3889324376444713f,-0.0863765483676798f,0.06027028824845829f,0.8870108331782217f,0.4577982898383574f,0.38788197773048977f,-0.40855280055917786f,0.44037747942673894f,-0.7994700024197311f,-0.10755682404655849f,0f,0f,0f,1f], start_interpolation: 0, interpolation_duration: 1 }
$data merge entity $(bone_lowerleg_right) { transformation: [-0.9537169507482269f,-0.13885048591283028f,0.26672930175980863f,-0.13649123582012784f,0f,0.8870108331782217f,0.4617486132350339f,0.744204213035301f,-0.3007057995042732f,0.44037747942673894f,-0.8459572670993778f,0.07784773747755981f,0f,0f,0f,1f], start_interpolation: 0, interpolation_duration: 1 }
$data merge entity $(bone_leg_right) { transformation: [-0.9537169507482269f,0f,0.3007057995042732f,-0.125f,0f,1f,0f,1.092277244285301f,-0.3007057995042732f,0f,-0.9537169507482269f,0.059833102756076374f,0f,0f,0f,1f], start_interpolation: 0, interpolation_duration: 1 }
$data merge entity $(bone_shoe_left) { transformation: [-0.9751525622933304f,-0.06312144464572052f,-0.21235150924490603f,0.2619061165843133f,0.09943284286101478f,0.7318634420581563f,-0.6741580022067264f,0.9017453651902634f,0.19796613350098277f,-0.67852161749249f,-0.7074021660852094f,0.7825991068242637f,0f,0f,0f,1f], start_interpolation: 0, interpolation_duration: 1 }
$data merge entity $(bone_lowerleg_left) { transformation: [-0.984807753012208f,-0.15867565547991422f,-0.07053882594050838f,0.19093180804179388f,-1.3877787807814457e-17f,0.40621690874180644f,-0.913776681171199f,1.0748168756591543f,0.17364817766693025f,-0.8998943601391612f,-0.4000455611335836f,0.3877321681750607f,0f,0f,0f,1f], start_interpolation: 0, interpolation_duration: 1 }
$data merge entity $(bone_leg_left) { transformation: [-0.984807753012208f,-0.17363870338716453f,-0.0018139165003026162f,0.12499999999999999f,-1.3877787807814457e-17f,0.010445928800829951f,-0.9999454397973362f,1.0580185185185185f,0.17364817766693025f,-0.9847540217016189f,-0.010287231670470853f,0.06250000000000001f,0f,0f,0f,1f], start_interpolation: 0, interpolation_duration: 1 }