# This file was generated by Animated Java via MC-Build. It is not recommended to edit this file directly.
$data merge entity $(bone_hammer) { transformation: [-1.734718210235524f,-0.006739049790563332f,0.3343926246140767f,0.036886183901432446f,-0.3342568640275482f,0.09656209903194496f,-1.7320679031123813f,2.857691620267422f,-0.01167009163801439f,-1.7640128846892174f,-0.09609090863705698f,-0.3298217309129012f,0f,0f,0f,1f], start_interpolation: 0, interpolation_duration: 1 }
$data merge entity $(bone_hand_left) { transformation: [-0.9624362620914418f,0.25698561758739774f,0.08760612857943756f,0.2962580510928269f,-0.1859442255412887f,-0.8589958943947962f,0.4770228489294137f,2.7019259255409094f,0.19784131620898482f,0.4428142339244615f,0.8745137893907614f,-0.379620360002758f,0f,0f,0f,1f], start_interpolation: 0, interpolation_duration: 1 }
$data merge entity $(bone_lowerarm_left) { transformation: [-0.9624362620914418f,0.25393973417067106f,0.09607836812093597f,0.40854702729642045f,-0.1859442255412887f,-0.8743394097976196f,0.44828042725798356f,2.3153039677710243f,0.19784131620898482f,0.41357612102741004f,0.8887145805693849f,-0.19674216898595015f,0f,0f,0f,1f], start_interpolation: 0, interpolation_duration: 1 }
$data merge entity $(bone_arm_left) { transformation: [-0.9904315306200066f,-0.13082049674987098f,0.04394747755933192f,0.34375f,0.13627090011490361f,-0.9773965832290836f,0.16163588980788493f,1.831187222640369f,0.02180882701075293f,0.16607804407033985f,0.9858714207959299f,-0.11448163778235992f,0f,0f,0f,1f], start_interpolation: 0, interpolation_duration: 1 }
$data merge entity $(bone_bread) { transformation: [-0.0000036311243524064175f,-0.00000922738245570214f,0.0000012924198054662716f,0.17381929367415705f,0.00000642696531355836f,-0.0000014761663547368702f,0.0000075176492171064085f,2.489430115522859f,-0.000006746039786102571f,0.0000035603856405371682f,0.000006466421057662261f,-0.5857298924455542f,0f,0f,0f,1f], start_interpolation: 0, interpolation_duration: 1 }
$data merge entity $(bone_hand_right) { transformation: [-0.36311243524064174f,-0.9227382455702139f,0.12924198054662714f,-0.06687947231519575f,0.6426965313558359f,-0.147616635473687f,0.7517649217106408f,2.4033368945088993f,-0.674603978610257f,0.3560385640537168f,0.646642105766226f,-0.630839468442723f,0f,0f,0f,1f], start_interpolation: 0, interpolation_duration: 1 }
$data merge entity $(bone_lowerarm_right) { transformation: [-0.6903499719609275f,-0.7231292994146065f,-0.022381522327293624f,-0.386638209400092f,0.5366404800295692f,-0.5325723582441159f,0.6545102584588991f,2.1678400548478294f,-0.48521532478599677f,0.43983030768972897f,0.7557217669422907f,-0.43635200426117093f,0f,0f,0f,1f], start_interpolation: 0, interpolation_duration: 1 }
$data merge entity $(bone_arm_right) { transformation: [-0.9417818171744641f,0.0975636000502611f,-0.32175822100576856f,-0.34375f,-0.2849085596195785f,-0.7397185738600222f,0.6096257410428074f,1.831187222640369f,-0.17853325039068046f,0.6658061094881359f,0.7244502074492152f,-0.11448163778236004f,0f,0f,0f,1f], start_interpolation: 0, interpolation_duration: 1 }
$data merge entity $(bone_uppertail) { transformation: [-0.7789390511480794f,-0.03577780087769485f,0.6260781928488534f,0.13924681157417965f,-0.45451015473974854f,0.72006642869684f,-0.5243327736297138f,0.55377615632368f,-0.43205841484107177f,-0.6929821694878844f,-0.5771492345458715f,-0.4916084422091504f,0f,0f,0f,1f], start_interpolation: 0, interpolation_duration: 1 }
$data merge entity $(bone_middletail) { transformation: [-0.9383771613105272f,-0.008202142439309636f,0.34551559731827197f,0.008268168131762685f,-0.2638001586692064f,0.6628815007917047f,-0.7007122035431086f,0.819415857662134f,-0.22328855639485523f,-0.7486793978516724f,-0.624196587475099f,-0.25500172524668885f,0f,0f,0f,1f], start_interpolation: 0, interpolation_duration: 1 }
$data merge entity $(bone_tail) { transformation: [-0.9992170451427405f,-0.00413981767796484f,-0.03934664669071402f,0.021875000000000002f,0.024117023579967235f,0.7246451101259097f,-0.6887001042139108f,1.0938157628147407f,0.0313634479905187f,-0.689109807128154f,-0.7239779056365909f,-0.00870484639066535f,0f,0f,0f,1f], start_interpolation: 0, interpolation_duration: 1 }
$data merge entity $(bone_hair) { transformation: [-0.6893654271085455f,0.12155372436685126f,1.0999545954376579e-16f,0.12500000000000003f,0.10917725649793071f,0.6191749898924539f,-0.43962567230023974f,2.400367176833945f,-0.05343813779537508f,-0.30306273935313627f,-0.8981810887869786f,-0.047195665103310136f,0f,0f,0f,1f], start_interpolation: 0, interpolation_duration: 1 }
$data merge entity $(bone_ear_left) { transformation: [-0.38268343236508995f,6.999020241271394e-17f,-0.9238795325112866f,0.14264437500000005f,0.4061611606047056f,1.1676354154230721f,-0.16823746123166594f,2.35516055569678f,0.8298111244189922f,-0.5715133739903117f,-0.34371902194241455f,-0.2806797713801109f,0f,0f,0f,1f], start_interpolation: 0, interpolation_duration: 1 }
$data merge entity $(bone_ear_right) { transformation: [-0.3826834323650897f,6.999020241271394e-17f,0.9238795325112866f,-0.14264437499999993f,-0.4061611606047056f,1.1676354154230721f,-0.16823746123166594f,2.35516055569678f,-0.8298111244189922f,-0.5715133739903117f,-0.3437190219424143f,-0.280679771380111f,0f,0f,0f,1f], start_interpolation: 0, interpolation_duration: 1 }
$data merge entity $(bone_head) { transformation: [-1f,5.383861724054918e-17f,1.0999545954376579e-16f,1.7766396417428364e-17f,0f,0.8981810887869786f,-0.43962567230023974f,1.953440689687573f,-1.2246467991473532e-16f,-0.43962567230023974f,-0.8981810887869786f,-0.14507363616838767f,0f,0f,0f,1f], start_interpolation: 0, interpolation_duration: 1 }
$data merge entity $(bone_body) { transformation: [-1f,2.6756559326436474e-17f,1.1950600135403017e-16f,-6.403984274441296e-18f,0f,0.9758405561279784f,-0.21848388731400298f,1.039584375f,-1.2246467991473532e-16f,-0.21848388731400298f,-0.9758405561279784f,0.0522925f,0f,0f,0f,1f], start_interpolation: 0, interpolation_duration: 1 }
$data merge entity $(bone_shoe_right) { transformation: [-0.9115662876589052f,-0.15035289975213656f,0.38267598401243563f,-0.08356910841906175f,0.06526309611002577f,0.8660254037844387f,0.49572243068690514f,0.4054805568471491f,-0.4059404284989307f,0.4768584753741134f,-0.7796270665991405f,-0.12040324861711373f,0f,0f,0f,1f], start_interpolation: 0, interpolation_duration: 1 }
$data merge entity $(bone_lowerleg_right) { transformation: [-0.9537169507482269f,-0.15035289975213656f,0.2604188614360106f,-0.13753589362195764f,0f,0.8660254037844387f,0.49999999999999994f,0.750078f,-0.3007057995042732f,0.4768584753741134f,-0.8259431073677969f,0.07922264128707283f,0f,0f,0f,1f], start_interpolation: 0, interpolation_duration: 1 }
$data merge entity $(bone_leg_right) { transformation: [-0.9537169507482269f,0f,0.3007057995042732f,-0.125f,0f,1f,0f,1.095703125f,-0.3007057995042732f,0f,-0.9537169507482269f,0.059570312499999986f,0f,0f,0f,1f], start_interpolation: 0, interpolation_duration: 1 }
$data merge entity $(bone_shoe_left) { transformation: [-0.9775667996060157f,-0.06803544556708749f,-0.19933471964146082f,0.26369736020657886f,0.0995358623342968f,0.6848248023910968f,-0.72187783048059f,0.9913489676247464f,0.18562263982989743f,-0.7255247536621223f,-0.6626900236204682f,0.7884428941175267f,0f,0f,0f,1f], start_interpolation: 0, interpolation_duration: 1 }
$data merge entity $(bone_lowerleg_left) { transformation: [-0.984807753012208f,-0.16507414612746066f,-0.05389077738663208f,0.19000780432184428f,0f,0.31034461812780145f,-0.9506241202489601f,1.122355698187973f,0.17364817766693022f,-0.9361820038215855f,-0.30562978603787183f,0.37817702258065317f,0f,0f,0f,1f], start_interpolation: 0, interpolation_duration: 1 }
$data merge entity $(bone_leg_left) { transformation: [-0.984807753012208f,-0.1722174620265561f,0.02224489559825961f,0.12499999999999999f,0f,-0.12810324817186935f,-0.9917608370004417f,1.0585f,0.17364817766693022f,-0.9766937614119117f,0.12615707198570392f,0.06250000000000001f,0f,0f,0f,1f], start_interpolation: 0, interpolation_duration: 1 }