# This file was generated by Animated Java via MC-Build. It is not recommended to edit this file directly.
$data merge entity $(bone_hammer) { transformation: [-1.8381402073273507f,0.00500139732887256f,0.45584742848395576f,0.07041814134170224f,-0.44878846984520027f,-0.35245462941885175f,-1.805808948188964f,2.6884051596575054f,0.08006748006950296f,-1.8607342728208365f,0.34327609647241825f,-0.4526897482626687f,0f,0f,0f,1f], start_interpolation: 0, interpolation_duration: 1 }
$data merge entity $(bone_hand_left) { transformation: [-0.9500308366821743f,0.30546708778281423f,0.06427493784092186f,0.2595545708720558f,-0.17622144765726044f,-0.6947861581923079f,0.6972934789383539f,2.586780693560609f,0.2576575454717895f,0.6511236846144206f,0.7138981276033667f,-0.6157609625588558f,0f,0f,0f,1f], start_interpolation: 0, interpolation_duration: 1 }
$data merge entity $(bone_lowerarm_left) { transformation: [-0.9500308366821743f,0.3041314843836236f,0.07032389038997786f,0.3940377116229394f,-0.17622144765726044f,-0.7084862591172755f,0.6833690233157983f,2.273496925857189f,0.2576575454717895f,0.6368290672139757f,0.7266782839832424f,-0.3341631094001759f,0f,0f,0f,1f], start_interpolation: 0, interpolation_duration: 1 }
$data merge entity $(bone_arm_left) { transformation: [-0.9943759689477544f,-0.10152724113148648f,0.030143849910778356f,0.34375f,0.10479640431891653f,-0.9021224785869449f,0.4185603269183225f,1.8266643856820926f,-0.015301830643446108f,0.4193652977254745f,0.9076886035654426f,-0.12644623537052682f,0f,0f,0f,1f], start_interpolation: 0, interpolation_duration: 1 }
$data merge entity $(bone_bread) { transformation: [-0.00000521436026857716f,-0.000008357675683111824f,0.0000017203790760775037f,0.23038532848519813f,0.000004413122106790613f,-9.158453584855742e-7f,0.00000892667802432105f,2.398747887480869f,-0.000007303067866317542f,0.0000054139158153098195f,0.00000416589909679751f,-0.7643344936263905f,0f,0f,0f,1f], start_interpolation: 0, interpolation_duration: 1 }
$data merge entity $(bone_hand_right) { transformation: [-0.521436026857716f,-0.8357675683111823f,0.17203790760775037f,-0.006533317212449041f,0.44131221067906123f,-0.09158453584855741f,0.892667802432105f,2.2947123081274254f,-0.7303067866317542f,0.5413915815309819f,0.41658990967975096f,-0.7436229980409417f,0f,0f,0f,1f], start_interpolation: 0, interpolation_duration: 1 }
$data merge entity $(bone_lowerarm_right) { transformation: [-0.7058617045288293f,-0.707912486529318f,0.024883036300541006f,-0.31956336984963185f,0.4064188939025708f,-0.3759705193722208f,0.8327483721040785f,2.1284628440925215f,-0.5801576826679676f,0.597918121467196f,0.553092201411729f,-0.47923107870466597f,0f,0f,0f,1f], start_interpolation: 0, interpolation_duration: 1 }
$data merge entity $(bone_arm_right) { transformation: [-0.9768723946066902f,-0.04956882202851822f,-0.20799821282428405f,-0.34375f,-0.1208275528726884f,-0.6745910260501911f,0.7282359851307456f,1.8266643856820926f,-0.17641152774744842f,0.7365255456908842f,0.6530000715333466f,-0.12644623537052693f,0f,0f,0f,1f], start_interpolation: 0, interpolation_duration: 1 }
$data merge entity $(bone_uppertail) { transformation: [-0.7711574390998137f,-0.03521172779069622f,0.6356699916993181f,0.14105961344899867f,-0.45150760859846817f,0.7341775911062358f,-0.5070741011875259f,0.5616594058304843f,-0.4488397080235991f,-0.6780438031155793f,-0.5820648740113522f,-0.5024935203352552f,0f,0f,0f,1f], start_interpolation: 0, interpolation_duration: 1 }
$data merge entity $(bone_middletail) { transformation: [-0.9355233468090144f,-0.006470629099201515f,0.3532056037697044f,0.007165866296535614f,-0.2637077824401557f,0.6780794421621826f,-0.6860513651305701f,0.8217417526775791f,-0.23506227484595726f,-0.7349601357053889f,-0.6360655043846976f,-0.26138725370385274f,0f,0f,0f,1f], start_interpolation: 0, interpolation_duration: 1 }
$data merge entity $(bone_tail) { transformation: [-0.9991065262549931f,-0.0023177722757584764f,-0.04219925504506593f,0.021875000000000002f,0.02673522324778923f,0.7386565736437493f,-0.673551552630359f,1.0909787302232374f,0.03273189625688782f,-0.6740779585066954f,-0.7379346372293918f,-0.009518840314557284f,0f,0f,0f,1f], start_interpolation: 0, interpolation_duration: 1 }
$data merge entity $(bone_hair) { transformation: [-0.6893654271085455f,0.12155372436685126f,1.0835797268704393e-16f,0.12500000000000003f,0.10755195011428692f,0.6099574193475863f,-0.465952009023629f,2.398062141540698f,-0.05663820207303885f,-0.3212112057126589f,-0.8848099938895603f,-0.0742452634824626f,0f,0f,0f,1f], start_interpolation: 0, interpolation_duration: 1 }
$data merge entity $(bone_ear_left) { transformation: [-0.38268343236508995f,7.418146273291857e-17f,-0.9238795325112866f,0.14264437500000005f,0.43048352426944514f,1.1502529920564284f,-0.17831211413057166f,2.345981820588655f,0.8174578435160014f,-0.6057376117307177f,-0.3386021254525912f,-0.30629290222944006f,0f,0f,0f,1f], start_interpolation: 0, interpolation_duration: 1 }
$data merge entity $(bone_ear_right) { transformation: [-0.3826834323650897f,7.418146273291857e-17f,0.9238795325112866f,-0.14264437499999993f,-0.43048352426944514f,1.1502529920564284f,-0.17831211413057166f,2.345981820588655f,-0.8174578435160014f,-0.6057376117307177f,-0.338602125452591f,-0.30629290222944017f,0f,0f,0f,1f], start_interpolation: 0, interpolation_duration: 1 }
$data merge entity $(bone_head) { transformation: [-1f,5.706266364070659e-17f,1.0835797268704393e-16f,1.945785782444273e-17f,0f,0.8848099938895603f,-0.465952009023629f,1.9484407250918738f,-1.2246467991473532e-16f,-0.465952009023629f,-0.8848099938895603f,-0.15888546671570977f,0f,0f,0f,1f], start_interpolation: 0, interpolation_duration: 1 }
$data merge entity $(bone_body) { transformation: [-1f,2.8562639193874826e-17f,1.1908725149611566e-16f,-6.403984274441296e-18f,0f,0.9724212040486191f,-0.23323164861706452f,1.0376769675925925f,-1.2246467991473532e-16f,-0.23323164861706452f,-0.9724212040486191f,0.0522925f,0f,0f,0f,1f], start_interpolation: 0, interpolation_duration: 1 }
$data merge entity $(bone_shoe_right) { transformation: [-0.9124546701242349f,-0.16156910830126453f,0.37592804924773576f,-0.08095904017150937f,0.07013167195883596f,0.8433914458128857f,0.5327029357136194f,0.4236522726528313f,-0.40312283928938086f,0.5124317441107494f,-0.7582253517727322f,-0.1325830000222688f,0f,0f,0f,1f], start_interpolation: 0, interpolation_duration: 1 }
$data merge entity $(bone_lowerleg_right) { transformation: [-0.9537169507482269f,-0.16156910830126453f,0.2536126990082287f,-0.13858055142378745f,0f,0.8433914458128857f,0.5372996083468239f,0.7559246602285881f,-0.3007057995042732f,0.5124317441107494f,-0.8043567179878038f,0.0806382352007525f,0f,0f,0f,1f], start_interpolation: 0, interpolation_duration: 1 }
$data merge entity $(bone_leg_right) { transformation: [-0.9537169507482269f,0f,0.3007057995042732f,-0.125f,0f,1f,0f,1.099101878978588f,-0.3007057995042732f,0f,-0.9537169507482269f,0.05934821234809026f,0f,0f,0f,1f], start_interpolation: 0, interpolation_duration: 1 }
$data merge entity $(bone_shoe_left) { transformation: [-0.9796607759456323f,-0.07218351225647844f,-0.18722794831947598f,0.26369364360899006f,0.09836800390007931f,0.6404913101214609f,-0.7616394274639466f,1.070479150638295f,0.17489568285785534f,-0.7645655120506113f,-0.6203636658448584f,0.7846069613961911f,0f,0f,0f,1f], start_interpolation: 0, interpolation_duration: 1 }
$data merge entity $(bone_lowerleg_left) { transformation: [-0.984807753012208f,-0.1692945266719388f,-0.03864004200269404f,0.18823372903385927f,0f,0.22251913335254492f,-0.9749283231561345f,1.1629972807572682f,0.17364817766693022f,-0.9601169712753528f,-0.21913856771914372f,0.3643008868042714f,0f,0f,0f,1f], start_interpolation: 0, interpolation_duration: 1 }
$data merge entity $(bone_leg_left) { transformation: [-0.984807753012208f,-0.16818208796904485f,0.043225859082477724f,0.12499999999999999f,0f,-0.248927801392699f,-0.9685220439896023f,1.0593703703703703f,0.17364817766693022f,-0.9538080178841912f,0.24514602875181302f,0.06250000000000001f,0f,0f,0f,1f], start_interpolation: 0, interpolation_duration: 1 }