# This file was generated by Animated Java via MC-Build. It is not recommended to edit this file directly.
$data merge entity $(bone_hammer) { transformation: [-1.9242730598764222f,0.04228226750215599f,0.545760861303421f,0.11134799185611205f,-0.5192587830062878f,-0.7722689689887761f,-1.770999851115122f,2.571106529832263f,0.17324267414988823f,-1.8450697456285583f,0.7537732593170886f,-0.5209706767212575f,0f,0f,0f,1f], start_interpolation: 0, interpolation_duration: 1 }
$data merge entity $(bone_hand_left) { transformation: [-0.942425385469863f,0.33191345454511545f,0.04083933782406051f,0.24129935792837384f,-0.14592557361394673f,-0.5180388853885383f,0.8428175604428524f,2.4446300600257453f,0.300898853084256f,0.7883331604831352f,0.5366476574953541f,-0.7862803587006489f,0f,0f,0f,1f], start_interpolation: 0, interpolation_duration: 1 }
$data merge entity $(bone_lowerarm_left) { transformation: [-0.942425385469863f,0.331547256734741f,0.04371280560256753f,0.3879054105157671f,-0.14592557361394673f,-0.5253198493526384f,0.8382987431945497f,2.2123401891401255f,0.300898853084256f,0.7836551999621957f,0.5434559851402784f,-0.4397578249673656f,0f,0f,0f,1f], start_interpolation: 0, interpolation_duration: 1 }
$data merge entity $(bone_arm_left) { transformation: [-0.9959645138075421f,-0.08914657012646991f,0.01037189812872236f,0.34375f,0.07682278940962893f,-0.7870692529944829f,0.6120622925961297f,1.8224949497662957f,-0.04639985197638043f,0.6103891218111548f,0.7907415340749322f,-0.13742446307027795f,0f,0f,0f,1f], start_interpolation: 0, interpolation_duration: 1 }
$data merge entity $(bone_bread) { transformation: [-0.000006940934883310222f,-0.000006933531358910769f,0.0000019363795703963432f,0.23501921842496912f,0.0000027750300726605213f,-9.503600364150128e-8f,0.000009606777620713494f,2.294872770584863f,-0.000006642486811539567f,0.0000072053529443749544f,0.000001990039674355785f,-0.9211548542003438f,0f,0f,0f,1f], start_interpolation: 0, interpolation_duration: 1 }
$data merge entity $(bone_hand_right) { transformation: [-0.6940934883310221f,-0.6933531358910768f,0.1936379570396343f,0.01576263229815289f,0.2775030072660521f,-0.009503600364150128f,0.9606777620713494f,2.1900530757004146f,-0.6642486811539566f,0.7205352944374954f,0.1990039674355785f,-0.8299287970437113f,0f,0f,0f,1f], start_interpolation: 0, interpolation_duration: 1 }
$data merge entity $(bone_lowerarm_right) { transformation: [-0.7571678098895515f,-0.6507649709929155f,0.056584982068123665f,-0.2719975033127769f,0.27472091470920756f,-0.2386491132854173f,0.9314370723507952f,2.084525420919519f,-0.5926426635742624f,0.7207992461543462f,0.3594761745302875f,-0.5112003803848364f,0f,0f,0f,1f], start_interpolation: 0, interpolation_duration: 1 }
$data merge entity $(bone_arm_right) { transformation: [-0.9834994785905012f,-0.1570591107199637f,-0.08978424890851644f,-0.34375f,0.02213068622811877f,-0.5970109166719217f,0.8019278010529528f,1.8224949497662957f,-0.17955224403856607f,0.7867085871619846f,0.590635751158283f,-0.13742446307027806f,0f,0f,0f,1f], start_interpolation: 0, interpolation_duration: 1 }
$data merge entity $(bone_uppertail) { transformation: [-0.7768183040081877f,-0.034065496141770374f,0.6288027230622156f,0.138834299620568f,-0.4391194089798801f,0.745014081694337f,-0.5021236528329495f,0.566554391354096f,-0.4513617919308227f,-0.6661783245121075f,-0.5936993959363931f,-0.5114507872460995f,0f,0f,0f,1f], start_interpolation: 0, interpolation_duration: 1 }
$data merge entity $(bone_middletail) { transformation: [-0.9364648551360999f,-0.004691640628300685f,0.3507300437703306f,0.005879025315019153f,-0.25713071745360866f,0.6892805668834528f,-0.6773301220664989f,0.8233308955007004f,-0.2385736138736127f,-0.7244793224275217f,-0.646693391135431f,-0.2663154849546134f,0f,0f,0f,1f], start_interpolation: 0, interpolation_duration: 1 }
$data merge entity $(bone_tail) { transformation: [-0.998961921323201f,-0.00046055650213342467f,-0.04555071496658419f,0.021875000000000002f,0.02982599352451221f,0.749191346246361f,-0.6616817488943163f,1.088510278957396f,0.03443094330009576f,-0.6623534665095924f,-0.74839989012973f,-0.010255668234236424f,0f,0f,0f,1f], start_interpolation: 0, interpolation_duration: 1 }
$data merge entity $(bone_hair) { transformation: [-0.6893654271085455f,0.12155372436685126f,1.070070056027569e-16f,0.12500000000000003f,0.10621103222100989f,0.6023526960778441f,-0.4863240839367698f,2.395268873758382f,-0.05911450365181162f,-0.33525500983624346f,-0.8737785104836704f,-0.09735590015432541f,0f,0f,0f,1f], start_interpolation: 0, interpolation_duration: 1 }
$data merge entity $(bone_ear_left) { transformation: [-0.38268343236508995f,7.742478025638641e-17f,-0.9238795325112866f,0.14264437500000005f,0.4493048673164826f,1.1359120636287716f,-0.1861081696827311f,2.3378270160728727f,0.8072660817840618f,-0.6322213091178007f,-0.33438055951874673f,-0.32813479750881336f,0f,0f,0f,1f], start_interpolation: 0, interpolation_duration: 1 }
$data merge entity $(bone_ear_right) { transformation: [-0.3826834323650897f,7.742478025638641e-17f,0.9238795325112866f,-0.14264437499999993f,-0.4493048673164826f,1.1359120636287716f,-0.1861081696827311f,2.3378270160728727f,-0.8072660817840618f,-0.6322213091178007f,-0.3343805595187465f,-0.3281347975088134f,0f,0f,0f,1f], start_interpolation: 0, interpolation_duration: 1 }
$data merge entity $(bone_head) { transformation: [-1f,5.955752327414339e-17f,1.070070056027569e-16f,2.10097537779681e-17f,0f,0.8737785104836704f,-0.4863240839367698f,1.9438073791220134f,-1.2246467991473532e-16f,-0.4863240839367698f,-0.8737785104836704f,-0.17155765884984886f,0f,0f,0f,1f], start_interpolation: 0, interpolation_duration: 1 }
$data merge entity $(bone_body) { transformation: [-1f,3.021950409856173e-17f,1.1867762804613003e-16f,-6.403984274441296e-18f,0f,0.9690763747454205f,-0.24676097728424007f,1.0360751157407406f,-1.2246467991473532e-16f,-0.24676097728424007f,-0.9690763747454205f,0.0522925f,0f,0f,0f,1f], start_interpolation: 0, interpolation_duration: 1 }
$data merge entity $(bone_shoe_right) { transformation: [-0.9134060662216816f,-0.17247776086975317f,0.36870147842772366f,-0.07855358879264879f,0.07486674818404881f,0.8191520442889918f,0.568669410425347f,0.4423283338398404f,-0.40010539637173f,0.5470295698977541f,-0.7353055973210724f,-0.1440629269999968f,0f,0f,0f,1f], start_interpolation: 0, interpolation_duration: 1 }
$data merge entity $(bone_lowerleg_right) { transformation: [-0.9537169507482269f,-0.17247776086975317f,0.24632377039348108f,-0.13962520922561725f,0f,0.8191520442889918f,0.573576436351046f,0.7617102853009261f,-0.3007057995042732f,0.5470295698977541f,-0.7812391898784738f,0.08210469174464052f,0f,0f,0f,1f], start_interpolation: 0, interpolation_duration: 1 }
$data merge entity $(bone_leg_right) { transformation: [-0.9537169507482269f,0f,0.3007057995042732f,-0.125f,0f,1f,0f,1.102439597800926f,-0.3007057995042732f,0f,-0.9537169507482269f,0.059176974826388874f,0f,0f,0f,1f], start_interpolation: 0, interpolation_duration: 1 }
$data merge entity $(bone_shoe_left) { transformation: [-0.9813765822100239f,-0.07552350310153608f,-0.17662447273536064f,0.26255858535078747f,0.09649609403156628f,0.6012181151517859f,-0.7932372166319388f,1.1365315611851012f,0.16609788597818756f,-0.7955080002693915f,-0.5827336559535334f,0.7749659888075946f,0f,0f,0f,1f], start_interpolation: 0, interpolation_duration: 1 }
$data merge entity $(bone_lowerleg_left) { transformation: [-0.984807753012208f,-0.17176428994628853f,-0.02550918082363851f,0.1860829424303129f,0f,0.14690151757634312f,-0.9891511230008121f,1.195943387431122f,0.17364817766693022f,-0.974123694831932f,-0.1446697534384419f,0.34889943251705635f,0f,0f,0f,1f], start_interpolation: 0, interpolation_duration: 1 }
$data merge entity $(bone_leg_left) { transformation: [-0.984807753012208f,-0.1627979647178995f,0.06041946946767499f,0.12499999999999999f,0f,-0.34794185737764516f,-0.9375161139332991f,1.0606851851851853f,0.17364817766693022f,-0.9232731375753896f,0.3426558387429728f,0.06250000000000001f,0f,0f,0f,1f], start_interpolation: 0, interpolation_duration: 1 }