# This file was generated by Animated Java via MC-Build. It is not recommended to edit this file directly.
$data merge entity $(bone_hammer) { transformation: [-1.993929979040047f,0.07857989747818099f,0.5986202604117686f,0.1366717626728473f,-0.5473967805568037f,-1.1067248740945992f,-1.6780329542276926f,2.5021525384333856f,0.25471117191670517f,-1.7633102479570608f,1.0798782181932398f,-0.5761320019464721f,0f,0f,0f,1f], start_interpolation: 0, interpolation_duration: 1 }
$data merge entity $(bone_hand_left) { transformation: [-0.9374713093837372f,0.34678373993253253f,0.029809089230413626f,0.23357591087225035f,-0.10734317277067591f,-0.3695240745713352f,0.9230002175361192f,2.3155826102067456f,0.3310966435073994f,0.8620864202796632f,0.3836430849468426f,-0.8922074632789454f,0f,0f,0f,1f], start_interpolation: 0, interpolation_duration: 1 }
$data merge entity $(bone_lowerarm_left) { transformation: [-0.9374713093837372f,0.34678373993253253f,0.029809089230413626f,0.38691934587366705f,-0.10734317277067591f,-0.3695240745713352f,0.9230002175361192f,2.1521836834822334f,0.3310966435073994f,0.8620864202796632f,0.3836430849468426f,-0.5110036243115318f,0f,0f,0f,1f], start_interpolation: 0, interpolation_duration: 1 }
$data merge entity $(bone_arm_left) { transformation: [-0.9961946950812124f,-0.08715577715819219f,4.349374901954982e-8f,0.34375f,0.058881623101729376f,-0.673019396044086f,0.737277320286851f,1.818828763879147f,-0.06425794855857317f,0.7344717578344353f,0.6755902256476471f,-0.14721058175916305f,0f,0f,0f,1f], start_interpolation: 0, interpolation_duration: 1 }
$data merge entity $(bone_bread) { transformation: [-0.00000798869822041852f,-0.000005667594198422321f,0.000002014715053076142f,0.21615056895763235f,0.0000019181053928435817f,7.742726288034755e-7f,0.000009783730045245023f,2.1978350866140484f,-0.000005701015036379605f,0.00000820237026098526f,4.685612624601749e-7f,-1.0230658247983382f,0f,0f,0f,1f], start_interpolation: 0, interpolation_duration: 1 }
$data merge entity $(bone_hand_right) { transformation: [-0.798869822041852f,-0.5667594198422321f,0.2014715053076142f,0.01705864382607658f,0.19181053928435815f,0.07742726288034754f,0.9783730045245023f,2.104463833508834f,-0.5701015036379604f,0.820237026098526f,0.04685612624601748f,-0.8851273350974103f,0f,0f,0f,1f], start_interpolation: 0, interpolation_duration: 1 }
$data merge entity $(bone_lowerarm_right) { transformation: [-0.798869822041852f,-0.5969313734178896f,0.07402663615383033f,-0.24689694785714644f,0.19181053928435815f,-0.13616674779443633f,0.9719399846773105f,2.0442525997184817f,-0.5701015036379604f,0.7906526115965965f,0.22327723422959694f,-0.5355106334070403f,0f,0f,0f,1f], start_interpolation: 0, interpolation_duration: 1 }
$data merge entity $(bone_arm_right) { transformation: [-0.9762960253228615f,-0.21643953182998393f,-5.834278223612678e-9f,-0.34375f,0.11629286670226523f,-0.5245634542611541f,0.843391458106955f,1.818828763879147f,-0.182543255402526f,0.823399727662588f,0.5372995890490002f,-0.14721058175916316f,0f,0f,0f,1f], start_interpolation: 0, interpolation_duration: 1 }
$data merge entity $(bone_uppertail) { transformation: [-0.797329005079286f,-0.032259243434316284f,0.6026821706939085f,0.1319649714077741f,-0.4164024512619785f,0.7522459825617736f,-0.5106221502272373f,0.5679328651120878f,-0.4368929574189673f,-0.6580921842209625f,-0.6132203688927748f,-0.5183327891458671f,0f,0f,0f,1f], start_interpolation: 0, interpolation_duration: 1 }
$data merge entity $(bone_middletail) { transformation: [-0.9416562174295716f,-0.0029369714201277018f,0.33656342994316646f,0.00438002877680984f,-0.2435830337081725f,0.6960263395997142f,-0.6754366293538918f,0.8239917123736775f,-0.23227327410994725f,-0.7180102428115498f,-0.656132926587246f,-0.2696190106174701f,0f,0f,0f,1f], start_interpolation: 0, interpolation_duration: 1 }
$data merge entity $(bone_tail) { transformation: [-0.9987741540286093f,0.0013807159409397077f,-0.049480125989394746f,0.021875000000000002f,0.033437002773680675f,0.7558891043387186f,-0.6538452636423412f,1.0864859519054637f,0.03649871353827163f,-0.6546982171699418f,-0.7550086677280936f,-0.010904290220663769f,0f,0f,0f,1f], start_interpolation: 0, interpolation_duration: 1 }
$data merge entity $(bone_hair) { transformation: [-0.6893654271085455f,0.12155372436685126f,1.0605752387249069e-16f,0.12500000000000003f,0.1052686132263047f,0.5970079723667102f,-0.49999999999999994f,2.3922785598417176f,-0.060776862183425685f,-0.3446827135542727f,-0.8660254037844387f,-0.11575749289594514f,0f,0f,0f,1f], start_interpolation: 0, interpolation_duration: 1 }
$data merge entity $(bone_ear_left) { transformation: [-0.38268343236508995f,7.960204194457797e-17f,-0.9238795325112866f,0.14264437500000005f,0.46193976625564326f,1.1258330249197703f,-0.1913417161825449f,2.331215899690136f,0.8001031451912655f,-0.6499999999999999f,-0.33141357403559196f,-0.34560487272379536f,0f,0f,0f,1f], start_interpolation: 0, interpolation_duration: 1 }
$data merge entity $(bone_ear_right) { transformation: [-0.3826834323650897f,7.960204194457797e-17f,0.9238795325112866f,-0.14264437499999993f,-0.46193976625564326f,1.1258330249197703f,-0.1913417161825449f,2.331215899690136f,-0.8001031451912655f,-0.6499999999999999f,-0.33141357403559174f,-0.3456048727237955f,0f,0f,0f,1f], start_interpolation: 0, interpolation_duration: 1 }
$data merge entity $(bone_head) { transformation: [-1f,6.123233995736766e-17f,1.0605752387249069e-16f,2.239303381539555e-17f,0f,0.8660254037844387f,-0.49999999999999994f,1.939706382847658f,-1.2246467991473532e-16f,-0.49999999999999994f,-0.8660254037844387f,-0.1828529975417112f,0f,0f,0f,1f], start_interpolation: 0, interpolation_duration: 1 }
$data merge entity $(bone_body) { transformation: [-1f,3.169619151431765e-17f,1.1829179713786698e-16f,-6.403984274441296e-18f,0f,0.9659258262890683f,-0.25881904510252074f,1.034834375f,-1.2246467991473532e-16f,-0.25881904510252074f,-0.9659258262890683f,0.0522925f,0f,0f,0f,1f], start_interpolation: 0, interpolation_duration: 1 }
$data merge entity $(bone_shoe_right) { transformation: [-0.9144186649147004f,-0.1830580922174312f,0.3610100277406868f,-0.0763594609067162f,0.07945931129894555f,0.7933533402912352f,0.6035533905932737f,0.46143900063101434f,-0.39689384362007213f,0.5805860938073303f,-0.7109114322994332f,-0.1548115863296871f,0f,0f,0f,1f], start_interpolation: 0, interpolation_duration: 1 }
$data merge entity $(bone_lowerleg_right) { transformation: [-0.9537169507482269f,-0.1830580922174312f,0.23856595048166157f,-0.14066986702744705f,0f,0.7933533402912352f,0.6087614290087207f,0.767400966796875f,-0.3007057995042732f,0.5805860938073303f,-0.7566345285684772f,0.08363218344477855f,0f,0f,0f,1f], start_interpolation: 0, interpolation_duration: 1 }
$data merge entity $(bone_leg_right) { transformation: [-0.9537169507482269f,0f,0.3007057995042732f,-0.125f,0f,1f,0f,1.105682373046875f,-0.3007057995042732f,0f,-0.9537169507482269f,0.059066772460937486f,0f,0f,0f,1f], start_interpolation: 0, interpolation_duration: 1 }
$data merge entity $(bone_shoe_left) { transformation: [-0.9826751401608638f,-0.0780373489926356f,-0.16810633858373106f,0.26097709314628537f,0.0944967723068005f,0.5693151743769503f,-0.8166704306191942f,1.187707317151057f,0.15943628487086353f,-0.8184072362744265f,-0.5520775911773929f,0.7635153932971992f,0f,0f,0f,1f], start_interpolation: 0, interpolation_duration: 1 }
$data merge entity $(bone_lowerleg_left) { transformation: [-0.984807753012208f,-0.17298739392508936f,-0.015134435901338616f,0.18401710218934061f,0f,0.0871557427476582f,-0.9961946980917459f,1.2209819480046753f,0.17364817766693025f,-0.9810602621904073f,-0.08583165117743119f,0.33470196279306f,0f,0f,0f,1f], start_interpolation: 0, interpolation_duration: 1 }
$data merge entity $(bone_leg_left) { transformation: [-0.984807753012208f,-0.15737869562426257f,0.07338689100003817f,0.12499999999999999f,0f,-0.4226182617406995f,-0.9063077870366503f,1.0625f,0.17364817766693025f,-0.8925389352890303f,0.4161977407267836f,0.06250000000000001f,0f,0f,0f,1f], start_interpolation: 0, interpolation_duration: 1 }