# This file was generated by Animated Java via MC-Build. It is not recommended to edit this file directly.
$data merge entity $(bone_hammer) { transformation: [-2.114225868708665f,0.16212035367238678f,0.6460472723565551f,0.13598118133608253f,-0.5640176162881377f,-1.5794452928988016f,-1.4494301660885829f,2.4037175160720476f,0.35432219195366793f,-1.5468292306444393f,1.5477035331820457f,-0.7334063036739717f,0f,0f,0f,1f], start_interpolation: 0, interpolation_duration: 1 }
$data merge entity $(bone_hand_left) { transformation: [-0.9327758454687838f,0.3598686846548506f,0.020585235358949433f,0.230937350994154f,-0.04205790013770089f,-0.16537674241873768f,0.985333276664791f,2.13405913017943f,0.3579949093855983f,0.9182293084364894f,0.16939475193241063f,-1.0157656729973374f,0f,0f,0f,1f], start_interpolation: 0, interpolation_duration: 1 }
$data merge entity $(bone_lowerarm_left) { transformation: [-0.9327758454687838f,0.3598829681612431f,0.020333994625978895f,0.39007310097795367f,-0.04205790013770089f,-0.16468880977701789f,0.9854484912821351f,2.061235797106155f,0.3579949093855983f,0.9183473445062508f,0.16875366571519035f,-0.6096839565984797f,0f,0f,0f,1f], start_interpolation: 0, interpolation_duration: 1 }
$data merge entity $(bone_arm_left) { transformation: [-0.995782163492331f,-0.09150405244760355f,-0.006700093745537151f,0.34475000000000006f,0.04153447173574204f,-0.5146986124187438f,0.8563645403867751f,1.8062991406424955f,-0.08180935477172285f,0.8524742499101575f,0.5163282703009281f,-0.1874428046898548f,0f,0f,0f,1f], start_interpolation: 0, interpolation_duration: 1 }
$data merge entity $(bone_bread) { transformation: [-0.00000835773465510559f,-0.0000049826596268528745f,0.00000230681045553757f,0.20008950799098044f,0.0000012661690814538752f,0.0000023390836093768516f,0.000009639787535289083f,2.0232487615150285f,-0.000005342760269001157f,0.000008348759842711666f,-0.0000013240550580348755f,-1.1343837388647156f,0f,0f,0f,1f], start_interpolation: 0, interpolation_duration: 1 }
$data merge entity $(bone_hand_right) { transformation: [-0.835773465510559f,-0.4982659626852874f,0.23068104555375696f,0.010022856364944266f,0.1266169081453875f,0.23390836093768513f,0.9639787535289083f,1.9618324280381203f,-0.5342760269001157f,0.8348759842711666f,-0.13240550580348753f,-0.9685961807612191f,0f,0f,0f,1f], start_interpolation: 0, interpolation_duration: 1 }
$data merge entity $(bone_lowerarm_right) { transformation: [-0.8217361505761165f,-0.5596348165302877f,0.10751079463689914f,-0.23744066406954228f,0.12075127307382641f,0.013381463189581944f,0.9925925984481023f,1.9677495437922636f,-0.5569280284627417f,0.8286312862606728f,0.0565805845019865f,-0.6021857838678278f,0f,0f,0f,1f], start_interpolation: 0, interpolation_duration: 1 }
$data merge entity $(bone_arm_right) { transformation: [-0.9677237335161508f,-0.2419132697493061f,0.07063105201511252f,-0.34374999999999994f,0.16389121878979945f,-0.3912086395343263f,0.9055912260823287f,1.8068669911641055f,-0.19144305679014884f,0.8879379315430223f,0.41822934585457155f,-0.18826594174545822f,0f,0f,0f,1f], start_interpolation: 0, interpolation_duration: 1 }
$data merge entity $(bone_uppertail) { transformation: [-0.9380277693203866f,-0.016262869847220494f,0.34617831105970764f,0.07216640491059055f,-0.24793895249456674f,0.7294083231866573f,-0.6375655055772118f,0.5356271771914343f,-0.24213669655737102f,-0.6838852368126987f,-0.6882374612369793f,-0.5127404253654261f,0f,0f,0f,1f], start_interpolation: 0, interpolation_duration: 1 }
$data merge entity $(bone_middletail) { transformation: [-0.9800332612238404f,0.0039692500588975185f,0.1987939937446138f,-0.0031925938263899327f,-0.1456065504162882f,0.6665158694562856f,-0.7311329073696522f,0.8127988673782269f,-0.13540140091901764f,-0.7454802752701788f,-0.6526297723918715f,-0.2653551591402333f,0f,0f,0f,1f], start_interpolation: 0, interpolation_duration: 1 }
$data merge entity $(bone_tail) { transformation: [-0.9975486009842641f,0.007215888626646242f,-0.06960402018321386f,0.021875000000000002f,0.05218367331630169f,0.7394108139288156f,-0.6712291058083997f,1.0812224932638996f,0.04662245074591112f,-0.6732158488898299f,-0.7379747745621058f,-0.013436562840531067f,0f,0f,0f,1f], start_interpolation: 0, interpolation_duration: 1 }
$data merge entity $(bone_hair) { transformation: [-0.6893654271085455f,0.12155372436685126f,1.0457434418949571e-16f,0.12500000000000003f,0.10379646619992282f,0.5886590117001864f,-0.5204136140522796f,2.3786880131422268f,-0.06325821299926776f,-0.3587551533242515f,-0.8539143225810449f,-0.1719968520923295f,0f,0f,0f,1f], start_interpolation: 0, interpolation_duration: 1 }
$data merge entity $(bone_ear_left) { transformation: [-0.38268343236508995f,8.285197266863793e-17f,-0.9238795325112866f,0.14264437500000005f,0.4807994864631292f,1.1100886193553585f,-0.1991536680750475f,2.312187299222317f,0.7889139651508678f,-0.6765376982679635f,-0.32677886391102495f,-0.40033020823342835f,0f,0f,0f,1f], start_interpolation: 0, interpolation_duration: 1 }
$data merge entity $(bone_ear_right) { transformation: [-0.3826834323650897f,8.285197266863793e-17f,0.9238795325112866f,-0.14264437499999993f,-0.4807994864631292f,1.1100886193553585f,-0.1991536680750475f,2.312187299222317f,-0.7889139651508678f,-0.6765376982679635f,-0.32677886391102473f,-0.40033020823342846f,0f,0f,0f,1f], start_interpolation: 0, interpolation_duration: 1 }
$data merge entity $(bone_head) { transformation: [-1f,6.373228666818303e-17f,1.0457434418949571e-16f,2.7962604733371924e-17f,0f,0.8539143225810449f,-0.5204136140522796f,1.92465086294514f,-1.2246467991473532e-16f,-0.5204136140522796f,-0.8539143225810449f,-0.22833199541974533f,0f,0f,0f,1f], start_interpolation: 0, interpolation_duration: 1 }
$data merge entity $(bone_body) { transformation: [-1f,3.7640329818529016e-17f,1.1653670407974876e-16f,-6.403984274441296e-18f,0f,0.9515944038794382f,-0.3073566177998071f,1.032834375f,-1.2246467991473532e-16f,-0.3073566177998071f,-0.9515944038794382f,0.0522925f,0f,0f,0f,1f], start_interpolation: 0, interpolation_duration: 1 }
$data merge entity $(bone_shoe_right) { transformation: [-0.9161499938194263f,-0.21878792515647183f,0.3358586497775384f,-0.0690146780880546f,0.04035001603830117f,0.7833014667996127f,0.6203311118388986f,0.4843778104115014f,-0.3987995298773231f,0.5818682461823308f,-0.7087935376781624f,-0.17305935078132162f,0f,0f,0f,1f], start_interpolation: 0, interpolation_duration: 1 }
$data merge entity $(bone_lowerleg_right) { transformation: [-0.9544846927651204f,-0.19891211671320702f,0.22224522739925204f,-0.13844592250496784f,-0.005216148263490646f,0.7561579489908623f,0.6543683580180399f,0.772507207870921f,-0.2982142905267402f,0.6234253171010976f,-0.7227787427166277f,0.0809132512880873f,0f,0f,0f,1f], start_interpolation: 0, interpolation_duration: 1 }
$data merge entity $(bone_leg_right) { transformation: [-0.9544846927651204f,-0.009519043192979242f,0.2981079654986829f,-0.125f,-0.005216148263490646f,0.9998704676496152f,0.015226283835296943f,1.1087962962962963f,-0.2982142905267402f,0.012978279501919236f,-0.9544107088600814f,0.05902777777777776f,0f,0f,0f,1f], start_interpolation: 0, interpolation_duration: 1 }
$data merge entity $(bone_shoe_left) { transformation: [-0.9850141972503489f,-0.07402721867411254f,-0.15577869594596636f,0.2543357951120261f,0.09678566006173893f,0.5103399801984361f,-0.8545090055800895f,1.2863203612731622f,0.1427570216194784f,-0.8567806460853533f,-0.4955273526980126f,0.7353308800798339f,0f,0f,0f,1f], start_interpolation: 0, interpolation_duration: 1 }
$data merge entity $(bone_lowerleg_left) { transformation: [-0.985599272542786f,-0.16909347213424492f,-0.001213113645255115f,0.17917215732417105f,0.005386185837174887f,-0.024222583447569057f,-0.9996920803193616f,1.2704751823551885f,0.1690120201798037f,-0.9853023211850823f,0.024784529489799312f,0.30375674369885214f,0f,0f,0f,1f], start_interpolation: 0, interpolation_duration: 1 }
$data merge entity $(bone_leg_left) { transformation: [-0.985599272542786f,-0.14342035933952213f,0.08958054749806629f,0.12499999999999999f,0.005386185837174887f,-0.5561136069959947f,-0.8310888310620183f,1.072f,0.1690120201798037f,-0.8186380498369391f,0.5488776552146344f,0.06250000000000001f,0f,0f,0f,1f], start_interpolation: 0, interpolation_duration: 1 }