# This file was generated by Animated Java via MC-Build. It is not recommended to edit this file directly.
$data merge entity $(bone_hammer) { transformation: [-2.136781188360246f,0.31254150591209934f,0.5694398457517269f,0.12936087829169035f,-0.5551552623026447f,-1.8951930855509145f,-1.0429878144041118f,2.3134249528558968f,0.33726334752717374f,-1.1394466873618883f,1.8909501471092685f,-0.902055480856574f,0f,0f,0f,1f], start_interpolation: 0, interpolation_duration: 1 }
$data merge entity $(bone_hand_left) { transformation: [-0.9414639608493633f,0.3369530521921016f,0.010404376014702963f,0.24826590161542036f,0.01651239371692098f,0.015266455509797392f,0.9997471061172946f,1.9832324834745374f,0.33670900088290756f,0.9413976715260106f,-0.01993671913429866f,-1.1098543917758545f,0f,0f,0f,1f], start_interpolation: 0, interpolation_duration: 1 }
$data merge entity $(bone_lowerarm_left) { transformation: [-0.9414639608493633f,0.33660475059932593f,0.018516271109325407f,0.3971083147710598f,0.01651239371692098f,-0.008815096936769129f,0.9998248021127166f,1.9793345577978099f,0.33670900088290756f,0.9416047663111955f,0.002740945908479675f,-0.6934885341726229f,0f,0f,0f,1f], start_interpolation: 0, interpolation_duration: 1 }
$data merge entity $(bone_arm_left) { transformation: [-0.9946939038074326f,-0.10166978376491556f,-0.015725546016763806f,0.34675000000000006f,0.024468619847443317f,-0.38226616169897f,0.9237282437290193f,1.7899933495812888f,-0.09992659491392344f,0.9184420704046241f,0.3827255399627473f,-0.23857269617533247f,0f,0f,0f,1f], start_interpolation: 0, interpolation_duration: 1 }
$data merge entity $(bone_bread) { transformation: [-0.000008482145794279469f,-0.000004732726349022757f,0.0000023779201058599287f,0.17900838907623975f,4.147493928830464e-7f,0.000003882297879615371f,0.00000920628840060082f,1.8405718421265123f,-0.000005280263787510081f,0.000007907532135830989f,-0.000003096732125178082f,-1.221896220689505f,0f,0f,0f,1f], start_interpolation: 0, interpolation_duration: 1 }
$data merge entity $(bone_hand_right) { transformation: [-0.8482145794279468f,-0.4732726349022756f,0.23779201058599284f,-0.007257412346128783f,0.04147493928830464f,0.388229787961537f,0.9206288400600819f,1.8130106869411073f,-0.528026378751008f,0.7907532135830988f,-0.30967321251780816f,-1.0432114523254141f,0f,0f,0f,1f], start_interpolation: 0, interpolation_duration: 1 }
$data merge entity $(bone_lowerarm_right) { transformation: [-0.8415640977045987f,-0.5278823216051773f,0.11449944974266399f,-0.2406803764309181f,0.036637842730120496f,0.15570158394328365f,0.9871244527604591f,1.8818599810910281f,-0.5389132935219986f,0.8349235122418587f,-0.11169239352342492f,-0.6740187117559673f,0f,0f,0f,1f], start_interpolation: 0, interpolation_duration: 1 }
$data merge entity $(bone_arm_right) { transformation: [-0.9661406595620788f,-0.2381242226452203f,0.0993432460238787f,-0.34374999999999994f,0.1582977184952166f,-0.24299959879782912f,0.9570230024943515f,1.7915339934917447f,-0.20374998959548563f,0.9403446440394628f,0.2724663138190406f,-0.24114689426133432f,0f,0f,0f,1f], start_interpolation: 0, interpolation_duration: 1 }
$data merge entity $(bone_uppertail) { transformation: [-0.9886740551361927f,0.0006594655434483689f,-0.15007723946606272f,-0.032705626164224094f,0.11419549933369115f,0.6521636566168962f,-0.7494277503001926f,0.4817795117532576f,0.09738069948653005f,-0.7580779182203343f,-0.6448525949969018f,-0.46594102397959564f,0f,0f,0f,1f], start_interpolation: 0, interpolation_duration: 1 }
$data merge entity $(bone_middletail) { transformation: [-0.9988059004260376f,0.0020262713145686416f,-0.048812575210617444f,-0.014201654878657499f,0.04084725594861479f,0.5827439304792952f,-0.8116286177624656f,0.7894639933740784f,0.02680065214879636f,-0.8126533121289189f,-0.5821308438231882f,-0.24528188119746908f,0f,0f,0f,1f], start_interpolation: 0, interpolation_duration: 1 }
$data merge entity $(bone_tail) { transformation: [-0.9949997040110037f,0.01208453540170966f,-0.09914410230638945f,0.021875000000000002f,0.08069042057352405f,0.6822629487926695f,-0.7266404370336121f,1.0766299858099435f,0.05886123550931293f,-0.7310069990833576f,-0.6798265383503804f,-0.016422155346546015f,0f,0f,0f,1f], start_interpolation: 0, interpolation_duration: 1 }
$data merge entity $(bone_hair) { transformation: [-0.6893654271085455f,0.12155372436685126f,1.0466322928343881e-16f,0.12500000000000003f,0.10388469012062392f,0.5891593544177139f,-0.5192208178364813f,2.3583906794508045f,-0.0631132241768268f,-0.3579328808514943f,-0.8546401244531031f,-0.22832899969116913f,0f,0f,0f,1f], start_interpolation: 0, interpolation_duration: 1 }
$data merge entity $(bone_ear_left) { transformation: [-0.38268343236508995f,8.266207463983532e-17f,-0.9238795325112866f,0.14264437500000005f,0.4796974864528963f,1.1110321617890342f,-0.19869720472507374f,2.29220884375912f,0.7895845186451207f,-0.6749870631874257f,-0.32705661626264115f,-0.45675498574134343f,0f,0f,0f,1f], start_interpolation: 0, interpolation_duration: 1 }
$data merge entity $(bone_ear_right) { transformation: [-0.3826834323650897f,8.266207463983532e-17f,0.9238795325112866f,-0.14264437499999993f,-0.4796974864528963f,1.1110321617890342f,-0.19869720472507374f,2.29220884375912f,-0.7895845186451207f,-0.6749870631874257f,-0.32705661626264093f,-0.4567549857413435f,0f,0f,0f,1f], start_interpolation: 0, interpolation_duration: 1 }
$data merge entity $(bone_head) { transformation: [-1f,6.358621126141178e-17f,1.0466322928343881e-16f,3.493893355967967e-17f,0f,0.8546401244531031f,-0.5192208178364813f,1.90443263051134f,-1.2246467991473532e-16f,-0.5192208178364813f,-0.8546401244531031f,-0.28529804335425946f,0f,0f,0f,1f], start_interpolation: 0, interpolation_duration: 1 }
$data merge entity $(bone_body) { transformation: [-1f,4.50822555132842e-17f,1.1386477973655213e-16f,-6.403984274441296e-18f,0f,0.9297764858882515f,-0.3681245526846779f,1.0325843749999999f,-1.2246467991473532e-16f,-0.3681245526846779f,-0.9297764858882515f,0.0522925f,0f,0f,0f,1f], start_interpolation: 0, interpolation_duration: 1 }
$data merge entity $(bone_shoe_right) { transformation: [-0.9157679536000414f,-0.261123696993454f,0.3052596763866192f,-0.0573652140881693f,-0.0014432783636875585f,0.7620388692753811f,0.6475296739617914f,0.5119245336385669f,-0.40170508100689695f,0.5925463497330565f,-0.6982276500621218f,-0.19803628062727147f,0f,0f,0f,1f], start_interpolation: 0, interpolation_duration: 1 }
$data merge entity $(bone_lowerleg_right) { transformation: [-0.9559149236457953f,-0.21834884195403415f,0.19634266466712103f,-0.13306210518652778f,-0.015673141148320854f,0.7056281612584585f,0.7084089572313099f,0.7771614679373281f,-0.29322518888696814f,0.6741013879649999f,-0.6779427021112203f,0.07402575561290552f,0f,0f,0f,1f], start_interpolation: 0, interpolation_duration: 1 }
$data merge entity $(bone_leg_right) { transformation: [-0.9559149236457953f,-0.02833647110517276f,0.2922733363763431f,-0.125f,-0.015673141148320854f,0.998837806003555f,0.04557839339587884f,1.111747459129051f,-0.29322518888696814f,0.038988225188002455f,-0.9552480865716987f,0.059070163302951374f,0f,0f,0f,1f], start_interpolation: 0, interpolation_duration: 1 }
$data merge entity $(bone_shoe_left) { transformation: [-0.9857025117963244f,-0.05896891221500778f,-0.15783923983153117f,0.2485266241985766f,0.10896861847406605f,0.4913958078682615f,-0.8640925877458691f,1.334332487945443f,0.12851614072275258f,-0.8689377580711275f,-0.4779443212049414f,0.7246429110763524f,0f,0f,0f,1f], start_interpolation: 0, interpolation_duration: 1 }
$data merge entity $(bone_lowerleg_left) { transformation: [-0.98702830876013f,-0.1604544753233761f,-0.005429461742883168f,0.1772059079064871f,0.016183274910684525f,-0.06579040189794327f,-0.9977022224247436f,1.2992699482876773f,0.1597285801579747f,-0.9848482037181198f,0.06753366800278399f,0.29065423982894945f,0f,0f,0f,1f], start_interpolation: 0, interpolation_duration: 1 }
$data merge entity $(bone_leg_left) { transformation: [-0.98702830876013f,-0.13665055890928604f,0.08427183667096076f,0.12499999999999999f,0.016183274910684525f,-0.6069182017268073f,-0.7945995205295959f,1.086f,0.1597285801579747f,-0.7829284265898628f,0.6012568997676777f,0.06250000000000001f,0f,0f,0f,1f], start_interpolation: 0, interpolation_duration: 1 }