# This file was generated by Animated Java via MC-Build. It is not recommended to edit this file directly.
$data merge entity $(bone_hammer) { transformation: [-2.092694066711244f,0.4501262117323007f,0.4300725300545562f,0.11275338991233294f,-0.5721445758305937f,-1.9851220334021387f,-0.7063183002679686f,2.260839684072993f,0.2454110265322831f,-0.7896969991441845f,2.020667345716134f,-1.0293200333246169f,0f,0f,0f,1f], start_interpolation: 0, interpolation_duration: 1 }
$data merge entity $(bone_hand_left) { transformation: [-0.9512826876671618f,0.3082628462222059f,0.005938500124229371f,0.26590762277667557f,0.040026002197856084f,0.10437444513314721f,0.9937323051764012f,1.9111060515220553f,0.30571092112124165f,0.9455580325089158f,-0.11162813205043645f,-1.1647133198221677f,0f,0f,0f,1f], start_interpolation: 0, interpolation_duration: 1 }
$data merge entity $(bone_lowerarm_left) { transformation: [-0.9512826876671618f,0.3075973827318505f,0.021097352470305936f,0.4019233404534157f,0.040026002197856084f,0.0553579949892995f,0.9976639772683091f,1.9355846649313861f,0.30571092112124165f,0.9499049123608531f,-0.064972995774566f,-0.7446772413876032f,0f,0f,0f,1f], start_interpolation: 0, interpolation_duration: 1 }
$data merge entity $(bone_arm_left) { transformation: [-0.9938715117423712f,-0.10836258009522402f,-0.02183962870654817f,0.34825000000000006f,0.0145203917183796f,-0.32383623499899233f,0.9460017183525735f,1.7751845297834477f,-0.10958365010930479f,0.9398870379661501f,0.32342507554600325f,-0.27913944289499437f,0f,0f,0f,1f], start_interpolation: 0, interpolation_duration: 1 }
$data merge entity $(bone_bread) { transformation: [-0.000008403928035492467f,-0.000004891485185771308f,0.0000023339593508978644f,0.17271038359053645f,-2.818278149651129e-7f,0.00000469495469207137f,0.000008824849773345104f,1.7292259879567964f,-0.000005412445533857662f,0.0000073505627755143325f,-0.000004083461794390564f,-1.262787937686722f,0f,0f,0f,1f], start_interpolation: 0, interpolation_duration: 1 }
$data merge entity $(bone_hand_right) { transformation: [-0.8403928035492466f,-0.4891485185771307f,0.2333959350897864f,-0.0159898969562621f,-0.028182781496511284f,0.4694954692071369f,0.8824849773345104f,1.719856075835512f,-0.5412445533857662f,0.7350562775514332f,-0.4083461794390564f,-1.0847788891290744f,0f,0f,0f,1f], start_interpolation: 0, interpolation_duration: 1 }
$data merge entity $(bone_lowerarm_right) { transformation: [-0.8471307681650629f,-0.5207923826920907f,0.10556872528341621f,-0.24627777867792094f,-0.022348646431320812f,0.2334094670474336f,0.9721216789555317f,1.823066824545549f,-0.530914305355166f,0.8211548665279459f,-0.2093673459418011f,-0.7216744715862483f,0f,0f,0f,1f], start_interpolation: 0, interpolation_duration: 1 }
$data merge entity $(bone_arm_right) { transformation: [-0.9696343800459823f,-0.22728214938805202f,0.09028839129362545f,-0.34374999999999994f,0.12639095185269694f,-0.14965451163670468f,0.9806267661228454f,1.7772902438731448f,-0.20936689404634362f,0.9622610621428717f,0.1738365668122231f,-0.28311639485890483f,0f,0f,0f,1f], start_interpolation: 0, interpolation_duration: 1 }
$data merge entity $(bone_uppertail) { transformation: [-0.7546437608643488f,0.0028878267553590423f,-0.6561283827461988f,-0.14782656145855813f,0.5404987013298406f,0.5696666743377539f,-0.6191454061928581f,0.4581244982366209f,0.3719864890681746f,-0.8218707566312323f,-0.431456268172266f,-0.4002693736065114f,0f,0f,0f,1f], start_interpolation: 0, interpolation_duration: 1 }
$data merge entity $(bone_middletail) { transformation: [-0.9464084714501645f,-0.013690667706528584f,-0.3226818414245095f,-0.02550419091574008f,0.2727432612229037f,0.5012281868983696f,-0.8212072930241595f,0.7694384966814567f,0.17298011048920575f,-0.865206836702255f,-0.47063256485162575f,-0.22187815601431204f,0f,0f,0f,1f], start_interpolation: 0, interpolation_duration: 1 }
$data merge entity $(bone_tail) { transformation: [-0.9914522249072252f,0.014122722826501092f,-0.12970364076030677f,0.021875000000000002f,0.11060920629745055f,0.6182250094755918f,-0.7781795686993795f,1.0737233756356492f,0.0691960201800719f,-0.7858742815227321f,-0.6145026643004641f,-0.018633153459585085f,0f,0f,0f,1f], start_interpolation: 0, interpolation_duration: 1 }
$data merge entity $(bone_hair) { transformation: [-0.6893654271085455f,0.12155372436685126f,1.0656677498260604e-16f,0.12500000000000003f,0.10577407626361122f,0.5998745957006755f,-0.49272734154829156f,2.338313872919833f,-0.059892843462572475f,-0.3396691942544962f,-0.8701837546695258f,-0.25957983379515237f,0f,0f,0f,1f], start_interpolation: 0, interpolation_duration: 1 }
$data merge entity $(bone_ear_left) { transformation: [-0.38268343236508995f,7.844420501833501e-17f,-0.9238795325112866f,0.14264437500000005f,0.4552207059651647f,1.1312388810703835f,-0.18855859028382616f,2.279178897944706f,0.8039449604629977f,-0.6405455440127791f,-0.3330049060252755f,-0.48993069924437677f,0f,0f,0f,1f], start_interpolation: 0, interpolation_duration: 1 }
$data merge entity $(bone_ear_right) { transformation: [-0.3826834323650897f,7.844420501833501e-17f,0.9238795325112866f,-0.14264437499999993f,-0.4552207059651647f,1.1312388810703835f,-0.18855859028382616f,2.279178897944706f,-0.8039449604629977f,-0.6405455440127791f,-0.33300490602527527f,-0.4899306992443768f,0f,0f,0f,1f], start_interpolation: 0, interpolation_duration: 1 }
$data merge entity $(bone_head) { transformation: [-1f,6.034169616795e-17f,1.0656677498260604e-16f,4.0470216895532526e-17f,0f,0.8701837546695258f,-0.49272734154829156f,1.886319668872856f,-1.2246467991473532e-16f,-0.49272734154829156f,-0.8701837546695258f,-0.3304643993983364f,0f,0f,0f,1f], start_interpolation: 0, interpolation_duration: 1 }
$data merge entity $(bone_body) { transformation: [-1f,5.0979693978822465e-17f,1.1134930906136863e-16f,-6.403984274441296e-18f,0f,0.9092361090470685f,-0.4162807922604012f,1.033334375f,-1.2246467991473532e-16f,-0.4162807922604012f,-0.9092361090470685f,0.0522925f,0f,0f,0f,1f], start_interpolation: 0, interpolation_duration: 1 }
$data merge entity $(bone_shoe_right) { transformation: [-0.911222512567684f,-0.3009856093670547f,0.28121378974683964f,-0.0493829441360938f,-0.039978412959868856f,0.7440986274049657f,0.6668725209447877f,0.5385457266923342f,-0.4099698270446828f,0.5964267730811459f,-0.6900723478483717f,-0.21731488501177776f,0f,0f,0f,1f], start_interpolation: 0, interpolation_duration: 1 }
$data merge entity $(bone_lowerleg_right) { transformation: [-0.9568952194887445f,-0.23305168409739624f,0.1733160450130198f,-0.12940286814771243f,-0.02353645732670609f,0.6570119932960703f,0.7535126248720937f,0.7819098124739734f,-0.28947810641928656f,0.7169533828670396f,-0.634176846549456f,0.06947063517009307f,0f,0f,0f,1f], start_interpolation: 0, interpolation_duration: 1 }
$data merge entity $(bone_leg_right) { transformation: [-0.9568952194887445f,-0.04223947547507471f,0.2873453769093532f,-0.125f,-0.02353645732670609f,0.9973915225372745f,0.06823625097619071f,1.114501953125f,-0.28947810641928656f,0.05853185015329779f,-0.9553933474865398f,0.059204101562499986f,0f,0f,0f,1f], start_interpolation: 0, interpolation_duration: 1 }
$data merge entity $(bone_shoe_left) { transformation: [-0.9851830959682567f,-0.04627454402728167f,-0.16514519064589156f,0.24596657477454845f,0.12043742356573514f,0.4988763083713968f,-0.8582640945248579f,1.344230583394679f,0.12210280268383852f,-0.8654369390780552f,-0.4859113191272223f,0.7311490201495721f,0f,0f,0f,1f], start_interpolation: 0, interpolation_duration: 1 }
$data merge entity $(bone_lowerleg_left) { transformation: [-0.9879650180963252f,-0.15390919711183598f,-0.015397469347846596f,0.1775405253720837f,0.02430067160449021f,-0.05613424455441446f,-0.998127458768606f,1.312682270180961f,0.15275667048446223f,-0.986489181710927f,0.05919876679295105f,0.2942558702437404f,0f,0f,0f,1f], start_interpolation: 0, interpolation_duration: 1 }
$data merge entity $(bone_leg_left) { transformation: [-0.9879650180963252f,-0.13671506883191742f,0.07234716975951402f,0.12499999999999999f,0.02430067160449021f,-0.599110705370868f,-0.8002973447847938f,1.1015f,0.15275667048446223f,-0.7889076959089095f,0.5952226868645014f,0.06250000000000001f,0f,0f,0f,1f], start_interpolation: 0, interpolation_duration: 1 }