# This file was generated by Animated Java via MC-Build. It is not recommended to edit this file directly.
$data merge entity $(bone_hammer) { transformation: [-2.0256586133199654f,0.5305324456314638f,0.30906356011783676f,0.07772679753414544f,-0.6037308040794117f,-1.9150331738339263f,-0.6696527735318967f,2.3051101369101885f,0.11177690399201748f,-0.729013748173265f,1.9840167984384869f,-1.0579169166871045f,0f,0f,0f,1f], start_interpolation: 0, interpolation_duration: 1 }
$data merge entity $(bone_hand_left) { transformation: [-0.9528026392745685f,0.30348740335002006f,0.007907376257562958f,0.26520897506112506f,0.019534129168794975f,0.03529381995729898f,0.9991860507785514f,1.9656467142052967f,0.3029612985003749f,0.9521815700173385f,-0.03955640694353753f,-1.1657412086753705f,0f,0f,0f,1f], start_interpolation: 0, interpolation_duration: 1 }
$data merge entity $(bone_lowerarm_left) { transformation: [-0.9528026392745685f,0.3027228699834026f,0.022934571729778974f,0.3990692441319109f,0.019534129168794975f,-0.01425625552661175f,0.9997075457232361f,1.9593427762146232f,0.3029612985003749f,0.9529719949544013f,0.007669970247324076f,-0.7443489046564711f,0f,0f,0f,1f], start_interpolation: 0, interpolation_duration: 1 }
$data merge entity $(bone_arm_left) { transformation: [-0.9944153626300871f,-0.10360983042404713f,-0.020077091541669034f,0.34775000000000006f,0.02089209507496663f,-0.379731670043064f,0.9248607349918601f,1.771256933396418f,-0.1034485714190917f,0.9192762706639421f,0.3797756327959223f,-0.28901987684323727f,0f,0f,0f,1f], start_interpolation: 0, interpolation_duration: 1 }
$data merge entity $(bone_bread) { transformation: [-0.00000818842319644993f,-0.000005288942057298478f,0.000002230878183671189f,0.1866983798964856f,-2.73159054574931e-7f,0.000004241050807254584f,0.000009052009289720652f,1.771991421177015f,-0.000005733682035720542f,0.0000073512298266905356f,-0.000003617224121951939f,-1.2589249517435173f,0f,0f,0f,1f], start_interpolation: 0, interpolation_duration: 1 }
$data merge entity $(bone_hand_right) { transformation: [-0.8188423196449929f,-0.5288942057298478f,0.22308781836711888f,-0.00806084988062053f,-0.0273159054574931f,0.4241050807254584f,0.9052009289720652f,1.7499070473731075f,-0.5733682035720542f,0.7351229826690535f,-0.36172241219519385f,-1.088737010483516f,0f,0f,0f,1f], start_interpolation: 0, interpolation_duration: 1 }
$data merge entity $(bone_lowerarm_right) { transformation: [-0.8332124904187626f,-0.5454822803800006f,0.09058712712962055f,-0.249266295736152f,-0.016789502514788862f,0.18870608321728666f,0.9818900787573405f,1.8333505185457515f,-0.5526979811935896f,0.8166021650401283f,-0.16639064167285855f,-0.7276457406298342f,0f,0f,0f,1f], start_interpolation: 0, interpolation_duration: 1 }
$data merge entity $(bone_arm_right) { transformation: [-0.9739338740955036f,-0.22050082447319239f,0.05321837366893275f,-0.34374999999999994f,0.0954277156874197f,-0.18545167231614712f,0.9780088078917415f,1.7730791395409602f,-0.20578231208732384f,0.9575944150013548f,0.2016595556630244f,-0.2925807343245181f,0f,0f,0f,1f], start_interpolation: 0, interpolation_duration: 1 }
$data merge entity $(bone_uppertail) { transformation: [-0.37139306661340615f,0.010207047998408665f,-0.9284196283161233f,-0.23677827049796116f,0.7797576376378434f,0.5462524656042511f,-0.30591873163754774f,0.48134432881191264f,0.5040289839056281f,-0.8375583919897374f,-0.21083340198039222f,-0.3623602149750449f,0f,0f,0f,1f], start_interpolation: 0, interpolation_duration: 1 }
$data merge entity $(bone_middletail) { transformation: [-0.844403061943002f,-0.02196763302465874f,-0.5352577809621986f,-0.03387250744147455f,0.45945572556591974f,0.48408693957605164f,-0.7446880361443887f,0.763650979598027f,0.27547033456613307f,-0.8747441100294338f,-0.39867133925432463f,-0.2112483335184732f,0f,0f,0f,1f], start_interpolation: 0, interpolation_duration: 1 }
$data merge entity $(bone_tail) { transformation: [-0.9882083341537811f,0.015020525503704587f,-0.15237674403465126f,0.021875000000000002f,0.1317271722001917f,0.590707313250046f,-0.7960608156272063f,1.0737291619135245f,0.07805280528687049f,-0.8067460900968189f,-0.5857205013488476f,-0.01919015842184115f,0f,0f,0f,1f], start_interpolation: 0, interpolation_duration: 1 }
$data merge entity $(bone_hair) { transformation: [-0.6893654271085455f,0.12155372436685126f,1.1022001257007085e-16f,0.12500000000000006f,0.10940013918283407f,0.620439020411254f,-0.43585953433323416f,2.3284049796175346f,-0.052980349699006155f,-0.30046649404496173f,-0.9000147033970147f,-0.24258743608833355f,0f,0f,0f,1f], start_interpolation: 0, interpolation_duration: 1 }
$data merge entity $(bone_ear_left) { transformation: [-0.38268343236508995f,6.939061786787663e-17f,-0.9238795325112866f,0.14264437500000007f,0.40268170282037546f,1.1700191144161192f,-0.16679622262769175f,2.2841767681539586f,0.8315051634277183f,-0.5666173946332044f,-0.344420715875018f,-0.47625885451439776f,0f,0f,0f,1f], start_interpolation: 0, interpolation_duration: 1 }
$data merge entity $(bone_ear_right) { transformation: [-0.3826834323650897f,6.939061786787663e-17f,0.9238795325112866f,-0.1426443749999999f,-0.40268170282037546f,1.1700191144161192f,-0.16679622262769175f,2.2841767681539586f,-0.8315051634277183f,-0.5666173946332044f,-0.34442071587501777f,-0.47625885451439787f,0f,0f,0f,1f], start_interpolation: 0, interpolation_duration: 1 }
$data merge entity $(bone_head) { transformation: [-1f,5.3377398359905106e-17f,1.1022001257007085e-16f,4.192414511677363e-17f,0f,0.9000147033970147f,-0.43585953433323416f,1.8818924024308352f,-1.2246467991473532e-16f,-0.43585953433323416f,-0.9000147033970147f,-0.3423366242900634f,0f,0f,0f,1f], start_interpolation: 0, interpolation_duration: 1 }
$data merge entity $(bone_body) { transformation: [-1f,5.2529403816400545e-17f,1.1062666749618782e-16f,-6.403984274441296e-18f,0f,0.9033352928633008f,-0.4289351334031458f,1.034334375f,-1.2246467991473532e-16f,-0.4289351334031458f,-0.9033352928633008f,0.0522925f,0f,0f,0f,1f], start_interpolation: 0, interpolation_duration: 1 }
$data merge entity $(bone_shoe_right) { transformation: [-0.9022656305854535f,-0.33066458037274615f,0.27672670118936826f,-0.051161788473791645f,-0.07048116225385137f,0.7462598406819003f,0.6619128764065336f,0.5569679703263313f,-0.4253811674622896f,0.5777172192970714f,-0.696630229674308f,-0.2201010482219634f,0f,0f,0f,1f], start_interpolation: 0, interpolation_duration: 1 }
$data merge entity $(bone_lowerleg_right) { transformation: [-0.9565772693584735f,-0.23852263845132418f,0.16753172443721015f,-0.13210023483467306f,-0.020913458781075138f,0.6294476580482702f,0.7767614003150259f,0.786850030386602f,-0.29072763024607534f,0.7395286314428717f,-0.6071036553075055f,0.07362490051621264f,0f,0f,0f,1f], start_interpolation: 0, interpolation_duration: 1 }
$data merge entity $(bone_leg_right) { transformation: [-0.9565772693584735f,-0.03762621520809129f,0.2890401281410608f,-0.125f,-0.020913458781075138f,0.997937250545187f,0.060694902719461194f,1.1170258698640045f,-0.29072763024607534f,0.05201453550140562f,-0.9553909844184602f,0.05943976508246526f,0f,0f,0f,1f], start_interpolation: 0, interpolation_duration: 1 }
$data merge entity $(bone_shoe_left) { transformation: [-0.9843760509185803f,-0.04943085487391387f,-0.1689981685237281f,0.24829574741496152f,0.11941217076623022f,0.5179381862331207f,-0.8470423653598689f,1.3239066480013009f,0.12940063311605943f,-0.8539886567326167f,-0.503943300700767f,0.7461003037222393f,0f,0f,0f,1f], start_interpolation: 0, interpolation_duration: 1 }
$data merge entity $(bone_lowerleg_left) { transformation: [-0.9876656639523116f,-0.1553901478082094f,-0.019246771515820972f,0.17916673662600113f,0.021593138175238516f,-0.013425898410047099f,-0.999676688552668f,1.3114987458792327f,0.15508150319552763f,-0.9877619385337875f,0.016615659800008842f,0.30907758729416607f,0f,0f,0f,1f], start_interpolation: 0, interpolation_duration: 1 }
$data merge entity $(bone_leg_left) { transformation: [-0.9876656639523116f,-0.14151317703737232f,0.06701161820482103f,0.12499999999999999f,0.021593138175238516f,-0.5469894169949487f,-0.836860988503629f,1.1155f,0.15508150319552763f,-0.8250918727149815f,0.5432983792965889f,0.06250000000000001f,0f,0f,0f,1f], start_interpolation: 0, interpolation_duration: 1 }