# This file was generated by Animated Java via MC-Build. It is not recommended to edit this file directly.
$data merge entity $(bone_hammer) { transformation: [-0.16943490721792084f,-0.0707950903960962f,0.04682367922472432f,0.148934698977101f,0.0006962711807777616f,0.1033789981453298f,0.15882344755478484f,0.48109164170013685f,-0.0848758915521606f,0.14217393383652732f,-0.09216965398084877f,0.238212830915841f,0f,0f,0f,1f], start_interpolation: 0, interpolation_duration: 1 }
$data merge entity $(bone_hand_left) { transformation: [-0.8842166448483031f,0.2769191466081956f,0.3761339006457654f,0.19855007044738937f,0.00006437694682296952f,0.8053653778755511f,-0.5927787141716373f,1.001754492502624f,-0.46707699668129515f,-0.524120591430216f,-0.712135299511281f,0.32656066782709675f,0f,0f,0f,1f], start_interpolation: 0, interpolation_duration: 1 }
$data merge entity $(bone_lowerarm_left) { transformation: [-0.8842166448483031f,0.19738391421189616f,0.4233208185095563f,0.2858307700129622f,0.00006437694682296952f,0.9063706173967103f,-0.4224834905360386f,1.402540249882732f,-0.46707699668129515f,-0.37353968240375357f,-0.801440693277353f,0.16138608951418698f,0f,0f,0f,1f], start_interpolation: 0, interpolation_duration: 1 }
$data merge entity $(bone_arm_left) { transformation: [-0.8949969969827906f,0.11693472300222137f,0.4304725844327147f,0.34375f,-0.031246719025910516f,0.9462239037737006f,-0.3219999479462299f,1.871216777220643f,-0.4449764240292992f,-0.30163984233461716f,-0.8432137259167717f,0.011980105107821923f,0f,0f,0f,1f], start_interpolation: 0, interpolation_duration: 1 }
$data merge entity $(bone_bread) { transformation: [-0.000009637996215546899f,-0.0000022767840001734363f,-0.0000013875458787578516f,-0.25011034179468905f,-8.542622414593702e-7f,0.0000075665963599723825f,-0.000006482041001726965f,0.7946763617379935f,0.000002525720683670399f,-0.000006128855859114894f,-0.000007487179768529176f,0.4455474893393624f,0f,0f,0f,1f], start_interpolation: 0, interpolation_duration: 1 }
$data merge entity $(bone_hand_right) { transformation: [-0.9637996215546898f,-0.2276784000173436f,-0.13875458787578515f,-0.3428081446611779f,-0.08542622414593701f,0.7566596359972382f,-0.6482041001726965f,1.0358820306248553f,0.2525720683670399f,-0.6128855859114893f,-0.7487179768529175f,0.4208542688007788f,0f,0f,0f,1f], start_interpolation: 0, interpolation_duration: 1 }
$data merge entity $(bone_lowerarm_right) { transformation: [-0.9810295286518038f,-0.10215559823796211f,-0.16475830073736353f,-0.38798007325702677f,-0.012474009314397204f,0.8813933450738501f,-0.4722183502905764f,1.4256231503996983f,0.19345661788846563f,-0.4612049490282745f,-0.865947187758574f,0.21691520540233872f,0f,0f,0f,1f], start_interpolation: 0, interpolation_duration: 1 }
$data merge entity $(bone_arm_right) { transformation: [-0.9675925495054145f,0.09012179478720204f,-0.23588709215627984f,-0.34375f,0.17798028364445312f,0.906060279784592f,-0.38389814799046246f,1.871216777220643f,0.17913033460430938f,-0.41344023933453855f,-0.8927370787211361f,0.01198010510782184f,0f,0f,0f,1f], start_interpolation: 0, interpolation_duration: 1 }
$data merge entity $(bone_uppertail) { transformation: [-0.9983527503589509f,-0.02167485851745505f,0.05312237154878095f,0.021088341437350586f,-0.05687720641666416f,0.4954839675103176f,-0.8667529182705249f,0.4482991081962338f,-0.007534536545442298f,-0.8683466119289481f,-0.4959005871246399f,-0.3149317542236244f,0f,0f,0f,1f], start_interpolation: 0, interpolation_duration: 1 }
$data merge entity $(bone_middletail) { transformation: [-0.9996112201361691f,-0.020276152228315088f,0.019138605714454172f,0.013832862009408732f,-0.025862680973570657f,0.4178109821120195f,-0.9081657915598063f,0.792575826755743f,0.010417788188404099f,-0.9083076906408997f,-0.41817294127173943f,-0.15642783139166297f,0f,0f,0f,1f], start_interpolation: 0, interpolation_duration: 1 }
$data merge entity $(bone_tail) { transformation: [-0.9995188531540374f,-0.017931751084698244f,-0.02530838779286719f,0.021875f,0.01309042545588565f,0.49584778224568465f,-0.8683107839958112f,1.1263843695371223f,0.02811944080207902f,-0.8682242965645875f,-0.49537447239831184f,0.000574675397818615f,0f,0f,0f,1f], start_interpolation: 0, interpolation_duration: 1 }
$data merge entity $(bone_hair) { transformation: [-0.6893654271085455f,0.12155372436685122f,1.2231785451392255e-16f,0.12499999999999996f,0.12140799112921179f,0.688538932847407f,-0.04895307297525363f,2.3686420527752716f,-0.005950428339344417f,-0.0337465560598615f,-0.9988010796180987f,0.26748584871061504f,0f,0f,0f,1f], start_interpolation: 0, interpolation_duration: 1 }
$data merge entity $(bone_ear_left) { transformation: [-0.38268343236508995f,7.79352913658425e-18f,-0.9238795325112866f,0.142644375f,0.04522674217536822f,1.2984414035035283f,-0.01873352999098878f,2.419370653247779f,0.9227718745093374f,-0.06363899486782972f,-0.3822246253982115f,0.03513896241209727f,0f,0f,0f,1f], start_interpolation: 0, interpolation_duration: 1 }
$data merge entity $(bone_ear_right) { transformation: [-0.3826834323650897f,7.79352913658425e-18f,0.9238795325112866f,-0.142644375f,-0.04522674217536822f,1.2984414035035283f,-0.01873352999098878f,2.419370653247779f,-0.9227718745093374f,-0.06363899486782972f,-0.3822246253982113f,0.03513896241209723f,0f,0f,0f,1f], start_interpolation: 0, interpolation_duration: 1 }
$data merge entity $(bone_head) { transformation: [-1f,5.995022412757115e-18f,1.2231785451392255e-16f,-1.198519805021094e-19f,0f,0.9988010796180987f,-0.04895307297525363f,1.9967585985434768f,-1.2246467991473532e-16f,-0.04895307297525363f,-0.9988010796180987f,0.000978665690267222f,0f,0f,0f,1f], start_interpolation: 0, interpolation_duration: 1 }
$data merge entity $(bone_body) { transformation: [-1f,7.645376345381345e-18f,1.2222579943349138e-16f,-6.403984274441296e-18f,0f,0.9980493928419993f,-0.06242923552084041f,1.0632417824074074f,-1.2246467991473532e-16f,-0.06242923552084041f,-0.9980493928419993f,0.0522925f,0f,0f,0f,1f], start_interpolation: 0, interpolation_duration: 1 }
$data merge entity $(bone_shoe_right) { transformation: [-0.9064571450718123f,-0.026208237304323312f,0.42148377483084654f,-0.1190811453895614f,0.011376107230962197f,0.9961946980917455f,0.08641011328638344f,0.266056938923952f,-0.4221445585726874f,0.08312190921349345f,-0.9027096542500112f,0.03180275736619202f,0f,0f,0f,1f], start_interpolation: 0, interpolation_duration: 1 }
$data merge entity $(bone_lowerleg_right) { transformation: [-0.9537169507482269f,-0.026208237304323312f,0.2995615231515964f,-0.1270893156036596f,0f,0.9961946980917455f,0.08715574274765818f,0.6957143165509259f,-0.3007057995042732f,0.08312190921349345f,-0.95008776981561f,0.06562619108256768f,0f,0f,0f,1f], start_interpolation: 0, interpolation_duration: 1 }
$data merge entity $(bone_leg_right) { transformation: [-0.9537169507482269f,0f,0.3007057995042732f,-0.125f,0f,1f,0f,1.0658185040509258f,-0.3007057995042732f,0f,-0.9537169507482269f,0.062350802951388874f,0f,0f,0f,1f], start_interpolation: 0, interpolation_duration: 1 }
$data merge entity $(bone_shoe_left) { transformation: [-0.9549894851308008f,-0.007297250905940363f,-0.29654988352522393f,0.15033759340213457f,0.019017961358954123f,0.9961346232669572f,-0.08575622120025325f,0.26634193666566525f,0.29602939116810245f,-0.08753606375667794f,-0.9511593121589197f,0.19286302091868582f,0f,0f,0f,1f], start_interpolation: 0, interpolation_duration: 1 }
$data merge entity $(bone_lowerleg_left) { transformation: [-0.984807753012208f,-0.023304277022881105f,-0.17207730901977342f,0.1380180476297355f,0f,0.9909537280018574f,-0.13420398265037023f,0.6986473764919854f,0.17364817766693022f,-0.13216512259920044f,-0.9758989142125799f,0.1306437720016559f,0f,0f,0f,1f], start_interpolation: 0, interpolation_duration: 1 }
$data merge entity $(bone_leg_left) { transformation: [-0.984807753012208f,-0.03147046626946462f,-0.17077265401646793f,0.12499999999999999f,0f,0.9834405192781362f,-0.18123119224336035f,1.0620185185185185f,0.17364817766693022f,-0.1784778832089072f,-0.9684998480114604f,0.06250000000000001f,0f,0f,0f,1f], start_interpolation: 0, interpolation_duration: 1 }