# This file was generated by Animated Java via MC-Build. It is not recommended to edit this file directly.
$data merge entity $(bone_hammer) { transformation: [-1.9968218115884353f,0.529275425509472f,0.26990360222535964f,0.01806549762463705f,-0.5917124758548349f,-1.6865189233672062f,-1.0704242359082887f,2.4896186548548354f,-0.05344882094302437f,-1.1026328595021415f,1.7668111892513343f,-0.8940436660425786f,0f,0f,0f,1f], start_interpolation: 0, interpolation_duration: 1 }
$data merge entity $(bone_hand_left) { transformation: [-0.9374713093837372f,0.34678373993253253f,0.02980908923041364f,0.2335759108722504f,-0.06320805291318701f,-0.25383788708394345f,0.9651792937727598f,2.181343647750525f,0.34227516142610304f,0.90294372183385f,0.2598852613588742f,-1.0512983254947506f,0f,0f,0f,1f], start_interpolation: 0, interpolation_duration: 1 }
$data merge entity $(bone_lowerarm_left) { transformation: [-0.9374713093837372f,0.34678373993253253f,0.02980908923041364f,0.3869193458736671f,-0.06320805291318701f,-0.25383788708394345f,0.9651792937727598f,2.0690997070555937f,0.34227516142610304f,0.90294372183385f,0.2598852613588742f,-0.6520278984963451f,0f,0f,0f,1f], start_interpolation: 0, interpolation_duration: 1 }
$data merge entity $(bone_arm_left) { transformation: [-0.9961946950812124f,-0.08715577715819219f,4.349374903204291e-8f,0.34375000000000006f,0.04999053730833654f,-0.5713938199695178f,0.8191520302607243f,1.786081205601942f,-0.07139380695602497f,0.8160349091850141f,0.5735764563854866f,-0.2478356075406428f,0f,0f,0f,1f], start_interpolation: 0, interpolation_duration: 1 }
$data merge entity $(bone_bread) { transformation: [-0.00000798869822041852f,-0.000005667594198422321f,0.000002014715053076142f,0.21258539946634164f,0.0000011575639508202744f,0.0000018382727764749955f,0.000009761188395837483f,2.036656097596364f,-0.000005902605055638004f,0.000008031134988361268f,-8.124803726097807e-7f,-1.1574499058472563f,0f,0f,0f,1f], start_interpolation: 0, interpolation_duration: 1 }
$data merge entity $(bone_hand_right) { transformation: [-0.798869822041852f,-0.5667594198422321f,0.2014715053076142f,0.013493474334785871f,0.11575639508202742f,0.18382727764749954f,0.9761188395837481f,1.9620882343264128f,-0.5902605055638004f,0.8031134988361268f,-0.08124803726097807f,-1.0085041049169687f,0f,0f,0f,1f], start_interpolation: 0, interpolation_duration: 1 }
$data merge entity $(bone_lowerarm_right) { transformation: [-0.798869822041852f,-0.5969313734178896f,0.07402663615383034f,-0.25046211734843715f,0.11575639508202742f,-0.03180094763023428f,0.9927684305654734f,1.9480262527961685f,-0.5902605055638004f,0.8016617959958247f,0.09450344127234589f,-0.654019279500065f,0f,0f,0f,1f], start_interpolation: 0, interpolation_duration: 1 }
$data merge entity $(bone_arm_right) { transformation: [-0.9762960253228615f,-0.21643953182998393f,-5.834278209568263e-9f,-0.34374999999999994f,0.09147128906324631f,-0.41260051006489196f,0.9063077967066704f,1.786081205601942f,-0.19616083762028216f,0.8848246991101734f,0.42261824100327333f,-0.2478356075406429f,0f,0f,0f,1f], start_interpolation: 0, interpolation_duration: 1 }
$data merge entity $(bone_uppertail) { transformation: [-0.14694629669848702f,0.060408212145298006f,-0.9872981483786998f,-0.27551453329359527f,0.7739960250882008f,0.6285226423527697f,-0.07674269475042961f,0.5422013088795914f,0.6159033520238915f,-0.7754418972142922f,-0.13911479076803257f,-0.3998800214433047f,0f,0f,0f,1f], start_interpolation: 0, interpolation_duration: 1 }
$data merge entity $(bone_middletail) { transformation: [-0.7753491115243224f,0.005388998435652126f,-0.6315098684536169f,-0.03612087856101791f,0.5188031285010564f,0.5756255090916997f,-0.6320590060591161f,0.7818141797144773f,0.3601070245301531f,-0.817695684211909f,-0.4491065562928887f,-0.22964798955448262f,0f,0f,0f,1f], start_interpolation: 0, interpolation_duration: 1 }
$data merge entity $(bone_tail) { transformation: [-0.9872269585512533f,0.019246176347428156f,-0.15815346030247227f,0.021875000000000002f,0.13326718090843018f,0.643750633353303f,-0.7535416249617144f,1.0777952291167436f,0.08730859523759224f,-0.7649932723581463f,-0.6380928634959124f,-0.017105516575227096f,0f,0f,0f,1f], start_interpolation: 0, interpolation_duration: 1 }
$data merge entity $(bone_hair) { transformation: [-0.6893654271085455f,0.12155372436685125f,1.1507915602278503e-16f,0.12500000000000003f,0.11422313781657435f,0.6477916048788263f,-0.3420201433256687f,2.335318007559737f,-0.041573822229719365f,-0.23577686218342556f,-0.9396926207859084f,-0.15428628587859405f,0f,0f,0f,1f], start_interpolation: 0, interpolation_duration: 1 }
$data merge entity $(bone_ear_left) { transformation: [-0.38268343236508995f,5.445100358980089e-17f,-0.9238795325112866f,0.14264437500000005f,0.31598541012516207f,1.221600407021681f,-0.13088544238586688f,2.3150956050715346f,0.8681627791959908f,-0.44462618632336937f,-0.3596047974904983f,-0.39124518720141993f,0f,0f,0f,1f], start_interpolation: 0, interpolation_duration: 1 }
$data merge entity $(bone_ear_right) { transformation: [-0.3826834323650897f,5.445100358980089e-17f,0.9238795325112866f,-0.14264437499999993f,-0.31598541012516207f,1.221600407021681f,-0.13088544238586688f,2.3150956050715346f,-0.8681627791959908f,-0.44462618632336937f,-0.35960479749049806f,-0.39124518720142f,0f,0f,0f,1f], start_interpolation: 0, interpolation_duration: 1 }
$data merge entity $(bone_head) { transformation: [-1f,4.188538737676991e-17f,1.1507915602278503e-16f,3.661091315587047e-17f,0f,0.9396926207859084f,-0.3420201433256687f,1.9012724309697537f,-1.2246467991473532e-16f,-0.3420201433256687f,-0.9396926207859084f,-0.29895079284378495f,0f,0f,0f,1f], start_interpolation: 0, interpolation_duration: 1 }
$data merge entity $(bone_body) { transformation: [-1f,4.6865204053262974e-17f,1.1314261122877003e-16f,-6.403984274441296e-18f,0f,0.9238795325112867f,-0.3826834323650897f,1.034834375f,-1.2246467991473532e-16f,-0.3826834323650897f,-0.9238795325112867f,0.0522925f,0f,0f,0f,1f], start_interpolation: 0, interpolation_duration: 1 }
$data merge entity $(bone_shoe_right) { transformation: [-0.8900454828261739f,-0.34021671074985815f,0.30343307042455064f,-0.06875444003205644f,-0.09028595016398978f,0.783979576584307f,0.6141860228804269f,0.5610155421807734f,-0.44684167856603146f,0.5192577522052397f,-0.7284942697585571f,-0.1966089389071453f,0f,0f,0f,1f], start_interpolation: 0, interpolation_duration: 1 }
$data merge entity $(bone_lowerleg_right) { transformation: [-0.9537169507482269f,-0.230354006723898f,0.19328996208223148f,-0.14589315603659606f,0f,0.6427876096865393f,0.766044443118978f,0.793243425925926f,-0.3007057995042732f,0.7305895704290553f,-0.6130374390889877f,0.09254120770067695f,0f,0f,0f,1f], start_interpolation: 0, interpolation_duration: 1 }
$data merge entity $(bone_leg_right) { transformation: [-0.9537169507482269f,0f,0.3007057995042732f,-0.125f,0f,1f,0f,1.119285300925926f,-0.3007057995042732f,0f,-0.9537169507482269f,0.05978732638888888f,0f,0f,0f,1f], start_interpolation: 0, interpolation_duration: 1 }
$data merge entity $(bone_shoe_left) { transformation: [-0.983388647101443f,-0.08221413866389939f,-0.1618258451414559f,0.2599107170983571f,0.09381248946936713f,0.5330261412541586f,-0.8408818879957292f,1.2812314116693626f,0.15538978593058567f,-0.8420949876014314f,-0.5164591428999895f,0.7574676742037076f,0f,0f,0f,1f], start_interpolation: 0, interpolation_duration: 1 }
$data merge entity $(bone_lowerleg_left) { transformation: [-0.984807753012208f,-0.1734829030790771f,-0.007574427126938538f,0.1827706938568039f,-1.3877787807814457e-17f,0.043619387365336215f,-0.9990482215818579f,1.2954710300576364f,0.17364817766693025f,-0.9838704342468719f,-0.04295671085902586f,0.32763322987692434f,0f,0f,0f,1f], start_interpolation: 0, interpolation_duration: 1 }
$data merge entity $(bone_leg_left) { transformation: [-0.984807753012208f,-0.15402781475222366f,0.08018180522849577f,0.12499999999999999f,-1.3877787807814457e-17f,-0.4617486132350337f,-0.8870108331782219f,1.125f,0.17364817766693025f,-0.8735351455197312f,0.4547336142564966f,0.06250000000000001f,0f,0f,0f,1f], start_interpolation: 0, interpolation_duration: 1 }