# This file was generated by Animated Java via MC-Build. It is not recommended to edit this file directly.
$data merge entity $(bone_hammer) { transformation: [-2.0495690036558547f,0.27147346017654866f,0.28960252694226296f,-0.028549024914800547f,-0.3322457236531114f,-0.3397887127317505f,-2.032844552284495f,2.7482448428172717f,-0.2172101339850255f,-2.0418487591049197f,0.37679432927571466f,-0.06749554154401055f,0f,0f,0f,1f], start_interpolation: 0, interpolation_duration: 1 }
$data merge entity $(bone_hand_left) { transformation: [-0.8869740818958076f,0.4293784324235547f,0.17003276100381365f,0.17677139487852697f,-0.34098353112372026f,-0.8572003945906297f,0.3859244939312198f,2.6381768652569106f,0.311459804063844f,0.2843266524319519f,0.9067255070688991f,-0.42160446014306907f,0f,0f,0f,1f], start_interpolation: 0, interpolation_duration: 1 }
$data merge entity $(bone_lowerarm_left) { transformation: [-0.8869740818958076f,0.451802617417033f,0.09566280855278754f,0.37655286476762123f,-0.34098353112372026f,-0.7803932269652825f,0.5241341839730667f,2.2930967352082f,0.311459804063844f,0.43227399436217717f,0.8462458178630371f,-0.2304583032610439f,0f,0f,0f,1f], start_interpolation: 0, interpolation_duration: 1 }
$data merge entity $(bone_arm_left) { transformation: [-0.992820808530319f,-0.0918575187737463f,0.07660964948317227f,0.3310546875f,0.11065771422783305f,-0.9485190677036573f,0.29675991724701695f,1.8232833844862322f,0.04540608363506929f,0.30310686968017725f,0.9518742107661124f,-0.0803256818725811f,0f,0f,0f,1f], start_interpolation: 0, interpolation_duration: 1 }
$data merge entity $(bone_bread) { transformation: [-0.00000878235483792626f,-0.000004745293665386373f,5.936594394071275e-7f,0.2068126171046502f,0.000004259706748936535f,-0.000007197913916360204f,0.000005481325903988258f,2.6633212687048813f,-0.000002173739154962654f,0.0000050667764191754235f,0.00000834281935584549f,-0.44279940561581776f,0f,0f,0f,1f], start_interpolation: 0, interpolation_duration: 1 }
$data merge entity $(bone_hand_right) { transformation: [-0.878235483792626f,-0.47452936653863725f,0.05936594394071275f,0.04069885744469509f,0.4259706748936535f,-0.7197913916360204f,0.5481325903988258f,2.463973495165502f,-0.21737391549626542f,0.5066776419175423f,0.8342819355845489f,-0.44983478311294056f,0f,0f,0f,1f], start_interpolation: 0, interpolation_duration: 1 }
$data merge entity $(bone_lowerarm_right) { transformation: [-0.7217328225621097f,-0.691546951174958f,0.029403182772458847f,-0.26509456002798165f,0.5649884395493087f,-0.5640458898171993f,0.6021962282810824f,2.2145594532619595f,-0.3998622212864922f,0.4512372419259568f,0.7978064649317452f,-0.25030331519880655f,0f,0f,0f,1f], start_interpolation: 0, interpolation_duration: 1 }
$data merge entity $(bone_arm_right) { transformation: [-0.9780279645039357f,-0.17854469877190982f,-0.10762477033070139f,-0.34375f,0.12718778178711926f,-0.9200656938321592f,0.37054336749862354f,1.8148445844454648f,-0.16518041291981433f,0.3487132196714025f,0.9225586819352165f,-0.07084100812843486f,0f,0f,0f,1f], start_interpolation: 0, interpolation_duration: 1 }
$data merge entity $(bone_uppertail) { transformation: [-0.29738436542251045f,0.20287148829421192f,-0.9329553571524963f,-0.24276853753756222f,0.47631427513370556f,0.8784017022985589f,0.03918112687055697f,0.7248408234434321f,0.8274583074125871f,-0.4327281001232593f,-0.3578535187162637f,-0.573733498933305f,0f,0f,0f,1f], start_interpolation: 0, interpolation_duration: 1 }
$data merge entity $(bone_middletail) { transformation: [-0.8161351480885691f,0.09478234099166448f,-0.5700348479615865f,-0.026677178420867323f,0.36625104150330434f,0.8478614646928848f,-0.383394198295411f,0.8701948026918828f,0.4469715814816351f,-0.5216773375612324f,-0.7266836731500372f,-0.29827145125941273f,0f,0f,0f,1f], start_interpolation: 0, interpolation_duration: 1 }
$data merge entity $(bone_tail) { transformation: [-0.9908562193023082f,0.02936875551148144f,-0.13168685913804395f,0.021875f,0.09597296225288808f,0.8394323212376935f,-0.5349229557402668f,1.0914205582447325f,0.0948321843381345f,-0.5426701155040736f,-0.8345753426458593f,-0.006990732010561974f,0f,0f,0f,1f], start_interpolation: 0, interpolation_duration: 1 }
$data merge entity $(bone_hair) { transformation: [-0.6893654271085455f,0.12155372436685123f,1.213224043323157e-16f,0.12499999999999999f,0.12041994562025186f,0.6829354483154877f,-0.1362636260248027f,2.348667601714534f,-0.016563351239046644f,-0.09393543275394721f,-0.9906726120280972f,0.1163143575108585f,0f,0f,0f,1f], start_interpolation: 0, interpolation_duration: 1 }
$data merge entity $(bone_ear_left) { transformation: [-0.38268343236508995f,2.1693725748693253e-17f,-0.9238795325112866f,0.14264437500000002f,0.1258911751100875f,1.2878743956365264f,-0.052145832113684475f,2.3788467034950003f,0.9152621496722537f,-0.1771427138322435f,-0.37911399552100133f,-0.1195832649744897f,0f,0f,0f,1f], start_interpolation: 0, interpolation_duration: 1 }
$data merge entity $(bone_ear_right) { transformation: [-0.3826834323650897f,2.1693725748693253e-17f,0.9238795325112866f,-0.14264437499999996f,-0.1258911751100875f,1.2878743956365264f,-0.052145832113684475f,2.3788467034950003f,-0.9152621496722537f,-0.1771427138322435f,-0.3791139955210011f,-0.11958326497448976f,0f,0f,0f,1f], start_interpolation: 0, interpolation_duration: 1 }
$data merge entity $(bone_head) { transformation: [-1f,1.6687481345148656e-17f,1.213224043323157e-16f,1.4278134013383204e-17f,0f,0.9906726120280972f,-0.1362636260248027f,1.9548668526847606f,-1.2246467991473532e-16f,-0.1362636260248027f,-0.9906726120280972f,-0.11658981204478058f,0f,0f,0f,1f], start_interpolation: 0, interpolation_duration: 1 }
$data merge entity $(bone_body) { transformation: [-1f,2.303124119999284e-17f,1.2027950679731909e-16f,-6.403984274441296e-18f,0f,0.9821567073956537f,-0.18806435631912882f,1.0353204861111112f,-1.2246467991473532e-16f,-0.18806435631912882f,-0.9821567073956537f,0.0522925f,0f,0f,0f,1f], start_interpolation: 0, interpolation_duration: 1 }
$data merge entity $(bone_shoe_right) { transformation: [-0.911631671548737f,-0.15862776049006955f,0.3791634595147072f,-0.15377455150860558f,-0.04512014939719363f,0.955569812122579f,0.2912911022987035f,0.4494071878480798f,-0.4085240109805429f,0.2484422825565808f,-0.8782850133586735f,-0.04445005684604947f,0f,0f,0f,1f], start_interpolation: 0, interpolation_duration: 1 }
$data merge entity $(bone_lowerleg_right) { transformation: [-0.9409566850010769f,-0.09213481072759802f,0.3257478988481339f,-0.1833175044109809f,0.06538637174501369f,0.8946665197325535f,0.441923569024852f,0.7960866607489487f,-0.33215228336082114f,0.43713040974271056f,-0.8358180816041029f,0.13870163280691206f,0f,0f,0f,1f], start_interpolation: 0, interpolation_duration: 1 }
$data merge entity $(bone_leg_right) { transformation: [-0.9409566850010769f,0.12520729655153748f,0.314521302683999f,-0.125f,0.06538637174501369f,0.9788126952687586f,-0.19403692939935724f,1.121246337890625f,-0.33215228336082114f,-0.16201493903638522f,-0.9292071998145673f,0.060256958007812486f,0f,0f,0f,1f], start_interpolation: 0, interpolation_duration: 1 }
$data merge entity $(bone_shoe_left) { transformation: [-0.9737236645382107f,-0.18605390120710746f,-0.13132467766529649f,0.30491837471257244f,0.008540201186642685f,0.5464229988559279f,-0.8374658030540628f,1.167888789436734f,0.22757260397941093f,-0.81658180984327f,-0.5304760670860841f,0.7714769175424544f,0f,0f,0f,1f], start_interpolation: 0, interpolation_duration: 1 }
$data merge entity $(bone_lowerleg_left) { transformation: [-0.9703432217069382f,-0.24019753647189174f,0.02718778329018394f,0.19892381366245054f,-0.06742842006028309f,0.16094273895255265f,-0.9846577288310008f,1.2336739222802815f,0.23213668442444374f,-0.9572891821447083f,-0.1723658362122305f,0.35539533552814406f,0f,0f,0f,1f], start_interpolation: 0, interpolation_duration: 1 }
$data merge entity $(bone_leg_left) { transformation: [-0.9703432217069382f,-0.208573318113161f,0.12219330202047043f,0.12499999999999999f,-0.06742842006028309f,-0.25188856981657337f,-0.965404348738877f,1.127398148148148f,0.23213668442444374f,-0.9450128673023597f,0.23035459703986552f,0.06237037037037038f,0f,0f,0f,1f], start_interpolation: 0, interpolation_duration: 1 }