# This file was generated by Animated Java via MC-Build. It is not recommended to edit this file directly.
$data merge entity $(bone_hammer) { transformation: [-2.0991376853687562f,-0.03157071632050197f,-0.005661817958501891f,0.05460168258385323f,-0.02522156669315379f,1.8536711202634117f,-0.9852284196681624f,2.186203409811631f,0.019815117590557946f,-0.9850454082017197f,-1.8538340522664034f,0.9812790283174235f,0f,0f,0f,1f], start_interpolation: 0, interpolation_duration: 1 }
$data merge entity $(bone_hand_left) { transformation: [-0.8734083599829964f,0.3398193715016898f,0.3488275096147223f,0.2289096101463431f,-0.473553296908976f,-0.42555663914994546f,-0.7711347624520919f,2.502680232295139f,-0.11360066768488832f,-0.8387039654297583f,0.5326073100079911f,0.7152781516484796f,0f,0f,0f,1f], start_interpolation: 0, interpolation_duration: 1 }
$data merge entity $(bone_lowerarm_left) { transformation: [-0.8734083599829964f,0.4515296963916489f,0.1824246967608224f,0.4285703977695253f,-0.473553296908976f,-0.7000888498420214f,-0.5344369722553978f,2.1931096940056203f,-0.11360066768488832f,-0.5531695360405726f,0.8252868305614764f,0.47067349743053893f,0f,0f,0f,1f], start_interpolation: 0, interpolation_duration: 1 }
$data merge entity $(bone_arm_left) { transformation: [-0.964260431757042f,-0.23433771158516167f,0.12364326377426538f,0.31249999999999994f,0.10681689492489037f,-0.7708699380321331f,-0.6279726822059556f,1.8112881778240792f,0.24247055636989803f,-0.5923220201607963f,0.7683506059907204f,0.1772889968196445f,0f,0f,0f,1f], start_interpolation: 0, interpolation_duration: 1 }
$data merge entity $(bone_bread) { transformation: [-0.000009546208560714036f,-0.000002962137740097343f,3.092606086152346e-7f,0.1357158189971958f,0.0000016818171790812445f,-0.000006218608348631233f,-0.000007648555496463442f,2.3957409855701384f,0.0000024579245495940808f,-0.0000072494586153053496f,0.000006434590639153187f,0.8703466598416187f,0f,0f,0f,1f], start_interpolation: 0, interpolation_duration: 1 }
$data merge entity $(bone_hand_right) { transformation: [-0.9546208560714035f,-0.29621377400973425f,0.030926060861523455f,0.007389494820413289f,0.16818171790812445f,-0.6218608348631233f,-0.7648555496463442f,2.365827229018881f,0.24579245495940805f,-0.7249458615305349f,0.6434590639153187f,0.6466943980773624f,0f,0f,0f,1f], start_interpolation: 0, interpolation_duration: 1 }
$data merge entity $(bone_lowerarm_right) { transformation: [-0.6678975941730964f,-0.744209612338662f,-0.008053359580218467f,-0.3216906931355888f,0.618341404767232f,-0.548848906754756f,-0.5625111418492929f,2.1231331030632625f,0.4142061212105345f,-0.3806795640126319f,0.8267504815208011f,0.47836265336552675f,0f,0f,0f,1f], start_interpolation: 0, interpolation_duration: 1 }
$data merge entity $(bone_arm_right) { transformation: [-0.9804229924576022f,-0.04639372587553198f,-0.1913592904979179f,-0.34375f,0.1650749180727536f,-0.723438596763337f,-0.6703632359671641f,1.7843534188802193f,-0.10733604838894631f,-0.6888281490418928f,0.7169342743960326f,0.19313481270109004f,0f,0f,0f,1f], start_interpolation: 0, interpolation_duration: 1 }
$data merge entity $(bone_uppertail) { transformation: [-0.6867804481300028f,0.2855207564113912f,-0.6684388631166054f,-0.14588649725135808f,-0.007405082744475246f,0.9168229829002249f,0.39922522813003886f,1.0900988663238294f,0.7268272014832002f,0.2791299261709521f,-0.6275417942256107f,-0.6966224212827383f,0f,0f,0f,1f], start_interpolation: 0, interpolation_duration: 1 }
$data merge entity $(bone_middletail) { transformation: [-0.9196450023088996f,0.14913999093475475f,-0.36333226230579296f,-0.008151159503825826f,0.10358004182907944f,0.9844443313258617f,0.14191734726615793f,1.0363197345344095f,0.3788459378994981f,0.09287960822677063f,-0.9207872358545656f,-0.3475674453885354f,0f,0f,0f,1f], start_interpolation: 0, interpolation_duration: 1 }
$data merge entity $(bone_tail) { transformation: [-0.9962188031059184f,0.030861026920876482f,-0.08121387415707029f,0.021875f,0.04027877376889066f,0.9923138738827196f,-0.11700767531894918f,1.1082257677637155f,0.07697867705985885f,-0.11983644152451724f,-0.9898047840664618f,0.01308551589993863f,0f,0f,0f,1f], start_interpolation: 0, interpolation_duration: 1 }
$data merge entity $(bone_hair) { transformation: [-0.6893654271085455f,0.1215537243668512f,1.2044985261031065e-16f,0.12499999999999993f,0.11955388438866846f,0.6780237709981329f,0.18064868763709374f,2.2647633486388754f,0.02195852078427261f,0.12453295970954337f,-0.9835476865180436f,0.518202526060216f,0f,0f,0f,1f], start_interpolation: 0, interpolation_duration: 1 }
$data merge entity $(bone_ear_left) { transformation: [-0.38268343236508995f,-2.87600088210418e-17f,-0.9238795325112866f,0.14264437499999996f,-0.1668976250829356f,1.2786119924734567f,0.06913125983721201f,2.3672587202135293f,0.9086795768228476f,0.23484329392822187f,-0.3763874045714684f,0.3036025137482655f,0f,0f,0f,1f], start_interpolation: 0, interpolation_duration: 1 }
$data merge entity $(bone_ear_right) { transformation: [-0.3826834323650897f,-2.87600088210418e-17f,0.9238795325112866f,-0.14264437500000002f,0.1668976250829356f,1.2786119924734567f,0.06913125983721201f,2.3672587202135293f,-0.9086795768228476f,0.23484329392822187f,-0.3763874045714682f,0.3036025137482655f,0f,0f,0f,1f], start_interpolation: 0, interpolation_duration: 1 }
$data merge entity $(bone_head) { transformation: [-1f,-2.212308370849369e-17f,1.2044985261031065e-16f,-2.127775215235218e-17f,0f,0.9835476865180436f,0.18064868763709374f,1.963643595731898f,-1.2246467991473532e-16f,0.18064868763709374f,-0.9835476865180436f,0.1737460316490157f,0f,0f,0f,1f], start_interpolation: 0, interpolation_duration: 1 }
$data merge entity $(bone_body) { transformation: [-1f,-1.4990984156418716e-17f,1.215436885265565e-16f,-6.403984274441296e-18f,0f,0.99247953459871f,0.1224106751992168f,1.0366399305555556f,-1.2246467991473532e-16f,0.1224106751992168f,-0.99247953459871f,0.0522925f,0f,0f,0f,1f], start_interpolation: 0, interpolation_duration: 1 }
$data merge entity $(bone_shoe_right) { transformation: [-0.9175386106789936f,0.12463057746054701f,0.37761106588011023f,-0.31514139370785643f,0.06696317293752313f,0.9844803079328146f,-0.16221731338747342f,0.42591610808684144f,-0.3919678958580687f,-0.12355461324596893f,-0.9116443528932964f,0.19713752899796883f,0f,0f,0f,1f], start_interpolation: 0, interpolation_duration: 1 }
$data merge entity $(bone_lowerleg_right) { transformation: [-0.9125606114725323f,0.1656904237127576f,0.3738713868147237f,-0.24266153030607573f,0.15737629891740268f,0.9861211701118294f,-0.052893651758379345f,0.8269503990884344f,-0.3774464610086287f,0.010569831936376062f,-0.9259710836332301f,0.20859716483575677f,0f,0f,0f,1f], start_interpolation: 0, interpolation_duration: 1 }
$data merge entity $(bone_leg_right) { transformation: [-0.9125606114725323f,0.3081713968584973f,0.26881875036381014f,-0.125f,0.15737629891740268f,0.8713754722708f,-0.4646907432517895f,1.122875072337963f,-0.3774464610086287f,-0.38175276879562087f,-0.8436818076674043f,0.06085883246527776f,0f,0f,0f,1f], start_interpolation: 0, interpolation_duration: 1 }
$data merge entity $(bone_shoe_left) { transformation: [-0.9396943063313137f,-0.33013819093708924f,-0.08934979313516736f,0.3908019154665406f,-0.11409029239381993f,0.5488604772932686f,-0.8280915297519338f,1.0053203064616116f,0.322425209668853f,-0.7679589516049613f,-0.5534266282171512f,0.74211323112113f,0f,0f,0f,1f], start_interpolation: 0, interpolation_duration: 1 }
$data merge entity $(bone_lowerleg_left) { transformation: [-0.9349338238199614f,-0.35227453357504446f,0.04244288010809624f,0.23673245983297292f,-0.1612346874012645f,0.31523858047627507f,-0.9352154901186781f,1.1379709805785578f,0.316072967297113f,-0.8812078587789534f,-0.35152608576065913f,0.36183266519708435f,0f,0f,0f,1f], start_interpolation: 0, interpolation_duration: 1 }
$data merge entity $(bone_leg_left) { transformation: [-0.9349338238199614f,-0.3292860442230927f,0.1321720324323295f,0.12499999999999999f,-0.1612346874012645f,0.06244550620713707f,-0.9849385434295637f,1.1302962962962964f,0.316072967297113f,-0.9421630749686816f,-0.11147474830452118f,0.06201851851851853f,0f,0f,0f,1f], start_interpolation: 0, interpolation_duration: 1 }