# This file was generated by Animated Java via MC-Build. It is not recommended to edit this file directly.
$data merge entity $(bone_hammer) { transformation: [-2.1058237665320045f,0.06770728062414888f,-0.20297725546776024f,0.10417186939608286f,-0.09028969098088535f,1.5392071157036735f,1.450161027075109f,1.2392353661822535f,0.19398921049717643f,1.4513906975364834f,-1.5284341683870526f,1.061888946158537f,0f,0f,0f,1f], start_interpolation: 0, interpolation_duration: 1 }
$data merge entity $(bone_hand_left) { transformation: [-0.9067844919187901f,0.27814915000916557f,0.3168200365582333f,0.317319738958875f,-0.022521272552180685f,0.7184491758814632f,-0.6952147682248107f,1.6144054034107556f,-0.42099249102354785f,-0.6375451607724942f,-0.6452142981036321f,1.2618140545725423f,0f,0f,0f,1f], start_interpolation: 0, interpolation_duration: 1 }
$data merge entity $(bone_lowerarm_left) { transformation: [-0.9067844919187901f,0.41403387904098043f,0.07948479239364205f,0.5004003448473086f,-0.022521272552180685f,0.14069348593391312f,-0.9897970172203968f,1.6766183042221579f,-0.42099249102354785f,-0.8993226840361821f,-0.11825410132314818f,0.8641448052252931f,0f,0f,0f,1f], start_interpolation: 0, interpolation_duration: 1 }
$data merge entity $(bone_arm_left) { transformation: [-0.9087220472814224f,-0.416817730922011f,-0.022073059907640264f,0.29394531249999994f,-0.014032804969740215f,0.083360111754549f,-0.99642068031176f,1.717907609575583f,0.41716581975198f,-0.9051596936216808f,-0.08160029334116004f,0.41580789447830435f,0f,0f,0f,1f], start_interpolation: 0, interpolation_duration: 1 }
$data merge entity $(bone_bread) { transformation: [-0.000009508300977816364f,-0.0000026259856978543657f,0.0000016420754032384545f,0.09422595994851984f,-0.0000024664766272152625f,0.0000032136509209314814f,-0.000009142698770373936f,1.3324472230173483f,0.0000018731539078936457f,-0.000009098167226043964f,-0.0000037033292541012605f,1.2670183548815854f,0f,0f,0f,1f], start_interpolation: 0, interpolation_duration: 1 }
$data merge entity $(bone_hand_right) { transformation: [-0.9508300977816363f,-0.26259856978543655f,0.16420754032384544f,-0.04317030084387735f,-0.24664766272152625f,0.3213650920931481f,-0.9142698770373935f,1.5016140926223032f,0.18731539078936454f,-0.9098167226043964f,-0.370332925410126f,1.1259947744124748f,0f,0f,0f,1f], start_interpolation: 0, interpolation_duration: 1 }
$data merge entity $(bone_lowerarm_right) { transformation: [-0.6296974757145611f,-0.7748689694318663f,0.05530975764100962f,-0.3858076732645307f,-0.25139082548801617f,0.13588993538938948f,-0.958298793863543f,1.5617029234272988f,0.7350399594166043f,-0.617342697107097f,-0.28036449916023853f,0.8530135505354303f,0f,0f,0f,1f], start_interpolation: 0, interpolation_duration: 1 }
$data merge entity $(bone_arm_right) { transformation: [-0.9826555462862665f,0.09682848417739709f,-0.15815284380859798f,-0.34375000000000006f,0.18050700854418483f,0.3040398819560735f,-0.9354020365845728f,1.6692576379925952f,-0.042488789336350856f,-0.9477256959859451f,-0.3162446963170872f,0.42647133941310933f,0f,0f,0f,1f], start_interpolation: 0, interpolation_duration: 1 }
$data merge entity $(bone_uppertail) { transformation: [-0.9510054013643852f,0.1691481205915963f,-0.25880038615909207f,-0.03869753552347073f,-0.1588763882941202f,0.45072971943053f,0.87840822700194f,1.4783131473389624f,0.2652301261515748f,0.8764882391238381f,-0.40177275524755696f,-0.586350473543715f,0f,0f,0f,1f], start_interpolation: 0, interpolation_duration: 1 }
$data merge entity $(bone_middletail) { transformation: [-0.987116827592243f,0.09236880072044779f,-0.13064598477447384f,0.010829697337831736f,-0.025152218284547917f,0.7167967291727556f,0.6968283970696125f,1.2141724554789448f,0.15801181791116856f,0.6911370730185911f,-0.7052388330911042f,-0.31899426436620804f,0f,0f,0f,1f], start_interpolation: 0, interpolation_duration: 1 }
$data merge entity $(bone_tail) { transformation: [-0.9993829757825439f,0.017047495854112093f,-0.03070912895429238f,0.021874999999999995f,0.0058243278564367815f,0.9426454856910922f,0.33374476102438766f,1.1188099591750458f,0.0346373342081642f,0.3333599723891711f,-0.9421631408029306f,0.03727333441770986f,0f,0f,0f,1f], start_interpolation: 0, interpolation_duration: 1 }
$data merge entity $(bone_hair) { transformation: [-0.6893654271085455f,0.12155372436685118f,1.0736115341944676e-16f,0.12499999999999989f,0.10656254570330545f,0.6043462280993375f,0.48109157436942657f,2.059316826914978f,0.0584784726261157f,0.33164789864350236f,-0.8766703468640571f,0.8775521624029403f,0f,0f,0f,1f], start_interpolation: 0, interpolation_duration: 1 }
$data merge entity $(bone_ear_left) { transformation: [-0.38268343236508995f,-7.659174336427629e-17f,-0.9238795325112866f,0.1426443749999999f,-0.4444706588235447f,1.1396714509232742f,0.18410577496161704f,2.224158508092929f,0.8099377902272725f,0.6254190466802546f,-0.33548721739063136f,0.7061296241387369f,0f,0f,0f,1f], start_interpolation: 0, interpolation_duration: 1 }
$data merge entity $(bone_ear_right) { transformation: [-0.3826834323650897f,-7.659174336427629e-17f,0.9238795325112866f,-0.14264437500000007f,0.4444706588235447f,1.1396714509232742f,0.18410577496161704f,2.224158508092929f,-0.8099377902272725f,0.6254190466802546f,-0.33548721739063114f,0.7061296241387368f,0f,0f,0f,1f], start_interpolation: 0, interpolation_duration: 1 }
$data merge entity $(bone_head) { transformation: [-1f,-5.891672566482791e-17f,1.0736115341944676e-16f,-5.582119889639515e-17f,0f,0.8766703468640571f,0.48109157436942657f,1.8819446810282923f,-1.2246467991473532e-16f,0.48109157436942657f,-0.8766703468640571f,0.45581468007967724f,0f,0f,0f,1f], start_interpolation: 0, interpolation_duration: 1 }
$data merge entity $(bone_body) { transformation: [-1f,-5.2020507693556767e-17f,1.1086687785774062e-16f,-6.403984274441296e-18f,0f,0.9052967593181189f,0.42477968120910836f,1.038584375f,-1.2246467991473532e-16f,0.42477968120910836f,-0.9052967593181189f,0.0522925f,0f,0f,0f,1f], start_interpolation: 0, interpolation_duration: 1 }
$data merge entity $(bone_shoe_right) { transformation: [-0.8893597529482337f,0.3944081471222245f,0.2312605528823941f,-0.47853940289740704f,0.20246189077310944f,0.7932481498708334f,-0.5742530413598848f,0.5424181268540103f,-0.40993708373411936f,-0.46389609419579464f,-0.7853355977984523f,0.4411080418184429f,0f,0f,0f,1f], start_interpolation: 0, interpolation_duration: 1 }
$data merge entity $(bone_lowerleg_right) { transformation: [-0.8732880005594321f,0.4210364043516644f,0.24514570012450002f,-0.2969529176353646f,0.24373486835606206f,0.8132255282764985f,-0.5284482511153414f,0.8847203376871738f,-0.42185469302398737f,-0.40173696166774553f,-0.8128013481802341f,0.27326573611801147f,0f,0f,0f,1f], start_interpolation: 0, interpolation_duration: 1 }
$data merge entity $(bone_leg_right) { transformation: [-0.8732880005594321f,0.4641154011141964f,0.1482058113824086f,-0.125f,0.24373486835606206f,0.6795717006866737f,-0.691936136918195f,1.1241375958478008f,-0.42185469302398737f,-0.5681366015972131f,-0.7065829179220278f,0.061603122287326374f,0f,0f,0f,1f], start_interpolation: 0, interpolation_duration: 1 }
$data merge entity $(bone_shoe_left) { transformation: [-0.8859584119459992f,-0.4608572814430894f,-0.051848417941225064f,0.4833824362685487f,-0.2283371472579204f,0.5307811163811303f,-0.8161700519348378f,0.8640297242859492f,0.4036580724873932f,-0.7112538032475373f,-0.5754808318977064f,0.6551242593981714f,0f,0f,0f,1f], start_interpolation: 0, interpolation_duration: 1 }
$data merge entity $(bone_lowerleg_left) { transformation: [-0.8837818429758598f,-0.4676930554083658f,0.013887402528183643f,0.28063545104850124f,-0.24666370202637333f,0.44047934042124104f,-0.8632120068469351f,1.0498871480091108f,0.3976011470416516f,-0.7663166164092072f,-0.5046505437293287f,0.32783915907660666f,0f,0f,0f,1f], start_interpolation: 0, interpolation_duration: 1 }
$data merge entity $(bone_leg_left) { transformation: [-0.8837818429758598f,-0.4635761441288708f,0.06345717154743777f,0.12499999999999999f,-0.24666370202637333f,0.34635563199245833f,-0.9050938041384161f,1.1335f,0.3976011470416516f,-0.815558051141495f,-0.4204502266493023f,0.06150000000000001f,0f,0f,0f,1f], start_interpolation: 0, interpolation_duration: 1 }