# This file was generated by Animated Java via MC-Build. It is not recommended to edit this file directly.
$data merge entity $(bone_hammer) { transformation: [-2.1321005786198968f,0.15399058535953636f,0.000135301586171517f,0.04046059106725863f,0.0007908842630877565f,0.00907210915423621f,2.137634923782535f,0.9242809992911474f,0.15398861382574527f,2.132081281868332f,-0.009105512391116038f,0.7109785759549379f,0f,0f,0f,1f], start_interpolation: 0, interpolation_duration: 1 }
$data merge entity $(bone_hand_left) { transformation: [-0.8741388773219467f,0.39340344210248107f,0.28480687297929863f,0.299647842774293f,0.4122051951382313f,0.911066408281876f,0.006699014958503502f,1.0152809322352438f,-0.25684255927587074f,0.12325474206813009f,-0.9585615099211626f,1.1248093958669738f,0f,0f,0f,1f], start_interpolation: 0, interpolation_duration: 1 }
$data merge entity $(bone_lowerarm_left) { transformation: [-0.8741388773219467f,0.47576116594212714f,-0.09763470763880172f,0.5100234833393273f,0.4122051951382313f,0.6204465758306632f,-0.6671828262485909f,1.2896346524853652f,-0.25684255927587074f,-0.6234559804199434f,-0.7384676974812289f,0.8491249545250301f,0f,0f,0f,1f], start_interpolation: 0, interpolation_duration: 1 }
$data merge entity $(bone_arm_left) { transformation: [-0.8561984093638922f,-0.4618770641551089f,-0.23150348034143672f,0.28124999999999994f,-0.15314929647953687f,0.6548452430414108f,-0.7400831038835153f,1.6139876869293142f,0.4934263641016393f,-0.5982033811953027f,-0.6314136029069563f,0.5528273422767317f,0f,0f,0f,1f], start_interpolation: 0, interpolation_duration: 1 }
$data merge entity $(bone_bread) { transformation: [-0.000009098128314027796f,-0.000002694872984046783f,0.0000031562193810539423f,0.10253122150623967f,-0.000004006355952779675f,0.000007687794005191256f,-0.0000049846700305408685f,0.7696101415447026f,-0.0000010831311837042704f,-0.0000057996105846513715f,-0.000008074115673266466f,0.9628554480346587f,0f,0f,0f,1f], start_interpolation: 0, interpolation_duration: 1 }
$data merge entity $(bone_hand_right) { transformation: [-0.9098128314027795f,-0.2694872984046783f,0.3156219381053942f,-0.05273516924563171f,-0.40063559527796744f,0.7687794005191255f,-0.4984670030540868f,0.9750492860851492f,-0.10831311837042702f,-0.5799610584651371f,-0.8074115673266465f,0.9301458425130891f,0f,0f,0f,1f], start_interpolation: 0, interpolation_duration: 1 }
$data merge entity $(bone_lowerarm_right) { transformation: [-0.5577495173711796f,-0.8177741767781367f,0.1419889843158862f,-0.41434468803971397f,-0.7858488723600748f,0.46523394436275045f,-0.40742965874255677f,1.1807699208580529f,0.26712735854385117f,-0.338825578738557f,-0.9021309225993015f,0.7803214069146334f,0f,0f,0f,1f], start_interpolation: 0, interpolation_duration: 1 }
$data merge entity $(bone_arm_right) { transformation: [-0.9840891102490356f,0.15718833015919034f,-0.08282784526369684f,-0.34375000000000006f,0.1776714785123632f,0.873776101455501f,-0.45271201690308266f,1.5514874110807642f,0.001211945746477816f,-0.46022511164319524f,-0.8878014292624878f,0.552827018034065f,0f,0f,0f,1f], start_interpolation: 0, interpolation_duration: 1 }
$data merge entity $(bone_uppertail) { transformation: [-1f,-1.2234812067540777e-16f,-5.341834311772719e-18f,0.022621250000000048f,0f,-0.04361938736533605f,0.9990482215818578f,1.6796038162488018f,-1.2246467991473532e-16f,0.9990482215818578f,0.04361938736533605f,-0.38438160648053615f,0f,0f,0f,1f], start_interpolation: 0, interpolation_duration: 1 }
$data merge entity $(bone_middletail) { transformation: [-1f,-1.1507915602278503e-16f,4.188538737676992e-17f,0.02262125000000003f,0f,0.34202014332566866f,0.9396926207859084f,1.3233905895857805f,-1.2246467991473532e-16f,0.9396926207859084f,-0.34202014332566866f,-0.25470997647893484f,0f,0f,0f,1f], start_interpolation: 0, interpolation_duration: 1 }
$data merge entity $(bone_tail) { transformation: [-1f,-7.455177354798984e-17f,9.71577628780522e-17f,0.02187499999999999f,0f,0.7933533402912352f,0.6087614290087207f,1.1225263584958831f,-1.2246467991473532e-16f,0.6087614290087207f,-0.7933533402912352f,0.05479868274576373f,0f,0f,0f,1f], start_interpolation: 0, interpolation_duration: 1 }
$data merge entity $(bone_hair) { transformation: [-0.6893654271085455f,0.12155372436685116f,9.206703555736993e-17f,0.12499999999999986f,0.09138219339000689f,0.5182541720095357f,0.6594089931575277f,1.8602521063329749f,0.08015361899929291f,0.45457376220725504f,-0.7517843971132786f,1.0771564783285235f,0f,0f,0f,1f], start_interpolation: 0, interpolation_duration: 1 }
$data merge entity $(bone_ear_left) { transformation: [-0.38268343236508995f,-1.0498060466391489e-16f,-0.9238795325112866f,0.14264437499999988f,-0.6092144723321149f,0.9773197162472622f,0.25234489683393074f,2.058284633619698f,0.6945582173542953f,0.857231691104786f,-0.2876954334858293f,0.9454690278446263f,0f,0f,0f,1f], start_interpolation: 0, interpolation_duration: 1 }
$data merge entity $(bone_ear_right) { transformation: [-0.3826834323650897f,-1.0498060466391489e-16f,0.9238795325112866f,-0.1426443750000001f,0.6092144723321149f,0.9773197162472622f,0.25234489683393074f,2.058284633619698f,-0.6945582173542953f,0.857231691104786f,-0.2876954334858291f,0.9454690278446263f,0f,0f,0f,1f], start_interpolation: 0, interpolation_duration: 1 }
$data merge entity $(bone_head) { transformation: [-1f,-8.075431127993453e-17f,9.206703555736993e-17f,-7.678881036433199e-17f,0f,0.7517843971132786f,0.6594089931575277f,1.7783501286076027f,-1.2246467991473532e-16f,0.6594089931575277f,-0.7517843971132786f,0.6270282208535175f,0f,0f,0f,1f], start_interpolation: 0, interpolation_duration: 1 }
$data merge entity $(bone_body) { transformation: [-1f,-7.455177354798984e-17f,9.71577628780522e-17f,-6.403984274441296e-18f,0f,0.7933533402912352f,0.6087614290087207f,1.0409454861111112f,-1.2246467991473532e-16f,0.6087614290087207f,-0.7933533402912352f,0.0522925f,0f,0f,0f,1f], start_interpolation: 0, interpolation_duration: 1 }
$data merge entity $(bone_shoe_right) { transformation: [-0.8406465260480185f,0.5407896037551185f,0.02932614386141282f,-0.5653276922329787f,0.29883628973211185f,0.5083324153203175f,-0.8076478362960912f,0.7165741439771961f,-0.45167498290534497f,-0.6701826318288129f,-0.5889354377285019f,0.6088648900067468f,0f,0f,0f,1f], start_interpolation: 0, interpolation_duration: 1 }
$data merge entity $(bone_lowerleg_right) { transformation: [-0.8406465260480185f,0.5407896037551185f,0.02932614386141282f,-0.32779610140816945f,0.29883628973211185f,0.5083324153203175f,-0.8076478362960912f,0.934375344254881f,-0.45167498290534497f,-0.6701826318288129f,-0.5889354377285019f,0.31381848693580483f,0f,0f,0f,1f], start_interpolation: 0, interpolation_duration: 1 }
$data merge entity $(bone_leg_right) { transformation: [-0.8406465260480185f,0.5407896037551185f,0.02932614386141282f,-0.125f,0.29883628973211185f,0.5083324153203175f,-0.8076478362960912f,1.125f,-0.45167498290534497f,-0.6701826318288129f,-0.5889354377285019f,0.062499999999999986f,0f,0f,0f,1f], start_interpolation: 0, interpolation_duration: 1 }
$data merge entity $(bone_shoe_left) { transformation: [-0.8406465260480185f,-0.5407896037551183f,-0.029326143861412673f,0.539343444684732f,-0.29883628973211185f,0.5083324153203175f,-0.8076478362960912f,0.7866718571762512f,0.45167498290534475f,-0.6701826318288131f,-0.5889354377285019f,0.5667253069745295f,0f,0f,0f,1f], start_interpolation: 0, interpolation_duration: 1 }
$data merge entity $(bone_lowerleg_left) { transformation: [-0.8406465260480185f,-0.5407896037551183f,-0.029326143861412673f,0.30698651483286993f,-0.29883628973211185f,0.5083324153203175f,-0.8076478362960912f,1.0001708236680096f,0.45167498290534475f,-0.6701826318288131f,-0.5889354377285019f,0.2845179970739369f,0f,0f,0f,1f], start_interpolation: 0, interpolation_duration: 1 }
$data merge entity $(bone_leg_left) { transformation: [-0.8406465260480185f,-0.5407896037551183f,-0.029326143861412673f,0.12499999999999999f,-0.29883628973211185f,0.5083324153203175f,-0.8076478362960912f,1.1368148148148147f,0.45167498290534475f,-0.6701826318288131f,-0.5889354377285019f,0.06087037037037039f,0f,0f,0f,1f], start_interpolation: 0, interpolation_duration: 1 }