# This file was generated by Animated Java via MC-Build. It is not recommended to edit this file directly.
$data merge entity $(bone_hammer) { transformation: [-2.153402693325422f,0.1651843978741736f,0.05748506133216928f,-0.003794509242970867f,0.03431086151545092f,-0.2973253359104144f,2.139662119729754f,0.8996790284772627f,0.17150271822768323f,2.1335522811788104f,0.2937261621235155f,0.5876796251742418f,0f,0f,0f,1f], start_interpolation: 0, interpolation_duration: 1 }
$data merge entity $(bone_hand_left) { transformation: [-0.8419615041461386f,0.45061041789884276f,0.29673401695289714f,0.27310095207433893f,0.5213801632070184f,0.8210026068967204f,0.23263156467472784f,0.88123446081484f,-0.1387931948987234f,0.3505780522933791f,-0.926191923037545f,1.02188264387337f,0f,0f,0f,1f], start_interpolation: 0, interpolation_duration: 1 }
$data merge entity $(bone_lowerarm_left) { transformation: [-0.8419615041461386f,0.515479636982661f,-0.15931594205287802f,0.5010396040526093f,0.5213801632070184f,0.7013869736110177f,-0.4860237017502342f,1.1913790132084618f,-0.1387931948987234f,-0.49227741884531084f,-0.8593016885499547f,0.8042037227277091f,0f,0f,0f,1f], start_interpolation: 0, interpolation_duration: 1 }
$data merge entity $(bone_arm_left) { transformation: [-0.8373645674111898f,-0.45181497348160865f,-0.3077073463245299f,0.27724999999999994f,-0.2034767905104127f,0.7800722750443114f,-0.5916793400405101f,1.5777585619413474f,0.5073635550252427f,-0.4328400113725687f,-0.7451387438505275f,0.5898126545947336f,0f,0f,0f,1f], start_interpolation: 0, interpolation_duration: 1 }
$data merge entity $(bone_bread) { transformation: [-0.000008902801166027973f,-0.000002853913906595765f,0.000003548986730309127f,0.1131472243494755f,-0.000003922350477923077f,0.000008765004428058685f,-0.0000027910328024672583f,0.6771379810408502f,-0.000002314151707755475f,-0.000003876837988599851f,-0.000008922714221784845f,0.8030350080233554f,0f,0f,0f,1f], start_interpolation: 0, interpolation_duration: 1 }
$data merge entity $(bone_hand_right) { transformation: [-0.8902801166027973f,-0.28539139065957647f,0.35489867303091266f,-0.04928698377384577f,-0.3922350477923076f,0.8765004428058685f,-0.2791032802467258f,0.8792456724484554f,-0.2314151707755475f,-0.38768379885998505f,-0.8922714221784844f,0.8152996566215724f,0f,0f,0f,1f], start_interpolation: 0, interpolation_duration: 1 }
$data merge entity $(bone_lowerarm_right) { transformation: [-0.5222677813452746f,-0.8356854820685541f,0.1699003814843657f,-0.4188166578760345f,-0.8518642125597433f,0.5020086699532119f,-0.1493809179640269f,1.1012276311933913f,0.03954399990710128f,-0.22274889528717212f,-0.9740735094024946f,0.716802879486776f,0f,0f,0f,1f], start_interpolation: 0, interpolation_duration: 1 }
$data merge entity $(bone_arm_right) { transformation: [-0.9845249339311036f,0.16654882570786278f,-0.05451736533700057f,-0.34375000000000006f,0.1746665301714709f,0.9578323858804962f,-0.22814189399655366f,1.5114075875462585f,0.014221733572764128f,-0.23413374215137828f,-0.9721003719165924f,0.585358753730608f,0f,0f,0f,1f], start_interpolation: 0, interpolation_duration: 1 }
$data merge entity $(bone_uppertail) { transformation: [-0.9967619913483259f,-0.054464775619172526f,0.05915336693775666f,0.03675779265759799f,0.06890891285924486f,-0.199483690468123f,0.9774752267785486f,1.7256844745929487f,-0.04143783695943469f,0.9783863477450877f,0.20259086902955903f,-0.30628092795273704f,0f,0f,0f,1f], start_interpolation: 0, interpolation_duration: 1 }
$data merge entity $(bone_middletail) { transformation: [-0.9990902966305265f,-0.03144717036821976f,0.028803726400565752f,0.025838230760087642f,0.021680870996192793f,0.20705945757326905f,0.9780880946327432f,1.3549136288464405f,-0.03672218691163332f,0.9778228144737142f,-0.20618929284308485f,-0.228099487768134f,0f,0f,0f,1f], start_interpolation: 0, interpolation_duration: 1 }
$data merge entity $(bone_tail) { transformation: [-0.99994747280362f,-0.0060582669787970205f,0.008267347510980159f,0.021874999999999988f,0.0012275796285942187f,0.7300158437359185f,0.6834291191797365f,1.1247448101283224f,-0.010175690733761157f,0.6834033693915684f,-0.7299700610452065f,0.06025656652467458f,0f,0f,0f,1f], start_interpolation: 0, interpolation_duration: 1 }
$data merge entity $(bone_hair) { transformation: [-0.6893654271085455f,0.12155372436685116f,8.638936552207139e-17f,0.12499999999999986f,0.08574675679721039f,0.4862940229152006f,0.708786858057139f,1.7920173981591185f,0.0861556823791239f,0.4886131551334837f,-0.7054227029558158f,1.129762192290971f,0f,0f,0f,1f], start_interpolation: 0, interpolation_duration: 1 }
$data merge entity $(bone_ear_left) { transformation: [-0.3826834323650899f,-1.1284176240966002e-16f,-0.9238795325112866f,0.14264437499999988f,-0.6548336710719733f,0.9170495138425605f,0.2712409876565737f,1.9985099761251135f,0.6517255970296673f,0.9214229154742808f,-0.26995358123539087f,1.011782186682084f,0f,0f,0f,1f], start_interpolation: 0, interpolation_duration: 1 }
$data merge entity $(bone_ear_right) { transformation: [-0.3826834323650898f,-1.1284176240966002e-16f,0.9238795325112866f,-0.1426443750000001f,0.6548336710719733f,0.9170495138425605f,0.2712409876565737f,1.9985099761251135f,-0.6517255970296673f,0.9214229154742808f,-0.26995358123539065f,1.011782186682084f,0f,0f,0f,1f], start_interpolation: 0, interpolation_duration: 1 }
$data merge entity $(bone_head) { transformation: [-1f,-8.680135569973847e-17f,8.638936552207139e-17f,-8.267863125352387e-17f,0f,0.7054227029558158f,0.708786858057139f,1.74077374039842f,-1.2246467991473532e-16f,0.708786858057139f,-0.7054227029558158f,0.6751222581979388f,0f,0f,0f,1f], start_interpolation: 0, interpolation_duration: 1 }
$data merge entity $(bone_body) { transformation: [-1f,-8.089110374320338e-17f,9.194687140857423e-17f,-6.403984274441296e-18f,0f,0.7508031823754509f,0.6605259883872061f,1.0435149305555556f,-1.2246467991473532e-16f,0.6605259883872061f,-0.7508031823754509f,0.0522925f,0f,0f,0f,1f], start_interpolation: 0, interpolation_duration: 1 }
$data merge entity $(bone_shoe_right) { transformation: [-0.8304235044268756f,0.5570694681918135f,-0.008391120537617522f,-0.5790710885145447f,0.31442530164590204f,0.45617403113561106f,-0.8324914311885558f,0.7634772835696504f,-0.4599277475650606f,-0.693958832299133f,-0.5539743731381022f,0.6304352723126194f,0f,0f,0f,1f], start_interpolation: 0, interpolation_duration: 1 }
$data merge entity $(bone_lowerleg_right) { transformation: [-0.8294586486933034f,0.5585177371826601f,-0.00750249026923656f,-0.3341878906984863f,0.3154450684593939f,0.45730045758508775f,-0.8314870415569431f,0.9587138732418834f,-0.4609693687139388f,-0.6920507414524097f,-0.5554934854367263f,0.3265201743065278f,0f,0f,0f,1f], start_interpolation: 0, interpolation_duration: 1 }
$data merge entity $(bone_leg_right) { transformation: [-0.8294586486933034f,0.5584173885318011f,-0.012975757904741024f,-0.125f,0.3154450684593939f,0.4491296938169308f,-0.8359287810074242f,1.1265026296018033f,-0.4609693687139388f,-0.6974614959388319f,-0.5486845202757585f,0.06517655897821187f,0f,0f,0f,1f], start_interpolation: 0, interpolation_duration: 1 }
$data merge entity $(bone_shoe_left) { transformation: [-0.8252928608334171f,-0.5642502580405062f,-0.022657011246324906f,0.5531309211905803f,-0.3194996782062681f,0.4996422208158964f,-0.8051568833489844f,0.769420322218977f,0.4656303786089188f,-0.6572513198764846f,-0.5926289336820584f,0.5318128264723443f,0f,0f,0f,1f], start_interpolation: 0, interpolation_duration: 1 }
$data merge entity $(bone_lowerleg_left) { transformation: [-0.8258199916251078f,-0.5620236295964439f,-0.046376515690014344f,0.3137060254654998f,-0.3140612786468632f,0.5266550685109113f,-0.7899366759851478f,0.9890737015048268f,0.4683875048365448f,-0.637780431329628f,-0.6114321440078114f,0.2676362136877477f,0f,0f,0f,1f], start_interpolation: 0, interpolation_duration: 1 }
$data merge entity $(bone_leg_left) { transformation: [-0.8258199916251078f,-0.5601542981377325f,-0.06518054702233744f,0.12499999999999999f,-0.3140612786468632f,0.5528254728505668f,-0.7718481131817608f,1.1400462962962963f,0.4683875048365448f,-0.6169369164228797f,-0.6324571024722738f,0.0601851851851852f,0f,0f,0f,1f], start_interpolation: 0, interpolation_duration: 1 }