# This file was generated by Animated Java via MC-Build. It is not recommended to edit this file directly.
$data merge entity $(bone_hammer) { transformation: [-2.176207072678428f,0.16571370985323797f,0.06005154149153018f,-0.009712401881050159f,0.042676906318393285f,-0.22633704485087172f,2.1711505402066686f,0.9017365375591029f,0.17101433546905717f,2.165237851354741f,0.22235914321031472f,0.5728298963998801f,0f,0f,0f,1f], start_interpolation: 0, interpolation_duration: 1 }
$data merge entity $(bone_hand_left) { transformation: [-0.837027747858564f,0.4580784536058541f,0.2992468540467714f,0.26904273258246103f,0.533334358119138f,0.8052149510977987f,0.25919750187495344f,0.8689577878780254f,-0.122225250110062f,0.37655413006716415f,-0.9182962350815198f,1.0078264222978763f,0f,0f,0f,1f], start_interpolation: 0, interpolation_duration: 1 }
$data merge entity $(bone_lowerarm_left) { transformation: [-0.837027747858564f,0.5210702017015778f,-0.1669442847584107f,0.4994534623973775f,0.533334358119138f,0.7088177722285021f,-0.4616620281360275f,1.182388146535316f,-0.122225250110062f,-0.47546105063580196f,-0.8712047850900683f,0.7975834889698576f,0f,0f,0f,1f], start_interpolation: 0, interpolation_duration: 1 }
$data merge entity $(bone_arm_left) { transformation: [-0.8349363756312225f,-0.4496221322849262f,-0.31736601394502595f,0.27674999999999994f,-0.20994818697202536f,0.7932758994574094f,-0.5715199962618959f,1.5753076154853143f,0.5087268495321999f,-0.41055241504538054f,-0.7567322558642837f,0.5942317458926926f,0f,0f,0f,1f], start_interpolation: 0, interpolation_duration: 1 }
$data merge entity $(bone_bread) { transformation: [-0.000008875755183471869f,-0.000002876550157124709f,0.0000035981146614050643f,0.11471717077989002f,-0.000003888630232445424f,0.00000886605054388501f,-0.0000025043367721989383f,0.6711057524218819f,-0.000002469721611514895f,-0.0000036219617539148797f,-0.000008987873397795175f,0.7825220666489459f,0f,0f,0f,1f], start_interpolation: 0, interpolation_duration: 1 }
$data merge entity $(bone_hand_right) { transformation: [-0.8875755183471868f,-0.2876550157124709f,0.3598114661405064f,-0.04865726707147544f,-0.38886302324454236f,0.8866050543885009f,-0.2504336772198938f,0.8720508787690693f,-0.24697216115148946f,-0.36219617539148796f,-0.8987873397795174f,0.8002043106825294f,0f,0f,0f,1f], start_interpolation: 0, interpolation_duration: 1 }
$data merge entity $(bone_lowerarm_right) { transformation: [-0.5173638636113923f,-0.8380403469929898f,0.17327149056022403f,-0.41922823300743806f,-0.8557086698700753f,0.5042803087831164f,-0.11603466069580774f,1.0950373278091035f,0.00986432654970798f,-0.2083020570841147f,-0.978014799518007f,0.7080957448156474f,0f,0f,0f,1f], start_interpolation: 0, interpolation_duration: 1 }
$data merge entity $(bone_arm_right) { transformation: [-0.984578876911297f,0.16736989563282814f,-0.050909264146571695f,-0.34375000000000006f,0.1742243676960915f,0.9644246734610844f,-0.19882383891369187f,1.508497700481052f,0.015821025282398676f,-0.20462738637664518f,-0.9787120760998493f,0.5891844810468518f,0f,0f,0f,1f], start_interpolation: 0, interpolation_duration: 1 }
$data merge entity $(bone_uppertail) { transformation: [-0.9959168813033475f,-0.06148459884368801f,0.06609999727719212f,0.038427061543138255f,0.0780503287138774f,-0.2185233214749311f,0.972705353207856f,1.7329892270235323f,-0.04536200748059696f,0.9738928083093102f,0.2224299579659529f,-0.29615453478401216f,0f,0f,0f,1f], start_interpolation: 0, interpolation_duration: 1 }
$data merge entity $(bone_middletail) { transformation: [-0.9988495700786658f,-0.03556237037642515f,0.03216914930293269f,0.026231651193019866f,0.024849782807903457f,0.1898802384595255f,0.981492732187536f,1.3609274141695862f,-0.041012493804503544f,0.9811629899541483f,-0.18877807737174318f,-0.22457329520840472f,0f,0f,0f,1f], start_interpolation: 0, interpolation_duration: 1 }
$data merge entity $(bone_tail) { transformation: [-0.9999335205562819f,-0.006851426485166906f,0.009274288276635314f,0.021874999999999988f,0.001476914443147028f,0.7215917866279798f,0.6923172048958249f,1.127244685249193f,-0.011435610681000182f,0.6922848773634727f,-0.7215336966366812f,0.06093678893954472f,0f,0f,0f,1f], start_interpolation: 0, interpolation_duration: 1 }
$data merge entity $(bone_hair) { transformation: [-0.6893654271085455f,0.12155372436685116f,8.571458427114788e-17f,0.12499999999999986f,0.08507699491778702f,0.4824956145449538f,0.7142284075306496f,1.785822355068516f,0.08681712298395558f,0.4923643712104226f,-0.6999126958958756f,1.1359648085754994f,0f,0f,0f,1f], start_interpolation: 0, interpolation_duration: 1 }
$data merge entity $(bone_ear_left) { transformation: [-0.3826834323650899f,-1.137080793085278e-16f,-0.9238795325112866f,0.14264437499999988f,-0.6598610072556973f,0.9098865046646383f,0.2733233784864812f,1.9932223800011248f,0.6466350142829959f,0.9284969297898445f,-0.2678449928213371f,1.0195874218697103f,0f,0f,0f,1f], start_interpolation: 0, interpolation_duration: 1 }
$data merge entity $(bone_ear_right) { transformation: [-0.3826834323650898f,-1.137080793085278e-16f,0.9238795325112866f,-0.1426443750000001f,0.6598610072556973f,0.9098865046646383f,0.2733233784864812f,1.9932223800011248f,-0.6466350142829959f,0.9284969297898445f,-0.2678449928213369f,1.0195874218697103f,0f,0f,0f,1f], start_interpolation: 0, interpolation_duration: 1 }
$data merge entity $(bone_head) { transformation: [-1f,-8.746775331425215e-17f,8.571458427114788e-17f,-8.339130432428323e-17f,0f,0.6999126958958756f,0.7142284075306496f,1.7381009714841835f,-1.2246467991473532e-16f,0.7142284075306496f,-0.6999126958958756f,0.6809416754475127f,0f,0f,0f,1f], start_interpolation: 0, interpolation_duration: 1 }
$data merge entity $(bone_body) { transformation: [-1f,-8.165854843343593e-17f,9.126598103544812e-17f,-6.403984274441296e-18f,0f,0.7452432905470463f,0.6667926498504695f,1.046084375f,-1.2246467991473532e-16f,0.6667926498504695f,-0.7452432905470463f,0.0522925f,0f,0f,0f,1f], start_interpolation: 0, interpolation_duration: 1 }
$data merge entity $(bone_shoe_right) { transformation: [-0.8317279046973329f,0.5551829278627863f,-0.0007804854185207645f,-0.5795799607669945f,0.31347549628943866f,0.46846115595387017f,-0.8260007618570662f,0.7632005452553783f,-0.45821589428333276f,-0.6872525459916956f,-0.5636684595168135f,0.6279664234788285f,0f,0f,0f,1f], start_interpolation: 0, interpolation_duration: 1 }
$data merge entity $(bone_lowerleg_right) { transformation: [-0.8280309401553269f,0.5606762888684088f,0.0026193980671366905f,-0.33429264403245834f,0.3174945605602142f,0.47273004565327353f,-0.8220240312492879f,0.9648081334052974f,-0.4621276513693613f,-0.6798296867873618f,-0.5694467760927578f,0.3307685213945094f,0f,0f,0f,1f], start_interpolation: 0, interpolation_duration: 1 }
$data merge entity $(bone_leg_right) { transformation: [-0.8280309401553269f,0.5603803634918031f,-0.01840136838064484f,-0.125f,0.3174945605602142f,0.4415812783484032f,-0.8391681468137756f,1.1279817806160781f,-0.4621276513693613f,-0.7006995239223335f,-0.5435606783192225f,0.06880400075131479f,0f,0f,0f,1f], start_interpolation: 0, interpolation_duration: 1 }
$data merge entity $(bone_shoe_left) { transformation: [-0.823343293647824f,-0.5671231572936624f,-0.021843655060931395f,0.5527575450927733f,-0.3220270955149024f,0.4985154907019285f,-0.8048483430339229f,0.7719418818065105f,0.467337533865395f,-0.6556322368458426f,-0.5930784091915063f,0.5225205172546771f,0f,0f,0f,1f], start_interpolation: 0, interpolation_duration: 1 }
$data merge entity $(bone_lowerleg_left) { transformation: [-0.8239274758819303f,-0.5646056763436028f,-0.04862041471865568f,0.3142884970618457f,-0.3159211560857242f,0.5288566143758108f,-0.7877210829782421f,0.9908263787462521f,0.47046502274270174f,-0.6336648259699584f,-0.6141103733891583f,0.2646396970656363f,0f,0f,0f,1f], start_interpolation: 0, interpolation_duration: 1 }
$data merge entity $(bone_leg_left) { transformation: [-0.8239274758819303f,-0.5623719962510481f,-0.0698659596616445f,0.12499999999999999f,-0.3159211560857242f,0.5581701987925001f,-0.7672286831951739f,1.143f,0.47046502274270174f,-0.6100686576218715f,-0.6375569742094874f,0.05950000000000001f,0f,0f,0f,1f], start_interpolation: 0, interpolation_duration: 1 }