# This file was generated by Animated Java via MC-Build. It is not recommended to edit this file directly.
$data merge entity $(bone_hammer) { transformation: [-2.197883452238231f,0.1682488575779524f,0.0056275140506168355f,0.007812099073030154f,0.00803027427660538f,0.0311804971311788f,2.2040858213570127f,0.9075230498540336f,0.16815130592926833f,2.1976694735868927f,-0.03170236256046337f,0.6178904267054838f,0f,0f,0f,1f], start_interpolation: 0, interpolation_duration: 1 }
$data merge entity $(bone_hand_left) { transformation: [-0.8512048914054492f,0.4358292027188658f,0.2924091977090922f,0.2807261768772549f,0.49626583827486165f,0.8496863112317858f,0.17819480987579178f,0.9173773334181765f,-0.17079359065487842f,0.2967929894097205f,-0.9395442889126917f,1.0493054525894747f,0f,0f,0f,1f], start_interpolation: 0, interpolation_duration: 1 }
$data merge entity $(bone_lowerarm_left) { transformation: [-0.8512048914054492f,0.504700579372493f,-0.14397068461498372f,0.5038984643185291f,0.49626583827486165f,0.6847273987657465f,-0.533730837727073f,1.220155230059905f,-0.17079359065487842f,-0.5257620322546733f,-0.8333089672088317f,0.8168200539518613f,0f,0f,0f,1f], start_interpolation: 0, interpolation_duration: 1 }
$data merge entity $(bone_arm_left) { transformation: [-0.8421720135444271f,-0.4555678774885132f,-0.28845139729794383f,0.27824999999999994f,-0.19064776668190173f,0.7519766760759612f,-0.6310186270602097f,1.5926186774287796f,0.5043805395351098f,-0.47643361304420984f,-0.720146709844537f,0.5808365299909011f,0f,0f,0f,1f], start_interpolation: 0, interpolation_duration: 1 }
$data merge entity $(bone_bread) { transformation: [-0.000008955128380308635f,-0.000002810486470545733f,0.0000034506291442388094f,0.11016538473096527f,-0.0000039740662746514954f,0.000008539999450396106f,-0.000003357857446633471f,0.701455661748065f,-0.00000200311580715356f,-0.000004378307342582707f,-0.00000876458509440224f,0.8438511270195377f,0f,0f,0f,1f], start_interpolation: 0, interpolation_duration: 1 }
$data merge entity $(bone_hand_right) { transformation: [-0.8955128380308635f,-0.2810486470545733f,0.34506291442388093f,-0.05041642349213671f,-0.39740662746514954f,0.8539999450396104f,-0.3357857446633471f,0.9054034535918263f,-0.20031158071535599f,-0.4378307342582707f,-0.876458509440224f,0.8451134937858592f,0f,0f,0f,1f], start_interpolation: 0, interpolation_duration: 1 }
$data merge entity $(bone_lowerarm_right) { transformation: [-0.5317618838488409f,-0.8310473260380823f,0.1630633029546662f,-0.41789516297460116f,-0.8411713866681915f,0.49594061592779276f,-0.2155773729403755f,1.1247021946973972f,0.09828528443385603f,-0.2518000146110301f,-0.9627755478332639f,0.7337706748250443f,0f,0f,0f,1f], start_interpolation: 0, interpolation_duration: 1 }
$data merge entity $(bone_arm_right) { transformation: [-0.984416691242945f,0.16467300098076634f,-0.061697493873584204f,-0.34375000000000006f,0.17550692701525528f,0.9419876973415193f,-0.2861057437852031f,1.527201135120274f,0.01100438875877649f,-0.2924756071969266f,-0.9562096645730135f,0.5775451732479077f,0f,0f,0f,1f], start_interpolation: 0, interpolation_duration: 1 }
$data merge entity $(bone_uppertail) { transformation: [-0.998165484968095f,-0.04055623165039362f,0.04495393967971785f,0.033352804975733195f,0.05093308872996846f,-0.1610520441675613f,0.9856307927118932f,1.7206676978724187f,-0.03273354687218083f,0.9861122812052233f,0.16282224591681965f,-0.32630730835054444f,0f,0f,0f,1f], start_interpolation: 0, interpolation_duration: 1 }
$data merge entity $(bone_middletail) { transformation: [-0.9994874954962658f,-0.02333577768441972f,0.021913188413955856f,0.02504547398959266f,0.015641507728100756f,0.24124751530188965f,0.9703375596134864f,1.3528355970227977f,-0.02793008382719169f,0.9701830125499662f,-0.24075886811679054f,-0.23502133838037825f,0f,0f,0f,1f], start_interpolation: 0, interpolation_duration: 1 }
$data merge entity $(bone_tail) { transformation: [-0.999970453240333f,-0.004495658417201776f,0.006235519362396985f,0.021874999999999988f,0.0007926514612640176f,0.7465333843988397f,0.6653474864171919f,1.1297973968706474f,-0.007646198400770209f,0.66533277014845f,-0.7465077632661336f,0.058894492637686244f,0f,0f,0f,1f], start_interpolation: 0, interpolation_duration: 1 }
$data merge entity $(bone_hair) { transformation: [-0.6893654271085455f,0.12155372436685116f,8.803210481319786e-17f,0.12499999999999986f,0.08737727654493854f,0.4955411599170189f,0.6951789820507168f,1.815962640348499f,0.08450159436982096f,0.47923235587827634f,-0.7188366872349582f,1.1169305251081925f,0f,0f,0f,1f], start_interpolation: 0, interpolation_duration: 1 }
$data merge entity $(bone_ear_left) { transformation: [-0.3826834323650899f,-1.1067533297638034e-16f,-0.9238795325112866f,0.14264437499999988f,-0.6422616329486883f,0.9344876934054457f,0.2660334789592375f,2.020163282837458f,0.6641185025545951f,0.9037326766659319f,-0.2750868907810245f,0.9950266117763722f,0f,0f,0f,1f], start_interpolation: 0, interpolation_duration: 1 }
$data merge entity $(bone_ear_right) { transformation: [-0.3826834323650898f,-1.1067533297638034e-16f,0.9238795325112866f,-0.1426443750000001f,0.6422616329486883f,0.9344876934054457f,0.2660334789592375f,2.020163282837458f,-0.6641185025545951f,0.9037326766659319f,-0.2750868907810243f,0.9950266117763722f,0f,0f,0f,1f], start_interpolation: 0, interpolation_duration: 1 }
$data merge entity $(bone_head) { transformation: [-1f,-8.513487152029256e-17f,8.803210481319786e-17f,-8.12372758535376e-17f,0f,0.7188366872349582f,0.6951789820507168f,1.7560415501173618f,-1.2246467991473532e-16f,0.6951789820507168f,-0.7188366872349582f,0.6633526981828406f,0f,0f,0f,1f], start_interpolation: 0, interpolation_duration: 1 }
$data merge entity $(bone_body) { transformation: [-1f,-7.933923697457984e-17f,9.328924537646362e-17f,-6.403984274441296e-18f,0f,0.761764497661001f,0.6478540345658756f,1.048445486111111f,-1.2246467991473532e-16f,0.6478540345658756f,-0.761764497661001f,0.0522925f,0f,0f,0f,1f], start_interpolation: 0, interpolation_duration: 1 }
$data merge entity $(bone_shoe_right) { transformation: [-0.8400182129511962f,0.5414084438443596f,0.035302958010733076f,-0.5722058140599064f,0.30189756297831116f,0.520487918013641f,-0.7987178404603105f,0.7347811339248101f,-0.4508073461890736f,-0.6602796560063429f,-0.6006692205249994f,0.6100755298283878f,0f,0f,0f,1f], start_interpolation: 0, interpolation_duration: 1 }
$data merge entity $(bone_lowerleg_right) { transformation: [-0.8322947283768559f,0.5527103637058873f,0.04238795782060283f,-0.33113516398967213f,0.3113282059676107f,0.5293377594915974f,-0.789225116519618f,0.960364328216014f,-0.45865044781956166f,-0.6436713371189691f,-0.6126393527079321f,0.33063451082423867f,0f,0f,0f,1f], start_interpolation: 0, interpolation_duration: 1 }
$data merge entity $(bone_leg_right) { transformation: [-0.8322947283768559f,0.5543289514609421f,-0.0022132980612688683f,-0.125f,0.3113282059676107f,0.46413135165719055f,-0.8292507682105927f,1.129155709992487f,-0.45865044781956166f,-0.690870104998821f,-0.5588723152329462f,0.07317101803155522f,0f,0f,0f,1f], start_interpolation: 0, interpolation_duration: 1 }
$data merge entity $(bone_shoe_left) { transformation: [-0.8291724532439206f,-0.5584645763031043f,-0.024297320758721534f,0.5448305243476206f,-0.31440749183200495f,0.5018693102351545f,-0.8057761007401485f,0.784828159736936f,0.4621914883047564f,-0.6604880865380423f,-0.5917216538879997f,0.5280757990942102f,0f,0f,0f,1f], start_interpolation: 0, interpolation_duration: 1 }
$data merge entity $(bone_lowerleg_left) { transformation: [-0.8295791840814011f,-0.5568101163192041f,-0.04196274184835047f,0.31161633464222693f,-0.310312429338365f,0.5221934279345734f,-0.7943678115457988f,0.9992838248135125f,0.4642247015583716f,-0.6459694405980316f,-0.605985897753823f,0.2698946138251183f,0f,0f,0f,1f], start_interpolation: 0, interpolation_duration: 1 }
$data merge entity $(bone_leg_left) { transformation: [-0.8295791840814011f,-0.5555797420095904f,-0.055942180931690046f,0.12499999999999999f,-0.310312429338365f,0.5419910525751023f,-0.7809941709940318f,1.1454814814814815f,0.4642247015583716f,-0.63053695307816f,-0.6220277946088512f,0.058870370370370385f,0f,0f,0f,1f], start_interpolation: 0, interpolation_duration: 1 }