# This file was generated by Animated Java via MC-Build. It is not recommended to edit this file directly.
$data merge entity $(bone_hammer) { transformation: [-2.2151820494674155f,0.16724612123333293f,-0.022928680784784924f,0.029974735535280295f,-0.01377683498208021f,0.1216344327934301f,2.2182298720668427f,0.9230200755264719f,0.16824740202452418f,2.211958928516579f,-0.12024563202284078f,0.6797249622083984f,0f,0f,0f,1f], start_interpolation: 0, interpolation_duration: 1 }
$data merge entity $(bone_hand_left) { transformation: [-0.8672703223550792f,0.4071529515350387f,0.28647628526358637f,0.2940005295060689f,0.44157025000939115f,0.8948715870293573f,0.06496581435034515f,0.9876810540727162f,-0.22990846497848016f,0.18284232765928748f,-0.9558822003507406f,1.1009056439396228f,0f,0f,0f,1f], start_interpolation: 0, interpolation_duration: 1 }
$data merge entity $(bone_lowerarm_left) { transformation: [-0.8672703223550792f,0.48482370145419446f,-0.11308477559057803f,0.5083835099928455f,0.44157025000939115f,0.6442378259126542f,-0.6244784527667713f,1.272554967718468f,-0.22990846497848016f,-0.5915265016646263f,-0.77281207001421f,0.8393400189847958f,0f,0f,0f,1f], start_interpolation: 0, interpolation_duration: 1 }
$data merge entity $(bone_arm_left) { transformation: [-0.8515894226850125f,-0.4605850044019596f,-0.25031362106576227f,0.28024999999999994f,-0.1654754375456578f,0.6892834794246923f,-0.7053411689113738f,1.613965691121011f,0.4974066090635308f,-0.5592403228597137f,-0.6632020254399734f,0.5623412965683439f,0f,0f,0f,1f], start_interpolation: 0, interpolation_duration: 1 }
$data merge entity $(bone_bread) { transformation: [-0.000009052772656714772f,-0.0000027309813636115294f,0.000003254081747197493f,0.10485270659435461f,-0.000004015663891400486f,0.000008000612035810992f,-0.00000445697773875286f,0.7509298559632229f,-0.0000013862722449575604f,-0.0000053415304776854715f,-0.000008339442512471533f,0.9239587516377248f,0f,0f,0f,1f], start_interpolation: 0, interpolation_duration: 1 }
$data merge entity $(bone_hand_right) { transformation: [-0.9052772656714771f,-0.27309813636115293f,0.32540817471974925f,-0.052143361679083566f,-0.4015663891400486f,0.8000612035810991f,-0.445697773875286f,0.9565575666597461f,-0.13862722449575604f,-0.5341530477685471f,-0.8339442512471532f,0.9026916023132645f,0f,0f,0f,1f], start_interpolation: 0, interpolation_duration: 1 }
$data merge entity $(bone_lowerarm_right) { transformation: [-0.5495001208778159f,-0.8220845748868272f,0.1490857769487427f,-0.4156588846368524f,-0.8080598971071988f,0.47757684801991995f,-0.34490514191942817f,1.1677360791435545f,0.21234128153133264f,-0.30999565475745394f,-0.9267221127118572f,0.7656153987252029f,0f,0f,0f,1f], start_interpolation: 0, interpolation_duration: 1 }
$data merge entity $(bone_arm_right) { transformation: [-0.9841987793023899f,0.15999087432798026f,-0.07586621745845851f,-0.34375000000000006f,0.17700996340644676f,0.8998813258223255f,-0.39859888646495445f,1.5504743295585008f,0.004498407999955073f,-0.4057296138662075f,-0.91398208120151f,0.5612770595572373f,0f,0f,0f,1f], start_interpolation: 0, interpolation_duration: 1 }
$data merge entity $(bone_uppertail) { transformation: [-0.9997933309805256f,-0.013310545621754318f,0.015366349667898644f,0.026282823394220025f,0.016419943098588893f,-0.08304358394237221f,0.9964106325379336f,1.7008456550653903f,-0.011986692433863261f,0.9964570199166933f,0.08324497980802542f,-0.3653788460967946f,0f,0f,0f,1f], start_interpolation: 0, interpolation_duration: 1 }
$data merge entity $(bone_middletail) { transformation: [-0.9999428850348816f,-0.007607124040330199f,0.007507218656232054f,0.023436830173963977f,0.0047916726405044805f,0.30877499486551047f,0.9511230427337517f,1.3402987256376018f,-0.009553352365724247f,0.951104691508584f,-0.30872090834431254f,-0.24833011060709925f,0f,0f,0f,1f], start_interpolation: 0, interpolation_duration: 1 }
$data merge entity $(bone_tail) { transformation: [-0.9999967169998205f,-0.0014662529321648144f,0.002101449956514546f,0.02187499999999999f,0.00017866031171206867f,0.7782116689434695f,0.6280020433093452f,1.1319173623580046f,-0.002556182715268188f,0.6280003570242285f,-0.7782088521132149f,0.05616516764810288f,0f,0f,0f,1f], start_interpolation: 0, interpolation_duration: 1 }
$data merge entity $(bone_hair) { transformation: [-0.6893654271085455f,0.12155372436685116f,9.104288661289455e-17f,0.12499999999999986f,0.09036566259440088f,0.5124891393893338f,0.6688231043878261f,1.8542892456984192f,0.0812979392809395f,0.4610635250163771f,-0.7434215863405037f,1.0904261755946538f,0f,0f,0f,1f], start_interpolation: 0, interpolation_duration: 1 }
$data merge entity $(bone_ear_left) { transformation: [-0.38268343236508995f,-1.0647936961796514e-16f,-0.9238795325112866f,0.14264437499999988f,-0.6179119770145722f,0.9664480622426549f,0.2559475212322081f,2.053964267251337f,0.6868319876470637f,0.8694700357041739f,-0.28449512435508406f,0.9612427701342107f,0f,0f,0f,1f], start_interpolation: 0, interpolation_duration: 1 }
$data merge entity $(bone_ear_right) { transformation: [-0.3826834323650897f,-1.0647936961796514e-16f,0.9238795325112866f,-0.1426443750000001f,0.6179119770145722f,0.9664480622426549f,0.2559475212322081f,2.053964267251337f,-0.6868319876470637f,0.8694700357041739f,-0.28449512435508384f,0.9612427701342107f,0f,0f,0f,1f], start_interpolation: 0, interpolation_duration: 1 }
$data merge entity $(bone_head) { transformation: [-1f,-8.190720739843472e-17f,9.104288661289455e-17f,-7.829195199025638e-17f,0f,0.7434215863405037f,0.6688231043878261f,1.778061728807478f,-1.2246467991473532e-16f,0.6688231043878261f,-0.7434215863405037f,0.6393023036908787f,0f,0f,0f,1f], start_interpolation: 0, interpolation_duration: 1 }
$data merge entity $(bone_body) { transformation: [-1f,-7.616912690630179e-17f,9.589505687443053e-17f,-6.403984274441296e-18f,0f,0.783042563302304f,0.6219681214153641f,1.0503899305555555f,-1.2246467991473532e-16f,0.6219681214153641f,-0.783042563302304f,0.0522925f,0f,0f,0f,1f], start_interpolation: 0, interpolation_duration: 1 }
$data merge entity $(bone_shoe_right) { transformation: [-0.8503631807047047f,0.5198406468581113f,0.08153626662975223f,-0.5604447196590647f,0.28539976530645705f,0.5858333728309767f,-0.7585158094861975f,0.6986125345786002f,-0.44207401514316225f,-0.6217434850093908f,-0.6465335288935762f,0.5841097461095646f,0f,0f,0f,1f], start_interpolation: 0, interpolation_duration: 1 }
$data merge entity $(bone_lowerleg_right) { transformation: [-0.837888859352116f,0.5378739934570091f,0.09291838642711804f,-0.3268243492216478f,0.30302362661562837f,0.5999535639221089f,-0.7404271759260815f,0.9536238634932022f,-0.45400323907029805f,-0.5922392154355953f,-0.6656829354985061f,0.3295264063105707f,0f,0f,0f,1f], start_interpolation: 0, interpolation_duration: 1 }
$data merge entity $(bone_leg_right) { transformation: [-0.837888859352116f,0.5455121149092318f,0.018941801943507017f,-0.125f,0.30302362661562837f,0.4937373827144682f,-0.8151074031211955f,1.1297426746806911f,-0.45400323907029805f,-0.6772295987311274f,-0.5790001118446817f,0.07806630353117955f,0f,0f,0f,1f], start_interpolation: 0, interpolation_duration: 1 }
$data merge entity $(bone_shoe_left) { transformation: [-0.8368502173649459f,-0.5467341096893096f,-0.02763199230025254f,0.5348590904546342f,-0.30407532163539686f,0.5062152100042739f,-0.8070219079632591f,0.7998910011266266f,0.4552141391351691f,-0.6669542521512004f,-0.5898746587783373f,0.536892009472083f,0f,0f,0f,1f], start_interpolation: 0, interpolation_duration: 1 }
$data merge entity $(bone_lowerleg_left) { transformation: [-0.8369928396154299f,-0.5461913654634606f,-0.03343618886266671f,0.30797779418952914f,-0.302699579879478f,0.5130329343972359f,-0.803224858034504f,1.0089737792543245f,0.45586834807133403f,-0.6621723344545f,-0.5947367894369667f,0.27707176352086044f,0f,0f,0f,1f], start_interpolation: 0, interpolation_duration: 1 }
$data merge entity $(bone_leg_left) { transformation: [-0.8369928396154299f,-0.5458920875839535f,-0.0380107240885082f,0.12499999999999999f,-0.302699579879478f,0.5197439333116625f,-0.7988987471053575f,1.1472962962962963f,0.45586834807133403f,-0.6571667006924161f,-0.6002632561866148f,0.05835185185185186f,0f,0f,0f,1f], start_interpolation: 0, interpolation_duration: 1 }