# This file was generated by Animated Java via MC-Build. It is not recommended to edit this file directly.
$data merge entity $(bone_hammer) { transformation: [-0.2934224027716249f,-0.06793501005827739f,0.0978054484059337f,-0.13265360637392923f,0.01835513844179009f,0.23117334436661569f,0.2156380103898996f,0.5633110005771893f,-0.11766120950545572f,0.20547870215794503f,-0.21026678414570713f,0.7425978098453989f,0f,0f,0f,1f], start_interpolation: 0, interpolation_duration: 1 }
$data merge entity $(bone_hand_left) { transformation: [-0.9149730609049218f,0.34270808266950414f,0.21301518230227304f,0.11115143235707414f,0.041861854639456395f,0.6056686428945167f,-0.7946150515441169f,1.1349420192856865f,-0.40133761715595934f,-0.7181341553549077f,-0.5685168880238035f,0.5332437845987907f,0f,0f,0f,1f], start_interpolation: 0, interpolation_duration: 1 }
$data merge entity $(bone_lowerarm_left) { transformation: [-0.9149730609049218f,0.2976754584096054f,0.27242176726339173f,0.24277979912257153f,0.041861854639456395f,0.741503630921195f,-0.6696416582447879f,1.4628256560836523f,-0.40133761715595934f,-0.6012999973318771f,-0.6909170936257556f,0.26735644202860137f,0f,0f,0f,1f], start_interpolation: 0, interpolation_duration: 1 }
$data merge entity $(bone_arm_left) { transformation: [-0.936145047926279f,0.20385150965789978f,0.28649085718971923f,0.34375f,0.003101678226051851f,0.8195437605573902f,-0.5730082059828054f,1.8687559249847348f,-0.35160038230253243f,-0.5355301919982162f,-0.7678441147935345f,0.0021016438044849026f,0f,0f,0f,1f], start_interpolation: 0, interpolation_duration: 1 }
$data merge entity $(bone_bread) { transformation: [-0.000009736208432262614f,-0.0000022427726796365377f,4.1978097981486943e-7f,-0.31358402336808f,-0.0000014239829966123262f,0.000004534979487051706f,-0.000008798081238393933f,1.050031135993255f,0.0000017828398102177805f,-0.00000862577137185401f,-0.000004734717568303989f,0.7980666900828721f,0f,0f,0f,1f], start_interpolation: 0, interpolation_duration: 1 }
$data merge entity $(bone_hand_right) { transformation: [-0.9736208432262614f,-0.22427726796365377f,0.04197809798148694f,-0.42874324068445646f,-0.1423982996612326f,0.4534979487051706f,-0.8798081238393931f,1.2503099340236081f,0.17828398102177803f,-0.862577137185401f,-0.4734717568303989f,0.6797046597412266f,0f,0f,0f,1f], start_interpolation: 0, interpolation_duration: 1 }
$data merge entity $(bone_lowerarm_right) { transformation: [-0.9972336744186104f,-0.06905978048867703f,0.027490822548859567f,-0.45928061236929335f,-0.06564076855498573f,0.6446781059493023f,-0.7616307696076435f,1.5353785339980652f,0.03487532235073891f,-0.7613283696464201f,-0.6474278534805682f,0.3430547712882003f,0f,0f,0f,1f], start_interpolation: 0, interpolation_duration: 1 }
$data merge entity $(bone_arm_right) { transformation: [-0.9678014478462853f,0.23525810454450807f,-0.08952084557665432f,-0.34375f,0.23014569648565067f,0.6829799987191274f,-0.6932324860670884f,1.8687559249847348f,-0.10194761368354167f,-0.6915142410650313f,-0.7151326719347154f,0.0021016438044848193f,0f,0f,0f,1f], start_interpolation: 0, interpolation_duration: 1 }
$data merge entity $(bone_uppertail) { transformation: [-0.9935666640551991f,-0.02353040056210582f,0.1107772735158706f,0.03231570283016051f,-0.10697995092653231f,0.5159445689861641f,-0.8499155792391608f,0.45398968040149285f,-0.03715607861413664f,-0.8562987340776982f,-0.5151426053423964f,-0.3319113763270512f,0f,0f,0f,1f], start_interpolation: 0, interpolation_duration: 1 }
$data merge entity $(bone_middletail) { transformation: [-0.9985705147094742f,-0.019644418025534762f,0.04970939542273359f,0.013471422465967137f,-0.05328278677202469f,0.43940907909174587f,-0.8967054175399806f,0.793922404515228f,-0.004227503596993747f,-0.8980722454525484f,-0.43982765961357584f,-0.1651983574859179f,0f,0f,0f,1f], start_interpolation: 0, interpolation_duration: 1 }
$data merge entity $(bone_tail) { transformation: [-0.9995100543656951f,-0.01708631569828068f,-0.026224207094665778f,0.021875f,0.013629210151977366f,0.5166517290274601f,-0.8560871658444421f,1.1238397345152977f,0.028176157518697766f,-0.8560251449045144f,-0.5161657247809921f,-0.00019368601955197656f,0f,0f,0f,1f], start_interpolation: 0, interpolation_duration: 1 }
$data merge entity $(bone_hair) { transformation: [-0.6893654271085455f,0.12155372436685123f,1.2204936840507508e-16f,0.12499999999999996f,0.12114150215872746f,0.6870275987939706f,-0.08228639570796556f,2.374731290630672f,-0.01000221786302778f,-0.05672539632244445f,-0.9966087241648008f,0.24350298207273627f,0f,0f,0f,1f], start_interpolation: 0, interpolation_duration: 1 }
$data merge entity $(bone_ear_left) { transformation: [-0.38268343236508995f,1.3100330245227227e-17f,-0.9238795325112866f,0.142644375f,0.07602271679871396f,1.295591341414241f,-0.03148964034647626f,2.4176710423606007f,0.920746402178046f,-0.10697231442035524f,-0.38138564728837915f,0.009591365858646325f,0f,0f,0f,1f], start_interpolation: 0, interpolation_duration: 1 }
$data merge entity $(bone_ear_right) { transformation: [-0.3826834323650897f,1.3100330245227227e-17f,0.9238795325112866f,-0.142644375f,-0.07602271679871396f,1.295591341414241f,-0.03148964034647626f,2.4176710423606007f,-0.920746402178046f,-0.10697231442035524f,-0.3813856472883789f,0.009591365858646284f,0f,0f,0f,1f], start_interpolation: 0, interpolation_duration: 1 }
$data merge entity $(bone_head) { transformation: [-1f,1.0077177111713252e-17f,1.2204936840507508e-16f,1.2778381447808408e-18f,0f,0.9966087241648008f,-0.08228639570796556f,1.9941538104249665f,-1.2246467991473532e-16f,-0.08228639570796556f,-0.9966087241648008f,-0.0104343402985295f,0f,0f,0f,1f], start_interpolation: 0, interpolation_duration: 1 }
$data merge entity $(bone_body) { transformation: [-1f,9.139617315594609e-18f,1.2212315596127977e-16f,-6.403984274441296e-18f,0f,0.9972112452856339f,-0.07463063898879224f,1.061334375f,-1.2246467991473532e-16f,-0.07463063898879224f,-0.9972112452856339f,0.0522925f,0f,0f,0f,1f], start_interpolation: 0, interpolation_duration: 1 }
$data merge entity $(bone_shoe_right) { transformation: [-0.9066435760821859f,-0.03924998298777905f,0.4200676907170611f,-0.11490518831743658f,0.01703708685546585f,0.9914448613738104f,0.12940952255126037f,0.27560021668735696f,-0.4215532749491869f,0.12448504203688453f,-0.8982184092350203f,0.014707503734152687f,0f,0f,0f,1f], start_interpolation: 0, interpolation_duration: 1 }
$data merge entity $(bone_lowerleg_right) { transformation: [-0.9537169507482269f,-0.03924998298777905f,0.29813321970381496f,-0.1281339734054894f,0f,0.9914448613738104f,0.13052619222005157f,0.7003063652343751f,-0.3007057995042732f,0.12448504203688453f,-0.945557770024429f,0.0670926476264557f,0f,0f,0f,1f], start_interpolation: 0, interpolation_duration: 1 }
$data merge entity $(bone_leg_right) { transformation: [-0.9537169507482269f,0f,0.3007057995042732f,-0.125f,0f,1f,0f,1.067962646484375f,-0.3007057995042732f,0f,-0.9537169507482269f,0.062179565429687486f,0f,0f,0f,1f], start_interpolation: 0, interpolation_duration: 1 }
$data merge entity $(bone_shoe_left) { transformation: [-0.9560974823791664f,-0.012297962287676862f,-0.292790649290223f,0.1653906548315372f,0.03104536657828333f,0.9892460007875628f,-0.14292842663316915f,0.2881755410364633f,0.2913997072789187f,-0.14574330190229695f,-0.9454338160592608f,0.2744183196838462f,0f,0f,0f,1f], start_interpolation: 0, interpolation_duration: 1 }
$data merge entity $(bone_lowerleg_left) { transformation: [-0.984807753012208f,-0.03870788864115604f,-0.1692790269466056f,0.14635468884035358f,0f,0.9748390637953888f,-0.22290984657150031f,0.7130126194688966f,0.1736481776669302f,-0.21952334512637522f,-0.9600290679648614f,0.17410835888711063f,0f,0f,0f,1f], start_interpolation: 0, interpolation_duration: 1 }
$data merge entity $(bone_leg_left) { transformation: [-0.984807753012208f,-0.05204355784421844f,-0.16566580122029184f,0.12499999999999999f,0f,0.954031326133758f,-0.2997069047510637f,1.0615f,0.1736481776669302f,-0.29515368343013887f,-0.9395374465930433f,0.06250000000000001f,0f,0f,0f,1f], start_interpolation: 0, interpolation_duration: 1 }