# This file was generated by Animated Java via MC-Build. It is not recommended to edit this file directly.
$data merge entity $(bone_hammer) { transformation: [-2.232746033473868f,0.1466332422418122f,-0.020992915735637538f,0.052815817696984735f,-0.022822846059401467f,-0.027201505855156512f,2.237372578720783f,0.9344034344407226f,0.1463595843775816f,2.2326790254274322f,0.028637418039265755f,0.714409384172193f,0f,0f,0f,1f], start_interpolation: 0, interpolation_duration: 1 }
$data merge entity $(bone_hand_left) { transformation: [-0.8774616353229335f,0.38169124122076503f,0.29047009297302023f,0.3083967705658045f,0.40305323524719877f,0.9150513536063273f,0.01513637407027052f,1.026327335293598f,-0.2600176303506545f,0.13035649825988965f,-0.95676434677942f,1.1302739531546933f,0f,0f,0f,1f], start_interpolation: 0, interpolation_duration: 1 }
$data merge entity $(bone_lowerarm_left) { transformation: [-0.8774616353229335f,0.4709569038074327f,-0.09088824617363805f,0.5166480264681537f,0.40305323524719877f,0.6212604045661424f,-0.6719997018415111f,1.3010409204376892f,-0.2600176303506545f,-0.6262867589806047f,-0.734952874293584f,0.8533377769179571f,0f,0f,0f,1f], start_interpolation: 0, interpolation_duration: 1 }
$data merge entity $(bone_arm_left) { transformation: [-0.8494610844617079f,-0.476711987074389f,-0.22618918489779025f,0.2805266203703703f,-0.16306896876859867f,0.6448662500657598f,-0.7466967463106232f,1.6204512349233857f,0.5018210611461869f,-0.5974053907571583f,-0.6255257162454654f,0.5574354193085521f,0f,0f,0f,1f], start_interpolation: 0, interpolation_duration: 1 }
$data merge entity $(bone_bread) { transformation: [-0.000009092923125610578f,-0.0000026805078565878744f,0.000003183335775960037f,0.1010730543898164f,-0.000004013626133729524f,0.000007670124993450021f,-0.000005005995190119213f,0.7806176109105465f,-0.0000010997973860579026f,-0.000005829584909375965f,-0.000008050241331413377f,0.9709894100065644f,0f,0f,0f,1f], start_interpolation: 0, interpolation_duration: 1 }
$data merge entity $(bone_hand_right) { transformation: [-0.9092923125610577f,-0.2680507856587874f,0.31833357759600367f,-0.05418552170760993f,-0.40136261337295237f,0.767012499345002f,-0.5005995190119212f,0.9858913716829463f,-0.10997973860579024f,-0.5829584909375964f,-0.8050241331413377f,0.9372215230937704f,0f,0f,0f,1f], start_interpolation: 0, interpolation_duration: 1 }
$data merge entity $(bone_lowerarm_right) { transformation: [-0.5523916961788923f,-0.8211086329875888f,0.14368029379793085f,-0.41726949535680935f,-0.7881242392991672f,0.4583060963548485f,-0.4108718845006182f,1.1885485986648558f,0.2715208968416897f,-0.3402001394432894f,-0.900300098689904f,0.7867892739336908f,0f,0f,0f,1f], start_interpolation: 0, interpolation_duration: 1 }
$data merge entity $(bone_arm_right) { transformation: [-0.9830263372701796f,0.1638327470417981f,-0.08257149162945593f,-0.34375000000000006f,0.18343458119332662f,0.8695669597505007f,-0.45848125036112414f,1.5572296428305532f,-0.003312801775531407f,-0.4658456112351056f,-0.884859814794065f,0.5569242353045747f,0f,0f,0f,1f], start_interpolation: 0, interpolation_duration: 1 }
$data merge entity $(bone_uppertail) { transformation: [-0.9999999392931942f,-0.0003398019455882625f,0.00007712487094855751f,0.02282085263630445f,0.00010233778582469879f,-0.07483528145109136f,0.9971959036102753f,1.7004890394041352f,-0.0003330774467551026f,0.9971958509664858f,0.07483531168265917f,-0.3696809150664697f,0f,0f,0f,1f], start_interpolation: 0, interpolation_duration: 1 }
$data merge entity $(bone_middletail) { transformation: [-0.9999999392931942f,-0.0002837082940067093f,0.0002022948636426609f,0.022744160949678013f,0.00010233778582469879f,0.3158276939199927f,0.9488165561794107f,1.3408165924285185f,-0.0003330774467551026f,0.9488165192821968f,-0.31582764571302363f,-0.2499381930249585f,0f,0f,0f,1f], start_interpolation: 0, interpolation_duration: 1 }
$data merge entity $(bone_tail) { transformation: [-0.9999999392931942f,-0.0001281333003134386f,0.00032403003764340483f,0.02187499999999999f,0.00010233778582469879f,0.7809192212226862f,0.6246320192336691f,1.1337534449916513f,-0.0003330774467551026f,0.624632014474771f,-0.7809191607026964f,0.05545778580948924f,0f,0f,0f,1f], start_interpolation: 0, interpolation_duration: 1 }
$data merge entity $(bone_hair) { transformation: [-0.6893654271085455f,0.12155372436685116f,9.226928588003867e-17f,0.12499999999999986f,0.09158293927030396f,0.5193926584708277f,0.6575213685690637f,1.8679627978611537f,0.07992417120035868f,0.453272499076608f,-0.7534358963276607f,1.0828892148292533f,0f,0f,0f,1f], start_interpolation: 0, interpolation_duration: 1 }
$data merge entity $(bone_ear_left) { transformation: [-0.38268343236508995f,-1.0468008712058182e-16f,-0.9238795325112866f,0.14264437499999988f,-0.607470534609768f,0.9794666652259589f,0.2516225341774006f,2.0656644169645557f,0.6960840036764214f,0.8547777791397829f,-0.2883274348737373f,0.9507054931294578f,0f,0f,0f,1f], start_interpolation: 0, interpolation_duration: 1 }
$data merge entity $(bone_ear_right) { transformation: [-0.3826834323650897f,-1.0468008712058182e-16f,0.9238795325112866f,-0.1426443750000001f,0.607470534609768f,0.9794666652259589f,0.2516225341774006f,2.0656644169645557f,-0.6960840036764214f,0.8547777791397829f,-0.2883274348737371f,0.9507054931294578f,0f,0f,0f,1f], start_interpolation: 0, interpolation_duration: 1 }
$data merge entity $(bone_head) { transformation: [-1f,-8.052314393890909e-17f,9.226928588003867e-17f,-7.75161979823491e-17f,0f,0.7534358963276607f,0.6575213685690637f,1.7849321109921905f,-1.2246467991473532e-16f,0.6575213685690637f,-0.7534358963276607f,0.6329677914997115f,0f,0f,0f,1f], start_interpolation: 0, interpolation_duration: 1 }
$data merge entity $(bone_body) { transformation: [-1f,-7.533438815053261e-17f,9.655220240162036e-17f,-6.403984274441296e-18f,0f,0.7884085637495135f,0.6151519622064365f,1.0521954861111111f,-1.2246467991473532e-16f,0.6151519622064365f,-0.7884085637495135f,0.0522925f,0f,0f,0f,1f], start_interpolation: 0, interpolation_duration: 1 }
$data merge entity $(bone_shoe_right) { transformation: [-0.8625152417473378f,0.4822661963490046f,0.15325395137677492f,-0.544039186471429f,0.2594025265788111f,0.6814150650093465f,-0.6843857380036771f,0.6607881450316428f,-0.434485657942884f,-0.5505386680673499f,-0.7128319493432989f,0.5380686736716631f,0f,0f,0f,1f], start_interpolation: 0, interpolation_duration: 1 }
$data merge entity $(bone_lowerleg_right) { transformation: [-0.8393291535512424f,0.5149935958170188f,0.17409241300646136f,-0.3231925883634924f,0.3002379422060373f,0.7061125691713429f,-0.6412972927731178f,0.9572113566715066f,-0.45319283981417824f,-0.48599036608322055f,-0.7472814824518654f,0.3354550990980438f,0f,0f,0f,1f], start_interpolation: 0, interpolation_duration: 1 }
$data merge entity $(bone_leg_right) { transformation: [-0.8393291535512424f,0.5429476712044071f,0.027099784734683736f,-0.125f,0.3002379422060373f,0.5045346794209631f,-0.8095072175845441f,1.1280287377911344f,-0.45319283981417824f,-0.6713066241258886f,-0.5864841569436156f,0.08859645003756572f,0f,0f,0f,1f], start_interpolation: 0, interpolation_duration: 1 }
$data merge entity $(bone_shoe_left) { transformation: [-0.8382003875954639f,-0.5448908172641167f,-0.02267393869747513f,0.5281562353651619f,-0.30158304139754993f,0.49776081318214127f,-0.8131923769943109f,0.8162001907349842f,0.45438725705747707f,-0.6747800901934617f,-0.5815531364392129f,0.5359275873397946f,0f,0f,0f,1f], start_interpolation: 0, interpolation_duration: 1 }
$data merge entity $(bone_lowerleg_left) { transformation: [-0.8393291535512424f,-0.543193687726879f,-0.021614569452771706f,0.30661545026752074f,-0.3002379422060373f,0.496332829787183f,-0.8145617841117588f,1.0152942812273273f,0.453192839814178f,-0.6771959389195427f,-0.5796739689273961f,0.28049151853905446f,0f,0f,0f,1f], start_interpolation: 0, interpolation_duration: 1 }
$data merge entity $(bone_leg_left) { transformation: [-0.8393291535512424f,-0.5429476712044069f,-0.02709978473468359f,0.12499999999999999f,-0.3002379422060373f,0.5045346794209631f,-0.8095072175845441f,1.1481481481481481f,0.453192839814178f,-0.6713066241258888f,-0.5864841569436156f,0.057870370370370385f,0f,0f,0f,1f], start_interpolation: 0, interpolation_duration: 1 }