# This file was generated by Animated Java via MC-Build. It is not recommended to edit this file directly.
$data merge entity $(bone_hammer) { transformation: [-2.228185169357763f,0.11632597667158574f,-0.08173172809063263f,0.08023157588692265f,-0.08488025302609081f,-0.05880409489769659f,2.2303269666666923f,0.9315556186913354f,0.114048896844758f,2.2289080965230093f,0.06310708006103194f,0.7209032523908406f,0f,0f,0f,1f], start_interpolation: 0, interpolation_duration: 1 }
$data merge entity $(bone_hand_left) { transformation: [-0.8846452290797973f,0.35435515313742527f,0.3030433040199118f,0.32743438820946996f,0.38198699882229786f,0.9234957960945821f,0.03523417838359538f,1.025216573145439f,-0.26737380462021054f,0.14692835002335364f,-0.9523252115545024f,1.1414188429970789f,0f,0f,0f,1f], start_interpolation: 0, interpolation_duration: 1 }
$data merge entity $(bone_lowerarm_left) { transformation: [-0.8846452290797973f,0.46028598925966635f,-0.07442866892268818f,0.5309670990852287f,0.38198699882229786f,0.6239152545828996f,-0.6817739272145046f,1.3011040997813148f,-0.26737380462021054f,-0.6315588358894246f,-0.727766916954122f,0.8621514202522239f,0f,0f,0f,1f], start_interpolation: 0, interpolation_duration: 1 }
$data merge entity $(bone_arm_left) { transformation: [-0.8341432004616908f,-0.5088341479369963f,-0.21282135939975166f,0.2789351851851851f,-0.18540736873469083f,0.6220955411756203f,-0.7606715751678182f,1.6092357975198643f,0.5194508915599296f,-0.5950503739538716f,-0.6132583662005365f,0.5674155319031968f,0f,0f,0f,1f], start_interpolation: 0, interpolation_duration: 1 }
$data merge entity $(bone_bread) { transformation: [-0.000009083811142079061f,-0.000002649229588515404f,0.000003235113247225638f,0.09771848045596537f,-0.000004025700578866818f,0.00000763269988923098f,-0.000005053278861318132f,0.7793437629205446f,-0.0000011305352645325402f,-0.0000058926628096530205f,-0.00000799990093859796f,0.9881514426598164f,0f,0f,0f,1f], start_interpolation: 0, interpolation_duration: 1 }
$data merge entity $(bone_hand_right) { transformation: [-0.9083811142079061f,-0.2649229588515404f,0.3235113247225638f,-0.057446152021123686f,-0.4025700578866818f,0.7632699889230979f,-0.5053278861318131f,0.9843144301460314f,-0.113053526453254f,-0.589266280965302f,-0.7999900938597959f,0.9521823600278027f,0f,0f,0f,1f], start_interpolation: 0, interpolation_duration: 1 }
$data merge entity $(bone_lowerarm_right) { transformation: [-0.5407273344438731f,-0.8283266248730816f,0.14659110584067828f,-0.42372183145718945f,-0.7926740823038615f,0.44340862522739877f,-0.41839764616651304f,1.1803841816137717f,0.28157014939257025f,-0.34243801424537734f,-0.8963562112077589f,0.8007605506036749f,0f,0f,0f,1f], start_interpolation: 0, interpolation_duration: 1 }
$data merge entity $(bone_arm_right) { transformation: [-0.9804469564253213f,0.17854055488777507f,-0.08274681804570821f,-0.34375000000000006f,0.1963576037764485f,0.8599763342621237f,-0.4710460656329178f,1.544442370857354f,-0.012940520681001391f,-0.4780836482974974f,-0.8782189750597851f,0.5657394759600155f,0f,0f,0f,1f], start_interpolation: 0, interpolation_duration: 1 }
$data merge entity $(bone_uppertail) { transformation: [-0.9999993783623924f,-0.0010985377356426676f,0.00019102270079897734f,0.023241524442736004f,0.00034637527284366086f,-0.14320979392755054f,0.9896922930625451f,1.7198350416211912f,-0.0010598580089870222f,0.9896917439981359f,0.14321008540926466f,-0.33659194793792957f,0f,0f,0f,1f], start_interpolation: 0, interpolation_duration: 1 }
$data merge entity $(bone_middletail) { transformation: [-0.9999993783623924f,-0.0009350031591461013f,0.0006074898527862549f,0.023011218314293265f,0.00034637527284366086f,0.2573776975082303f,0.9663108200002379f,1.3535297147798653f,-0.0010598580089870222f,0.966310429724555f,-0.2573772136505999f,-0.23900634980116725f,0f,0f,0f,1f], start_interpolation: 0, interpolation_duration: 1 }
$data merge entity $(bone_tail) { transformation: [-0.9999993783623924f,-0.0004374385190718759f,0.0010256326685922496f,0.02187499999999999f,0.00034637527284366086f,0.7524540706287954f,0.658644632270184f,1.1331287387094233f,-0.0010598580089870222f,0.658644578085706f,-0.7524534513571608f,0.05690702453430862f,0f,0f,0f,1f], start_interpolation: 0, interpolation_duration: 1 }
$data merge entity $(bone_hair) { transformation: [-0.6893654271085455f,0.12155372436685116f,9.109793020065557e-17f,0.12499999999999986f,0.09042029673952358f,0.5127989850232986f,0.6683231695614602f,1.8504697319310406f,0.08123717034085402f,0.4607188872312729f,-0.7438710513437957f,1.0969733779748267f,0f,0f,0f,1f], start_interpolation: 0, interpolation_duration: 1 }
$data merge entity $(bone_ear_left) { transformation: [-0.38268343236508995f,-1.063997779519293e-16f,-0.9238795325112866f,0.14264437499999988f,-0.6174500974609032f,0.9670323667469345f,0.2557562044568955f,2.0500578615983986f,0.6872472391641853f,0.8688201204298983f,-0.2846671271652718f,0.967655765197597f,0f,0f,0f,1f], start_interpolation: 0, interpolation_duration: 1 }
$data merge entity $(bone_ear_right) { transformation: [-0.3826834323650897f,-1.063997779519293e-16f,0.9238795325112866f,-0.1426443750000001f,0.6174500974609032f,0.9670323667469345f,0.2557562044568955f,2.0500578615983986f,-0.6872472391641853f,0.8688201204298983f,-0.2846671271652716f,0.967655765197597f,0f,0f,0f,1f], start_interpolation: 0, interpolation_duration: 1 }
$data merge entity $(bone_head) { transformation: [-1f,-8.18459830399456e-17f,9.109793020065557e-17f,-7.910004132491828e-17f,0f,0.7438710513437957f,0.6683231695614602f,1.773938953000631f,-1.2246467991473532e-16f,0.6683231695614602f,-0.7438710513437957f,0.6459008538624426f,0f,0f,0f,1f], start_interpolation: 0, interpolation_duration: 1 }
$data merge entity $(bone_body) { transformation: [-1f,-7.703875546928813e-17f,9.519783601722155e-17f,-6.403984274441296e-18f,0f,0.7773493229517441f,0.6290691775206166f,1.0516399305555555f,-1.2246467991473532e-16f,0.6290691775206166f,-0.7773493229517441f,0.0522925f,0f,0f,0f,1f], start_interpolation: 0, interpolation_duration: 1 }
$data merge entity $(bone_shoe_right) { transformation: [-0.8650145303234693f,0.46616717579872446f,0.18557485426939885f,-0.538345461261676f,0.24811657895245826f,0.7188925098590777f,-0.6493317507387453f,0.651450993637888f,-0.43610552115078305f,-0.5156372014084676f,-0.7375162716479191f,0.5153688577956661f,0f,0f,0f,1f], start_interpolation: 0, interpolation_duration: 1 }
$data merge entity $(bone_lowerleg_right) { transformation: [-0.836414473548421f,0.5058137412052843f,0.21110018390951532f,-0.32322941872679006f,0.30330425705171815f,0.7479489068669758f,-0.5904057590935246f,0.9626516312096489f,-0.45652749763078104f,-0.42979633772800957f,-0.7790107521610776f,0.3400425053923673f,0f,0f,0f,1f], start_interpolation: 0, interpolation_duration: 1 }
$data merge entity $(bone_leg_right) { transformation: [-0.836414473548421f,0.5476496755505765f,0.022150876011251364f,-0.125f,0.30330425705171815f,0.4961361554893404f,-0.8135449851548235f,1.125164350112697f,-0.45652749763078104f,-0.6737423454745924f,-0.5810799392694365f,0.09380869646882044f,0f,0f,0f,1f], start_interpolation: 0, interpolation_duration: 1 }
$data merge entity $(bone_shoe_left) { transformation: [-0.8327357009867274f,-0.5536142161907713f,-0.007908978039011933f,0.5294314963163348f,-0.30744256303542405f,0.47423473615826767f,-0.8249730210468141f,0.829431418765912f,0.46046750453897706f,-0.6845529304972523f,-0.565116769005549f,0.5374223372365161f,0f,0f,0f,1f], start_interpolation: 0, interpolation_duration: 1 }
$data merge entity $(bone_lowerleg_left) { transformation: [-0.8364144735484212f,-0.548079463573994f,-0.0044418517715509725f,0.3079742626276264f,-0.30330425705171815f,0.46958709775828394f,-0.8291528720768305f,1.0166136591973467f,0.4565274976307808f,-0.6921682304377996f,-0.5590042796612406f,0.2812822644965108f,0f,0f,0f,1f], start_interpolation: 0, interpolation_duration: 1 }
$data merge entity $(bone_leg_left) { transformation: [-0.8364144735484212f,-0.5476496755505763f,-0.02215087601125122f,0.12499999999999999f,-0.30330425705171815f,0.4961361554893404f,-0.8135449851548235f,1.1467962962962963f,0.4565274976307808f,-0.6737423454745927f,-0.5810799392694365f,0.05801851851851853f,0f,0f,0f,1f], start_interpolation: 0, interpolation_duration: 1 }