# This file was generated by Animated Java via MC-Build. It is not recommended to edit this file directly.
$data merge entity $(bone_hammer) { transformation: [-2.2100773049003792f,0.08500238662943033f,-0.1481351131321974f,0.107886335829836f,-0.15124154761901934f,-0.08086388093497793f,2.210022203088704f,0.9278071750305628f,0.07934363080419268f,2.213559743521404f,0.08642315212588217f,0.7260032608484628f,0f,0f,0f,1f], start_interpolation: 0, interpolation_duration: 1 }
$data merge entity $(bone_hand_left) { transformation: [-0.8915366296854661f,0.32486373984352784f,0.3156358478752953f,0.3461100845038646f,0.3597088635803883f,0.9312908098355275f,0.057506182081518864f,1.0227092788796286f,-0.27526709100578195f,0.16480587990349072f,-0.947136236535405f,1.1513948486884882f,0f,0f,0f,1f], start_interpolation: 0, interpolation_duration: 1 }
$data merge entity $(bone_lowerarm_left) { transformation: [-0.8915366296854661f,0.44949934009536796f,-0.05579230397562582f,0.5448730739522851f,0.3597088635803883f,0.6277649563926482f,-0.6903047826772186f,1.3002990955345026f,-0.27526709100578195f,-0.6355009856634097f,-0.7213643502627844f,0.8703842565904492f,0f,0f,0f,1f], start_interpolation: 0, interpolation_duration: 1 }
$data merge entity $(bone_arm_left) { transformation: [-0.8181569660636621f,-0.5401222944147083f,-0.1971980881187608f,0.27734374999999994f,-0.2084147956844836f,0.5982011949568135f,-0.7737690891293315f,1.5965956249115494f,0.5358940677235554f,-0.5919655711512549f,-0.6019919523965996f,0.5771763096295932f,0f,0f,0f,1f], start_interpolation: 0, interpolation_duration: 1 }
$data merge entity $(bone_bread) { transformation: [-0.000009078008889533805f,-0.000002618611678034616f,0.0000032760689066632818f,0.09420034963953106f,-0.0000040323576100480495f,0.000007597355036148575f,-0.000005101008582564383f,0.7765595239696397f,-0.0000011531897962750137f,-0.000005951728264493317f,-0.000007952803528278475f,1.0042910440805815f,0f,0f,0f,1f], start_interpolation: 0, interpolation_duration: 1 }
$data merge entity $(bone_hand_right) { transformation: [-0.9078008889533804f,-0.2618611678034616f,0.32760689066632814f,-0.06077019771035347f,-0.4032357610048049f,0.7597355036148574f,-0.5101008582564382f,0.9813120376046442f,-0.11531897962750136f,-0.5951728264493317f,-0.7952803528278475f,0.9662995961715524f,0f,0f,0f,1f], start_interpolation: 0, interpolation_duration: 1 }
$data merge entity $(bone_lowerarm_right) { transformation: [-0.5292179032615124f,-0.8354107394271593f,0.1483823012264449f,-0.43017838405080044f,-0.796621748762635f,0.42900858068335235f,-0.4258467178438938f,1.171014269375564f,0.29209964098890945f,-0.34357027541657703f,-0.8925453857279907f,0.8143771150107847f,0f,0f,0f,1f], start_interpolation: 0, interpolation_duration: 1 }
$data merge entity $(bone_arm_right) { transformation: [-0.9775367425113755f,0.1933266707934229f,-0.08394471633271712f,-0.34375000000000006f,0.20960213653632556f,0.8499272752437308f,-0.4834155263912976f,1.530252301164221f,-0.02211021030330547f,-0.4901514308422442f,-0.871356823261082f,0.5742793527230593f,0f,0f,0f,1f], start_interpolation: 0, interpolation_duration: 1 }
$data merge entity $(bone_uppertail) { transformation: [-0.9999982297902705f,-0.001867809128054985f,0.00022738818426400794f,0.023635630164980933f,0.0006162078678044194f,-0.21090670144593573f,0.9775060018092261f,1.7361081161033456f,-0.0017778369410169025f,0.9775044115369794f,0.21090747905552124f,-0.30255868525183266f,0f,0f,0f,1f], start_interpolation: 0, interpolation_duration: 1 }
$data merge entity $(bone_middletail) { transformation: [-0.9999982297902705f,-0.001620660320968047f,0.0009559688536914541f,0.02327320889666879f,0.0006162078678044194f,0.1979696185990495f,0.9802079628321791f,1.36453349195433f,-0.0017778369410169025f,0.9802068167340356f,-0.1979682694876636f,-0.22749363468703812f,0f,0f,0f,1f], start_interpolation: 0, interpolation_duration: 1 }
$data merge entity $(bone_tail) { transformation: [-0.9999982297902705f,-0.0007839136490981972f,0.0017105249825553424f,0.021874999999999988f,0.0006162078678044194f,0.7225087007912655f,0.6913615534355244f,1.1312282823151072f,-0.0017778369410169025f,0.6913613836195284f,-0.7225069387455755f,0.0583548050892678f,0f,0f,0f,1f], start_interpolation: 0, interpolation_duration: 1 }
$data merge entity $(bone_hair) { transformation: [-0.6893654271085455f,0.12155372436685116f,8.988503244363277e-17f,0.12499999999999986f,0.08921642114253538f,0.5059714672370179f,0.679185142833671f,1.8313597377431572f,0.08255748364606444f,0.46820675607531215f,-0.7339669895533492f,1.110795057942464f,0f,0f,0f,1f], start_interpolation: 0, interpolation_duration: 1 }
$data merge entity $(bone_ear_left) { transformation: [-0.3826834323650899f,-1.0812904845596011e-16f,-0.9238795325112866f,0.14264437499999988f,-0.6274852522497835f,0.9541570864193539f,0.25991290167096304f,2.0328271469806207f,0.6780970791872646f,0.8829406856837724f,-0.2808770068049478f,0.9844251663794019f,0f,0f,0f,1f], start_interpolation: 0, interpolation_duration: 1 }
$data merge entity $(bone_ear_right) { transformation: [-0.3826834323650898f,-1.0812904845596011e-16f,0.9238795325112866f,-0.1426443750000001f,0.6274852522497835f,0.9541570864193539f,0.25991290167096304f,2.0328271469806207f,-0.6780970791872646f,0.8829406856837724f,-0.2808770068049476f,0.9844251663794019f,0f,0f,0f,1f], start_interpolation: 0, interpolation_duration: 1 }
$data merge entity $(bone_head) { transformation: [-1f,-8.317619111996932e-17f,8.988503244363277e-17f,-8.066091302684318e-17f,0f,0.7339669895533492f,0.679185142833671f,1.7614675516317202f,-1.2246467991473532e-16f,0.679185142833671f,-0.7339669895533492f,0.6586463385443252f,0f,0f,0f,1f], start_interpolation: 0, interpolation_duration: 1 }
$data merge entity $(bone_body) { transformation: [-1f,-7.871877887341986e-17f,9.381338752702732e-17f,-6.403984274441296e-18f,0f,0.7660444431189781f,0.6427876096865394f,1.0498343749999999f,-1.2246467991473532e-16f,0.6427876096865394f,-0.7660444431189781f,0.0522925f,0f,0f,0f,1f], start_interpolation: 0, interpolation_duration: 1 }
$data merge entity $(bone_shoe_right) { transformation: [-0.8668483925508588f,0.44770212068731674f,0.21940071892332483f,-0.5309802925277669f,0.23533938073689692f,0.7553757930898226f,-0.6115740242099034f,0.6422301016379383f,-0.4395329796572338f,-0.4785083304875694f,-0.7601582318488913f,0.49076594075301583f,0f,0f,0f,1f], start_interpolation: 0, interpolation_duration: 1 }
$data merge entity $(bone_lowerleg_right) { transformation: [-0.8334773187267601f,0.4933024013324116f,0.24893432870483542f,-0.32310934262690205f,0.30634660790245927f,0.7874811269757385f,-0.5348132669293815f,0.9665247658663321f,-0.45985575455212857f,-0.36949454055059777f,-0.8074691755779877f,0.3441832671101206f,0f,0f,0f,1f], start_interpolation: 0, interpolation_duration: 1 }
$data merge entity $(bone_leg_right) { transformation: [-0.8334773187267601f,0.5522880009762687f,0.017132517202316747f,-0.125f,0.30634660790245927f,0.48767842429694874f,-0.8175093334647024f,1.1205860255447033f,-0.45985575455212857f,-0.6761269987605008f,-0.5756604611682221f,0.09870398196844478f,0f,0f,0f,1f], start_interpolation: 0, interpolation_duration: 1 }
$data merge entity $(bone_shoe_left) { transformation: [-0.8271628226145493f,-0.5619184049598628f,0.007026453706923033f,0.530606075572635f,-0.31304276297181327f,0.4503536457535974f,-0.8361733207340548f,0.8408036157560983f,0.4666967896132401f,-0.6938510646556703f,-0.548420282849648f,0.5391371417520203f,0f,0f,0f,1f], start_interpolation: 0, interpolation_duration: 1 }
$data merge entity $(bone_lowerleg_left) { transformation: [-0.8334773187267603f,-0.5524007077245896f,0.01300066434545016f,0.309426496750833f,-0.30634660790245927f,0.442387122311149f,-0.8428792261290566f,1.01623026965115f,0.45985575455212835f,-0.7065034268272399f,-0.5379457155574897f,0.28253928299084274f,0f,0f,0f,1f], start_interpolation: 0, interpolation_duration: 1 }
$data merge entity $(bone_leg_left) { transformation: [-0.8334773187267603f,-0.5522880009762685f,-0.017132517202316608f,0.12499999999999999f,-0.30634660790245927f,0.48767842429694874f,-0.8175093334647024f,1.144f,0.45985575455212835f,-0.676126998760501f,-0.5756604611682221f,0.05850000000000002f,0f,0f,0f,1f], start_interpolation: 0, interpolation_duration: 1 }