# This file was generated by Animated Java via MC-Build. It is not recommended to edit this file directly.
$data merge entity $(bone_hammer) { transformation: [-2.1791993582916414f,0.06956916544304434f,-0.17911369622899376f,0.12050828091076143f,-0.18167972684893458f,-0.08204322486751153f,2.178552917475586f,0.9238049629908088f,0.06256246326153173f,2.1850081163713906f,0.08750370116602062f,0.7278805795678729f,0f,0f,0f,1f], start_interpolation: 0, interpolation_duration: 1 }
$data merge entity $(bone_hand_left) { transformation: [-0.8945331708683424f,0.310749346884501f,0.32131798833411884f,0.354456661177204f,0.34920704399299646f,0.9345483558286246f,0.06836527659336755f,1.0190777153442132f,-0.2790427326448446f,0.1733615125362899f,-0.9445003649174666f,1.155555952698076f,0f,0f,0f,1f], start_interpolation: 0, interpolation_duration: 1 }
$data merge entity $(bone_lowerarm_left) { transformation: [-0.8945331708683424f,0.4445638441895678f,-0.04661968099014149f,0.5510372360297785f,0.34920704399299646f,0.6299109519579861f,-0.6937338344271937f,1.2976164644131352f,-0.2790427326448446f,-0.6368478476392753f,-0.7187210671152753f,0.8739497950700841f,0f,0f,0f,1f], start_interpolation: 0, interpolation_duration: 1 }
$data merge entity $(bone_arm_left) { transformation: [-0.8106740889920984f,-0.5540277413943887f,-0.18936943576581597f,0.2766203703703703f,-0.2190804768025602f,0.586970605169487f,-0.7794031391718466f,1.5883503422861467f,0.5429652531431401f,-0.5903547835263117f,-0.5972185223574425f,0.5815396913547077f,0f,0f,0f,1f], start_interpolation: 0, interpolation_duration: 1 }
$data merge entity $(bone_bread) { transformation: [-0.000009076489539626907f,-0.000002604979381107573f,0.000003291112283263482f,0.09255918106193156f,-0.000004033583135544839f,0.000007582007973125121f,-0.0000051228275575228355f,0.7727625575185139f,-0.0000011608379411837092f,-0.000005977226574212454f,-0.000007932541695751546f,1.0112847711691753f,0f,0f,0f,1f], start_interpolation: 0, interpolation_duration: 1 }
$data merge entity $(bone_hand_right) { transformation: [-0.9076489539626905f,-0.2604979381107573f,0.3291112283263482f,-0.06229170606325829f,-0.40335831355448387f,0.758200797312512f,-0.5122827557522835f,0.9774444318025061f,-0.11608379411837091f,-0.5977226574212453f,-0.7932541695751546f,0.972434473922774f,0f,0f,0f,1f], start_interpolation: 0, interpolation_duration: 1 }
$data merge entity $(bone_lowerarm_right) { transformation: [-0.5240322883406056f,-0.8385948756481358f,0.14882471338187026f,-0.43310787763891834f,-0.7982255578711599f,0.422635487784308f,-0.4292029860410988f,1.1643285615571297f,0.2970288193724373f,-0.343711912801997f,-0.8908625042396882f,0.820449362480641f,0f,0f,0f,1f], start_interpolation: 0, interpolation_duration: 1 }
$data merge entity $(bone_arm_right) { transformation: [-0.9761048815613537f,0.2000583784304902f,-0.08482868271910395f,-0.34375000000000006f,0.21572388237468867f,0.8452070077797226f,-0.488966584311484f,1.5213101765462045f,-0.02612406486914176f,-0.49558224263971656f,-0.8681680563202622f,0.5780693699642332f,0f,0f,0f,1f], start_interpolation: 0, interpolation_duration: 1 }
$data merge entity $(bone_uppertail) { transformation: [-0.9999975134506852f,-0.0022193534078559494f,0.00021808919663414764f,0.023805609989480808f,0.0007473220979134507f,-0.24136722025188045f,0.9704335662463259f,1.740446773826652f,-0.0021010954591880356f,0.9704313161982826f,0.2413682786522289f,-0.28680493296775095f,0f,0f,0f,1f], start_interpolation: 0, interpolation_duration: 1 }
$data merge entity $(bone_middletail) { transformation: [-0.9999975134506852f,-0.0019426807759994964f,0.0010950268714567412f,0.023390468194825362f,0.0007473220979134507f,0.1707089368055581f,0.9853212168650374f,1.366933282771583f,-0.0021010954591880356f,0.9853195851530194f,-0.1707070605210953f,-0.22207399651462623f,0f,0f,0f,1f], start_interpolation: 0, interpolation_duration: 1 }
$data merge entity $(bone_tail) { transformation: [-0.9999975134506852f,-0.0009535071267976413f,0.0020159158230929316f,0.021874999999999988f,0.0007473220979134507f,0.7084236710424965f,0.7057870385720857f,1.1279127520587149f,-0.0021010954591880356f,0.7057867901362506f,-0.7084211969351563f,0.05901228135990494f,0f,0f,0f,1f], start_interpolation: 0, interpolation_duration: 1 }
$data merge entity $(bone_hair) { transformation: [-0.6893654271085455f,0.12155372436685116f,8.942233484154593e-17f,0.12499999999999986f,0.08875716532421757f,0.5033668980640384f,0.6832454537539966f,1.8206643933988509f,0.08305102956051741f,0.47100579404709586f,-0.7301887769094341f,1.1169060439316985f,0f,0f,0f,1f], start_interpolation: 0, interpolation_duration: 1 }
$data merge entity $(bone_ear_left) { transformation: [-0.3826834323650899f,-1.0877546653633568e-16f,-0.9238795325112866f,0.14264437499999988f,-0.6312364904047043f,0.9492454099822644f,0.26146671539042265f,2.0228295817223803f,0.6746064658560761f,0.8882190898801956f,-0.2794311474221692f,0.9916554826210696f,0f,0f,0f,1f], start_interpolation: 0, interpolation_duration: 1 }
$data merge entity $(bone_ear_right) { transformation: [-0.3826834323650898f,-1.0877546653633568e-16f,0.9238795325112866f,-0.1426443750000001f,0.6312364904047043f,0.9492454099822644f,0.26146671539042265f,2.0228295817223803f,-0.6746064658560761f,0.8882190898801956f,-0.27943114742216896f,0.9916554826210696f,0f,0f,0f,1f], start_interpolation: 0, interpolation_duration: 1 }
$data merge entity $(bone_head) { transformation: [-1f,-8.367343579718129e-17f,8.942233484154593e-17f,-8.136267255635788e-17f,0f,0.7301887769094341f,0.6832454537539966f,1.7532810076130412f,-1.2246467991473532e-16f,0.6832454537539966f,-0.7301887769094341f,0.6643766399667702f,0f,0f,0f,1f], start_interpolation: 0, interpolation_duration: 1 }
$data merge entity $(bone_body) { transformation: [-1f,-7.947423442327958e-17f,9.317426624048177e-17f,-6.403984274441296e-18f,0f,0.7608256217658292f,0.6489563723892688f,1.0465704861111111f,-1.2246467991473532e-16f,0.6489563723892688f,-0.7608256217658292f,0.0522925f,0f,0f,0f,1f], start_interpolation: 0, interpolation_duration: 1 }
$data merge entity $(bone_shoe_right) { transformation: [-0.8689607348069529f,0.4240745586225813f,0.25508431957457356f,-0.5200590142282527f,0.21980922406340314f,0.7925507817980629f,-0.5688120632405081f,0.6304748797314567f,-0.44338600156117347f,-0.43820546208410294f,-0.7819110093989297f,0.463813739074996f,0f,0f,0f,1f], start_interpolation: 0, interpolation_duration: 1 }
$data merge entity $(bone_lowerleg_right) { transformation: [-0.8321348713061151f,0.47438578272447723f,0.28724499143630045f,-0.3220935899234195f,0.3077215239968466f,0.8258751512423235f,-0.47248036808901106f,0.9667105047897853f,-0.4613664699839092f,-0.30477592376917567f,-0.8332182287163623f,0.34735051492611313f,0f,0f,0f,1f], start_interpolation: 0, interpolation_duration: 1 }
$data merge entity $(bone_leg_right) { transformation: [-0.8321348713061151f,0.5543750232051345f,0.014828675013694406f,-0.125f,0.3077215239968466f,0.48381463319262297f,-0.8192868022724068f,1.1140120210368145f,-0.4613664699839092f,-0.6771940152976799f,-0.5731921545342298f,0.10307099924868517f,0f,0f,0f,1f], start_interpolation: 0, interpolation_duration: 1 }
$data merge entity $(bone_shoe_left) { transformation: [-0.8245960310716818f,-0.5655519796440511f,0.013868808943982045f,0.5301853030877679f,-0.31550028264506025f,0.4393860237473157f,-0.8410704451985043f,0.842912460861145f,0.46957529448611013f,-0.6979189641041559f,-0.5407477807185758f,0.5380201078396933f,0f,0f,0f,1f], start_interpolation: 0, interpolation_duration: 1 }
$data merge entity $(bone_lowerleg_left) { transformation: [-0.8321348713061153f,-0.5541750654924389f,0.021013156421774738f,0.3103055113400072f,-0.3077215239968466f,0.42988084141133387f,-0.8488285609335618f,1.0123606068710929f,0.46136646998390896f,-0.7128060458314973f,-0.5282504343591704f,0.28404885626555715f,0f,0f,0f,1f], start_interpolation: 0, interpolation_duration: 1 }
$data merge entity $(bone_leg_left) { transformation: [-0.8321348713061153f,-0.5543750232051343f,-0.014828675013694267f,0.12499999999999999f,-0.3077215239968466f,0.48381463319262297f,-0.8192868022724068f,1.1395648148148148f,0.46136646998390896f,-0.6771940152976801f,-0.5731921545342298f,0.059370370370370386f,0f,0f,0f,1f], start_interpolation: 0, interpolation_duration: 1 }