# This file was generated by Animated Java via MC-Build. It is not recommended to edit this file directly.
$data merge entity $(bone_hammer) { transformation: [-2.137752682324307f,0.08731376879511621f,-0.13559007731044456f,0.10284499015539783f,-0.13771251438960214f,-0.05032685906270229f,2.1388074632159864f,0.9199350872192885f,0.08392631689019224f,2.141457075709599f,0.05579301298165492f,0.7251764023264625f,0f,0f,0f,1f], start_interpolation: 0, interpolation_duration: 1 }
$data merge entity $(bone_hand_left) { transformation: [-0.8903119322503773f,0.3303856763118229f,0.3133527854999521f,0.3427452656414691f,0.3638454537511244f,0.9299335681728949f,0.053292068545575444f,1.014653344486622f,-0.2737903378084003f,0.16145855094483963f,-0.9481402782550454f,1.1496658324826092f,0f,0f,0f,1f], start_interpolation: 0, interpolation_duration: 1 }
$data merge entity $(bone_lowerarm_left) { transformation: [-0.8903119322503773f,0.4514681165435946f,-0.059339725624398876f,0.5423788234255899f,0.3638454537511244f,0.6269759113813702f,-0.6888524459796442f,1.2918942553005717f,-0.2737903378084003f,-0.6348840416108125f,-0.7224687568543589f,0.8689280453328281f,0f,0f,0f,1f], start_interpolation: 0, interpolation_duration: 1 }
$data merge entity $(bone_arm_left) { transformation: [-0.8211125148561818f,-0.5345024031772628f,-0.20020344388718056f,0.2776331018518518f,-0.20418408395601856f,0.6026289533244326f,-0.7714578436143744f,1.5903839087440796f,0.5329944632035106f,-0.5925753332807818f,-0.6039630589544135f,0.5754180755671908f,0f,0f,0f,1f], start_interpolation: 0, interpolation_duration: 1 }
$data merge entity $(bone_bread) { transformation: [-0.00000907881343118565f,-0.000002624118200522567f,0.000003269426608965134f,0.0948501470498676f,-0.000004031551762102252f,0.000007603621496853932f,-0.000005092301102848396f,0.7685627459310553f,-0.0000011496682439787943f,-0.000005941291425461888f,-0.000007961112932657077f,1.001433380915556f,0f,0f,0f,1f], start_interpolation: 0, interpolation_duration: 1 }
$data merge entity $(bone_hand_right) { transformation: [-0.9078813431185648f,-0.2624118200522567f,0.32694266089651336f,-0.06016285514353803f,-0.4031551762102252f,0.7603621496853931f,-0.5092301102848396f,0.973348531447201f,-0.11496682439787942f,-0.5941291425461888f,-0.7961112932657077f,0.9637961161169233f,0f,0f,0f,1f], start_interpolation: 0, interpolation_duration: 1 }
$data merge entity $(bone_lowerarm_right) { transformation: [-0.5312998597016397f,-0.8341312505139923f,0.14814019035015724f,-0.42900526748019396f,-0.7959473783411102f,0.4315884393293127f,-0.42449875141065074f,1.1641915444631314f,0.2901520808006227f,-0.3434479232041608f,-0.893227459303518f,0.8119277375750834f,0f,0f,0f,1f], start_interpolation: 0, interpolation_duration: 1 }
$data merge entity $(bone_arm_right) { transformation: [-0.9780904256035617f,0.1906349826742459f,-0.08365059906201101f,-0.34375000000000006f,0.20717092012780133f,0.8517886492102477f,-0.4811821972288477f,1.5243206852604927f,-0.02047752905121865f,-0.4879696716573392f,-0.8726203471995052f,0.5727472496083f,0f,0f,0f,1f], start_interpolation: 0, interpolation_duration: 1 }
$data merge entity $(bone_uppertail) { transformation: [-0.9999984823303867f,-0.0017274254954239782f,0.00022657908351876165f,0.023566014028085544f,0.0005652393441811601f,-0.19866306797899808f,0.9800676843594301f,1.7247643460010038f,-0.001647981009331913f,0.9800663250118992f,0.19866374288295088f,-0.30881212545605513f,0f,0f,0f,1f], start_interpolation: 0, interpolation_duration: 1 }
$data merge entity $(bone_middletail) { transformation: [-0.9999984823303867f,-0.0014936054886203125f,0.0008969278497695656f,0.023225976559028742f,0.0005652393441811601f,0.20883242078351621f,0.9779512771780505f,1.3540453995374047f,-0.001647981009331913f,0.9779502999500235f,-0.20883125960030985f,-0.2296291627406337f,0f,0f,0f,1f], start_interpolation: 0, interpolation_duration: 1 }
$data merge entity $(bone_tail) { transformation: [-0.9999984823303867f,-0.0007181835559631416f,0.001587308824165328f,0.02187499999999999f,0.0005652393441811601f,0.728060794537015f,0.6855123339244993f,1.123053006622685f,-0.001647981009331913f,0.6855121907526595f,-0.7280592836356682f,0.05809170135048062f,0f,0f,0f,1f], start_interpolation: 0, interpolation_duration: 1 }
$data merge entity $(bone_hair) { transformation: [-0.6893654271085455f,0.12155372436685116f,9.050512568559702e-17f,0.12499999999999986f,0.089831901810659f,0.5094620315604736f,0.6736720388658743f,1.8285039438028472f,0.08188734532595708f,0.46440621280385813f,-0.7390304351312575f,1.1079559892293367f,0f,0f,0f,1f], start_interpolation: 0, interpolation_duration: 1 }
$data merge entity $(bone_ear_left) { transformation: [-0.38268343236508995f,-1.0725133978938137e-16f,-0.9238795325112866f,0.14264437499999988f,-0.6223918083333293f,0.9607395656706348f,0.257803128121581f,2.029019772723478f,0.682775092920679f,0.8757736505256367f,-0.28281470353829563f,0.9800815632060385f,0f,0f,0f,1f], start_interpolation: 0, interpolation_duration: 1 }
$data merge entity $(bone_ear_right) { transformation: [-0.3826834323650897f,-1.0725133978938137e-16f,0.9238795325112866f,-0.1426443750000001f,0.6223918083333293f,0.9607395656706348f,0.257803128121581f,2.029019772723478f,-0.682775092920679f,0.8757736505256367f,-0.2828147035382954f,0.9800815632060385f,0f,0f,0f,1f], start_interpolation: 0, interpolation_duration: 1 }
$data merge entity $(bone_head) { transformation: [-1f,-8.250103060721643e-17f,9.050512568559702e-17f,-8.037884913843493e-17f,0f,0.7390304351312575f,0.6736720388658743f,1.7552291776812752f,-1.2246467991473532e-16f,0.6736720388658743f,-0.7390304351312575f,0.6563431121070812f,0f,0f,0f,1f], start_interpolation: 0, interpolation_duration: 1 }
$data merge entity $(bone_body) { transformation: [-1f,-7.841515481227072e-17f,9.406732335081186e-17f,-6.403984274441296e-18f,0f,0.7681179864782661f,0.6403083310785315f,1.0416399305555555f,-1.2246467991473532e-16f,0.6403083310785315f,-0.7681179864782661f,0.0522925f,0f,0f,0f,1f], start_interpolation: 0, interpolation_duration: 1 }
$data merge entity $(bone_shoe_right) { transformation: [-0.8721797736785284f,0.39230999250518456f,0.29222476309623885f,-0.5039077604918012f,0.2003859200658266f,0.8314717426668491f,-0.5181700726459654f,0.613867611714817f,-0.44625993033818656f,-0.39337972866828663f,-0.8038062351384331f,0.4340180368735752f,0f,0f,0f,1f], start_interpolation: 0, interpolation_duration: 1 }
$data merge entity $(bone_lowerleg_right) { transformation: [-0.8340130097931545f,0.4460626280308444f,0.3247313218184844f,-0.3195459795459188f,0.305795243771893f,0.863589114444822f,-0.40087792443447984f,0.9611321629859055f,-0.45925109513451584f,-0.2350361106013808f,-0.8566483866389543f,0.3490978197562877f,0f,0f,0f,1f], start_interpolation: 0, interpolation_duration: 1 }
$data merge entity $(bone_leg_right) { transformation: [-0.8340130097931545f,0.5514494483561402f,0.018050080428414675f,-0.125f,0.305795243771893f,0.48922056340520337f,-0.816794043335273f,1.1051605935386928f,-0.45925109513451584f,-0.6756972297184619f,-0.5766469330262183f,0.10669844102178812f,0f,0f,0f,1f], start_interpolation: 0, interpolation_duration: 1 }
$data merge entity $(bone_shoe_left) { transformation: [-0.8281837724302064f,-0.5604401486015508f,0.004298711288728853f,0.5267409182137891f,-0.31204421992948117f,0.45472127414126084f,-0.8341804167276704f,0.8286266111527569f,0.46555348123698304f,-0.6921960724237171f,-0.5514748892101129f,0.5311989217932369f,0f,0f,0f,1f], start_interpolation: 0, interpolation_duration: 1 }
$data merge entity $(bone_lowerleg_left) { transformation: [-0.8340130097931547f,-0.5516575584965014f,0.009810078972281151f,0.30993603189166613f,-0.305795243771893f,0.4473651115983377f,-0.8404485265684599f,1.003200583435423f,0.4592510951345156f,-0.7039448807103336f,-0.5418025807796252f,0.28559077572353f,0f,0f,0f,1f], start_interpolation: 0, interpolation_duration: 1 }
$data merge entity $(bone_leg_left) { transformation: [-0.8340130097931547f,-0.55144944835614f,-0.018050080428414536f,0.12499999999999999f,-0.305795243771893f,0.48922056340520337f,-0.816794043335273f,1.1332962962962962f,0.4592510951345156f,-0.6756972297184621f,-0.5766469330262183f,0.06068518518518519f,0f,0f,0f,1f], start_interpolation: 0, interpolation_duration: 1 }