# This file was generated by Animated Java via MC-Build. It is not recommended to edit this file directly.
$data merge entity $(bone_hammer) { transformation: [-2.077920719850462f,0.1500774546891237f,0.0001318633708718086f,0.04046059106725863f,0.0007707867132315134f,0.008841573316646562f,2.0833144290401546f,0.9181698881800362f,0.15007553325494932f,2.0779019134581636f,-0.008874127727408749f,0.7109785759549379f,0f,0f,0f,1f], start_interpolation: 0, interpolation_duration: 1 }
$data merge entity $(bone_hand_left) { transformation: [-0.8741388773219467f,0.39340344210248107f,0.28480687297929863f,0.299647842774293f,0.4122051951382313f,0.911066408281876f,0.006699014958503502f,1.0091698211241327f,-0.25684255927587074f,0.12325474206813009f,-0.9585615099211626f,1.1248093958669738f,0f,0f,0f,1f], start_interpolation: 0, interpolation_duration: 1 }
$data merge entity $(bone_lowerarm_left) { transformation: [-0.8741388773219467f,0.47576116594212714f,-0.09763470763880172f,0.5100234833393273f,0.4122051951382313f,0.6204465758306632f,-0.6671828262485909f,1.283523541374254f,-0.25684255927587074f,-0.6234559804199434f,-0.7384676974812289f,0.8491249545250301f,0f,0f,0f,1f], start_interpolation: 0, interpolation_duration: 1 }
$data merge entity $(bone_arm_left) { transformation: [-0.8561984093638922f,-0.4618770641551089f,-0.23150348034143672f,0.28124999999999994f,-0.15314929647953687f,0.6548452430414108f,-0.7400831038835153f,1.607876575818203f,0.4934263641016393f,-0.5982033811953027f,-0.6314136029069563f,0.5528273422767317f,0f,0f,0f,1f], start_interpolation: 0, interpolation_duration: 1 }
$data merge entity $(bone_bread) { transformation: [-0.000009098128314027796f,-0.000002694872984046783f,0.0000031562193810539423f,0.10253122150623967f,-0.000004006355952779675f,0.000007687794005191256f,-0.0000049846700305408685f,0.7634990304335915f,-0.0000010831311837042704f,-0.0000057996105846513715f,-0.000008074115673266466f,0.9628554480346587f,0f,0f,0f,1f], start_interpolation: 0, interpolation_duration: 1 }
$data merge entity $(bone_hand_right) { transformation: [-0.9098128314027795f,-0.2694872984046783f,0.3156219381053942f,-0.05273516924563171f,-0.40063559527796744f,0.7687794005191255f,-0.4984670030540868f,0.968938174974038f,-0.10831311837042702f,-0.5799610584651371f,-0.8074115673266465f,0.9301458425130891f,0f,0f,0f,1f], start_interpolation: 0, interpolation_duration: 1 }
$data merge entity $(bone_lowerarm_right) { transformation: [-0.5577495173711796f,-0.8177741767781367f,0.1419889843158862f,-0.41434468803971397f,-0.7858488723600748f,0.46523394436275045f,-0.40742965874255677f,1.1746588097469417f,0.26712735854385117f,-0.338825578738557f,-0.9021309225993015f,0.7803214069146334f,0f,0f,0f,1f], start_interpolation: 0, interpolation_duration: 1 }
$data merge entity $(bone_arm_right) { transformation: [-0.9840891102490356f,0.15718833015919034f,-0.08282784526369684f,-0.34375000000000006f,0.1776714785123632f,0.873776101455501f,-0.45271201690308266f,1.545376299969653f,0.001211945746477816f,-0.46022511164319524f,-0.8878014292624878f,0.552827018034065f,0f,0f,0f,1f], start_interpolation: 0, interpolation_duration: 1 }
$data merge entity $(bone_uppertail) { transformation: [-1f,-1.2234812067540777e-16f,-5.341834311772719e-18f,0.022621250000000048f,0f,-0.04361938736533605f,0.9990482215818578f,1.6734927051376907f,-1.2246467991473532e-16f,0.9990482215818578f,0.04361938736533605f,-0.38438160648053615f,0f,0f,0f,1f], start_interpolation: 0, interpolation_duration: 1 }
$data merge entity $(bone_middletail) { transformation: [-1f,-1.1507915602278503e-16f,4.188538737676992e-17f,0.02262125000000003f,0f,0.34202014332566866f,0.9396926207859084f,1.3172794784746693f,-1.2246467991473532e-16f,0.9396926207859084f,-0.34202014332566866f,-0.25470997647893484f,0f,0f,0f,1f], start_interpolation: 0, interpolation_duration: 1 }
$data merge entity $(bone_tail) { transformation: [-1f,-7.455177354798984e-17f,9.71577628780522e-17f,0.02187499999999999f,0f,0.7933533402912352f,0.6087614290087207f,1.116415247384772f,-1.2246467991473532e-16f,0.6087614290087207f,-0.7933533402912352f,0.05479868274576373f,0f,0f,0f,1f], start_interpolation: 0, interpolation_duration: 1 }
$data merge entity $(bone_hair) { transformation: [-0.6893654271085455f,0.12155372436685116f,9.381338752702732e-17f,0.12499999999999986f,0.0931155550916423f,0.5280845547148422f,0.6427876096865394f,1.8639786677336767f,0.07813322793426467f,0.44311555509164224f,-0.766044443118978f,1.0752549700633023f,0f,0f,0f,1f], start_interpolation: 0, interpolation_duration: 1 }
$data merge entity $(bone_ear_left) { transformation: [-0.38268343236508995f,-1.0233441253544582e-16f,-0.9238795325112866f,0.14264437499999988f,-0.5938583163412474f,0.9958577760546714f,0.24598416875659654f,2.059079894687993f,0.7077327819916303f,0.8356238925925012f,-0.29315251683697446f,0.9392624051215528f,0f,0f,0f,1f], start_interpolation: 0, interpolation_duration: 1 }
$data merge entity $(bone_ear_right) { transformation: [-0.3826834323650897f,-1.0233441253544582e-16f,0.9238795325112866f,-0.1426443750000001f,0.5938583163412474f,0.9958577760546714f,0.24598416875659654f,2.059079894687993f,-0.7077327819916303f,0.8356238925925012f,-0.29315251683697424f,0.9392624051215528f,0f,0f,0f,1f], start_interpolation: 0, interpolation_duration: 1 }
$data merge entity $(bone_head) { transformation: [-1f,-7.871877887341986e-17f,9.381338752702732e-17f,-7.678881036433199e-17f,0f,0.766044443118978f,0.6427876096865394f,1.7722390174964915f,-1.2246467991473532e-16f,0.6427876096865394f,-0.766044443118978f,0.6270282208535175f,0f,0f,0f,1f], start_interpolation: 0, interpolation_duration: 1 }
$data merge entity $(bone_body) { transformation: [-1f,-7.455177354798984e-17f,9.71577628780522e-17f,-6.403984274441296e-18f,0f,0.7933533402912352f,0.6087614290087207f,1.034834375f,-1.2246467991473532e-16f,0.6087614290087207f,-0.7933533402912352f,0.0522925f,0f,0f,0f,1f], start_interpolation: 0, interpolation_duration: 1 }
$data merge entity $(bone_shoe_right) { transformation: [-0.8771914194542269f,0.3493272878595866f,0.3294019726603719f,-0.4810108316043734f,0.17603534574442287f,0.872265852323568f,-0.4562497560754206f,0.5906016298780532f,-0.44670658231608856f,-0.3422319810112794f,-0.8266380710374854f,0.4007398402459663f,0f,0f,0f,1f], start_interpolation: 0, interpolation_duration: 1 }
$data merge entity $(bone_lowerleg_right) { transformation: [-0.8406465260480185f,0.40557660642219956f,0.3589164729661354f,-0.3148122308211784f,0.29883628973211185f,0.9000638290749331f,-0.31714661519574017f,0.9478281835270629f,-0.45167498290534497f,-0.1593509332072509f,-0.877836539398671f,0.34896885209232154f,0f,0f,0f,1f], start_interpolation: 0, interpolation_duration: 1 }
$data merge entity $(bone_leg_right) { transformation: [-0.8406465260480185f,0.5407896037551185f,0.02932614386141282f,-0.125f,0.29883628973211185f,0.5083324153203175f,-0.8076478362960912f,1.09375f,-0.45167498290534497f,-0.6701826318288129f,-0.5889354377285019f,0.10937499999999999f,0f,0f,0f,1f], start_interpolation: 0, interpolation_duration: 1 }
$data merge entity $(bone_shoe_left) { transformation: [-0.8406465260480185f,-0.5407896037551183f,-0.029326143861412673f,0.5178766520810929f,-0.29883628973211185f,0.5083324153203175f,-0.8076478362960912f,0.7918763307408907f,0.45167498290534475f,-0.6701826318288131f,-0.5889354377285019f,0.5148580352515073f,0f,0f,0f,1f], start_interpolation: 0, interpolation_duration: 1 }
$data merge entity $(bone_lowerleg_left) { transformation: [-0.8406465260480185f,-0.5407896037551183f,-0.029326143861412673f,0.3075153174949047f,-0.29883628973211185f,0.5083324153203175f,-0.8076478362960912f,0.9869842795766566f,0.45167498290534475f,-0.6701826318288131f,-0.5889354377285019f,0.28685078457259244f,0f,0f,0f,1f], start_interpolation: 0, interpolation_duration: 1 }
$data merge entity $(bone_leg_left) { transformation: [-0.8406465260480185f,-0.5407896037551183f,-0.029326143861412673f,0.12499999999999999f,-0.29883628973211185f,0.5083324153203175f,-0.8076478362960912f,1.125f,0.45167498290534475f,-0.6701826318288131f,-0.5889354377285019f,0.06250000000000001f,0f,0f,0f,1f], start_interpolation: 0, interpolation_duration: 1 }