# This file was generated by Animated Java via MC-Build. It is not recommended to edit this file directly.
$data merge entity $(bone_hammer) { transformation: [-1.854719067819651f,0.22199526043794923f,0.16235850396357485f,-0.06192973368144736f,0.16469348096537378f,0.009995295107111923f,1.8677261981894537f,0.8730891887878588f,0.22026855607124465f,1.8617849495628676f,-0.029386472865592487f,0.6651698330464162f,0f,0f,0f,1f], start_interpolation: 0, interpolation_duration: 1 }
$data merge entity $(bone_hand_left) { transformation: [-0.8460819608290567f,0.4762354173310463f,0.23946845896523095f,0.22311987060810676f,0.4849151728019643f,0.8741967434720964f,-0.02524537362018997f,0.9442120873505302f,-0.22136528803337566f,0.09476223394531252f,-0.9705758745567472f,1.0656735448229193f,0f,0f,0f,1f], start_interpolation: 0, interpolation_duration: 1 }
$data merge entity $(bone_lowerarm_left) { transformation: [-0.8460819608290567f,0.5153558420781147f,-0.13621186290340354f,0.45100378202702307f,0.4849151728019643f,0.6380065614331079f,-0.5981679553058181f,1.2263306137342325f,-0.22136528803337566f,-0.5721503155677357f,-0.7897097097349387f,0.8126758271578113f,0f,0f,0f,1f], start_interpolation: 0, interpolation_duration: 1 }
$data merge entity $(bone_arm_left) { transformation: [-0.9083086192236567f,-0.3301022728621288f,-0.25692010761182316f,0.2874999999999999f,-0.08454363044425131f,0.7463964160508536f,-0.6601096610849949f,1.596030088559421f,0.4096679469952708f,-0.5778623361646765f,-0.7058663426223001f,0.5264533887762449f,0f,0f,0f,1f], start_interpolation: 0, interpolation_duration: 1 }
$data merge entity $(bone_bread) { transformation: [-0.00000921586364711f,-0.000002623183557783203f,0.000002861252393629799f,0.09477534412462255f,-0.0000037747952986926145f,0.000007774544776101182f,-0.000005030643495355834f,0.7088137308847322f,-9.048633547915104e-7f,-0.000005716236659426695f,-0.000008155112553642763f,0.9224301076660545f,0f,0f,0f,1f], start_interpolation: 0, interpolation_duration: 1 }
$data merge entity $(bone_hand_right) { transformation: [-0.9215863647109999f,-0.2623183557783203f,0.2861252393629799f,-0.05597159891669501f,-0.3774795298692614f,0.7774544776101182f,-0.5030643495355833f,0.9181724709370647f,-0.09048633547915104f,-0.5716236659426694f,-0.8155112553642762f,0.8936709416941832f,0f,0f,0f,1f], start_interpolation: 0, interpolation_duration: 1 }
$data merge entity $(bone_lowerarm_right) { transformation: [-0.6204779875254324f,-0.7743592782565095f,0.12399506108892731f,-0.39838359227074527f,-0.7456122464047966f,0.5335068006705784f,-0.3992904602534807f,1.154082509358586f,0.2430420642760883f,-0.34020317725779836f,-0.9084009869964456f,0.7432373492505004f,0f,0f,0f,1f], start_interpolation: 0, interpolation_duration: 1 }
$data merge entity $(bone_arm_right) { transformation: [-0.9887235019185315f,0.12118078813064398f,-0.08798325603199483f,-0.34375000000000006f,0.14713998556553043f,0.8953899344634951f,-0.4202697822937467f,1.5353404538318012f,0.027850698406522365f,-0.42847646592256816f,-0.9031236110017138f,0.5291665318085931f,0f,0f,0f,1f], start_interpolation: 0, interpolation_duration: 1 }
$data merge entity $(bone_uppertail) { transformation: [-0.9999954682661039f,0.002715077992242243f,-0.0013006916435769704f,0.020702852499560886f,-0.0007312059813712332f,0.2000649912936912f,0.9797823557282852f,1.5496870816806092f,0.002920408373573131f,0.9797788666888827f,-0.20006209937112102f,-0.4872815196663706f,0f,0f,0f,1f], start_interpolation: 0, interpolation_duration: 1 }
$data merge entity $(bone_middletail) { transformation: [-0.9999954682661039f,0.0020781416350714853f,-0.002178250352969452f,0.021528626630171667f,-0.0007312059813712332f,0.5342159254070775f,0.8453477452381787f,1.2292419521645936f,0.002920408373573131f,0.8453455070968345f,-0.5342119849330669f,-0.2847553940837625f,0f,0f,0f,1f], start_interpolation: 0, interpolation_duration: 1 }
$data merge entity $(bone_tail) { transformation: [-0.9999954682661039f,0.0007742484179439206f,-0.002909293151770798f,0.02187499999999999f,-0.0007312059813712332f,0.8749641664203226f,0.48418712582864365f,1.0765707693882196f,0.002920408373573131f,0.48418705891398744f,-0.8749596351804775f,0.051152325879057686f,0f,0f,0f,1f], start_interpolation: 0, interpolation_duration: 1 }
$data merge entity $(bone_hair) { transformation: [-0.6893654271085455f,0.12155372436685116f,9.723578002578026e-17f,0.12499999999999988f,0.0965124900671653f,0.5473495302839494f,0.6079302976946054f,1.8689673739388684f,0.07389619184022779f,0.41908612932246686f,-0.7939903986478354f,1.0371998515421217f,0f,0f,0f,1f], start_interpolation: 0, interpolation_duration: 1 }
$data merge entity $(bone_ear_left) { transformation: [-0.38268343236508995f,-9.678498611293149e-17f,-0.9238795325112866f,0.14264437499999988f,-0.5616543592335393f,1.032187518242186f,0.23264485296050244f,2.0577997043991934f,0.7335514783212123f,0.790309387002987f,-0.3038469710194797f,0.8926287014068397f,0f,0f,0f,1f], start_interpolation: 0, interpolation_duration: 1 }
$data merge entity $(bone_ear_right) { transformation: [-0.3826834323650897f,-9.678498611293149e-17f,0.9238795325112866f,-0.1426443750000001f,0.5616543592335393f,1.032187518242186f,0.23264485296050244f,2.0577997043991934f,-0.7335514783212123f,0.790309387002987f,-0.3038469710194795f,0.8926287014068397f,0f,0f,0f,1f], start_interpolation: 0, interpolation_duration: 1 }
$data merge entity $(bone_head) { transformation: [-1f,-7.44499893176396e-17f,9.723578002578026e-17f,-7.268499652169972e-17f,0f,0.7939903986478354f,0.6079302976946054f,1.7572989796665854f,-1.2246467991473532e-16f,0.6079302976946054f,-0.7939903986478354f,0.5935180377910254f,0f,0f,0f,1f], start_interpolation: 0, interpolation_duration: 1 }
$data merge entity $(bone_body) { transformation: [-1f,-7.013776426986104e-17f,1.0039069603227173e-16f,-6.403984274441296e-18f,0f,0.8197522428684552f,0.5727183079945474f,0.9949593749999999f,-1.2246467991473532e-16f,0.5727183079945474f,-0.8197522428684552f,0.0522925f,0f,0f,0f,1f], start_interpolation: 0, interpolation_duration: 1 }
$data merge entity $(bone_shoe_right) { transformation: [-0.8873187331341582f,0.28712249247251387f,0.3608685912428011f,-0.44660539261856486f,0.14310795439023485f,0.915337088534871f,-0.3764015511959907f,0.5286600183895033f,-0.4383897572017794f,-0.2823449816605153f,-0.8532852583466376f,0.36602763812025774f,0f,0f,0f,1f], start_interpolation: 0, interpolation_duration: 1 }
$data merge entity $(bone_lowerleg_right) { transformation: [-0.8566301007530999f,0.3466910554828604f,0.3820866165307472f,-0.3052174972465964f,0.2822878572226852f,0.9348443443479154f,-0.2153592754105122f,0.89469797116683f,-0.4318546470148943f,-0.07662482553909111f,-0.8986824800577481f,0.34923898265930825f,0f,0f,0f,1f], start_interpolation: 0, interpolation_duration: 1 }
$data merge entity $(bone_leg_right) { transformation: [-0.8566301007530999f,0.5134748165689461f,0.05028402562664646f,-0.125f,0.2822878572226852f,0.548047519065012f,-0.7873737883059799f,1.05025f,-0.4318546470148943f,-0.6602935177602248f,-0.6144217071812068f,0.11312499999999999f,0f,0f,0f,1f], start_interpolation: 0, interpolation_duration: 1 }
$data merge entity $(bone_shoe_left) { transformation: [-0.8753738370220954f,-0.4664610185154358f,-0.1270226895588189f,0.48462745216257525f,-0.25155693043931376f,0.6638616472225467f,-0.7042775192315293f,0.6525435742236698f,0.41284350086341937f,-0.5845526764565441f,-0.6984686193683485f,0.47412458711525296f,0f,0f,0f,1f], start_interpolation: 0, interpolation_duration: 1 }
$data merge entity $(bone_lowerleg_left) { transformation: [-0.8626529413908812f,-0.48660318749498194f,-0.13801174091135932f,0.2972484246600026f,-0.2738573168541913f,0.6787541094069149f,-0.6813919789435805f,0.9057463675224264f,0.42524354517744756f,-0.5500092698154725f,-0.7187890722610959f,0.2955614848685448f,0f,0f,0f,1f], start_interpolation: 0, interpolation_duration: 1 }
$data merge entity $(bone_leg_left) { transformation: [-0.8626529413908812f,-0.5015442436098895f,-0.06544672957027386f,0.12499999999999999f,-0.2738573168541913f,0.5719328573989808f,-0.773236688623128f,1.0687499999999999f,0.42524354517744756f,-0.6491118380750893f,-0.6307311225519914f,0.07500000000000002f,0f,0f,0f,1f], start_interpolation: 0, interpolation_duration: 1 }