# This file was generated by Animated Java via MC-Build. It is not recommended to edit this file directly.
$data merge entity $(bone_hammer) { transformation: [-1.6304365658901507f,0.25235986721641884f,0.2361543558874566f,-0.15196439686397695f,0.24123456499640117f,0.015409443406675117f,1.649044029576734f,0.8156349994748717f,0.24750811509343507f,1.6473781667395577f,-0.05160122566845592f,0.5962223933901871f,0f,0f,0f,1f], start_interpolation: 0, interpolation_duration: 1 }
$data merge entity $(bone_hand_left) { transformation: [-0.8244699491791672f,0.5273461528842862f,0.20531765130802693f,0.14976340494354412f,0.5294750962830146f,0.8469048827432137f,-0.04907384233780998f,0.8748386335868853f,-0.19976342337023079f,0.06825067489663955f,-0.9774642807077707f,0.9863124215589112f,0f,0f,0f,1f], start_interpolation: 0, interpolation_duration: 1 }
$data merge entity $(bone_lowerarm_left) { transformation: [-0.8244699491791672f,0.5485492535828008f,-0.13907918354036164f,0.3923250280121888f,0.5294750962830146f,0.6609810823193305f,-0.5317519452075934f,1.1671162059249642f,-0.19976342337023079f,-0.5120524633372237f,-0.8354022082049386f,0.7598892229269826f,0f,0f,0f,1f], start_interpolation: 0, interpolation_duration: 1 }
$data merge entity $(bone_arm_left) { transformation: [-0.9489045458654997f,-0.19901582942523932f,-0.24489357377026819f,0.29374999999999996f,-0.019657615146607188f,0.8118243998192718f,-0.5835706658364757f,1.5692229789604473f,0.3149503786353298f,-0.5489388340209349f,-0.7742560400159622f,0.48799295670098825f,0f,0f,0f,1f], start_interpolation: 0, interpolation_duration: 1 }
$data merge entity $(bone_bread) { transformation: [-0.000009319811583603189f,-0.000002682942218232272f,0.000002437813179832029f,0.0944907615341658f,-0.0000035724862438084746f,0.000007938854769057383f,-0.000004920561654284402f,0.641369439173682f,-6.151862189086e-7f,-0.000005456776155335836f,-0.000008357340480477223f,0.8476039950886289f,0f,0f,0f,1f], start_interpolation: 0, interpolation_duration: 1 }
$data merge entity $(bone_hand_right) { transformation: [-0.9319811583603187f,-0.26829422182322715f,0.24378131798320285f,-0.052920086635085406f,-0.3572486243808474f,0.7938854769057383f,-0.49205616542844016f,0.8542108689015644f,-0.06151862189085999f,-0.5456776155335835f,-0.8357340480477222f,0.8288588588284441f,0f,0f,0f,1f], start_interpolation: 0, interpolation_duration: 1 }
$data merge entity $(bone_lowerarm_right) { transformation: [-0.6727903702932126f,-0.7341524615529462f,0.09150563281280262f,-0.3775531282280288f,-0.7061956754721617f,0.6003993869058988f,-0.37524424598844686f,1.1196999727990165f,0.22054656103675455f,-0.31708159738270936f,-0.9223982193261709f,0.6886493399857774f,0f,0f,0f,1f], start_interpolation: 0, interpolation_duration: 1 }
$data merge entity $(bone_arm_right) { transformation: [-0.9916432972314463f,0.07488128713191076f,-0.10505409984105199f,-0.34375000000000006f,0.10921260027989245f,0.9207261335502869f,-0.3746144617305152f,1.5135377293244525f,0.0686744420876487f,-0.38295715143473635f,-0.9212098790009489f,0.4939240602566046f,0f,0f,0f,1f], start_interpolation: 0, interpolation_duration: 1 }
$data merge entity $(bone_uppertail) { transformation: [-0.9999818731237126f,0.00480371108249445f,-0.0036301217372432834f,0.018512111240349273f,-0.0011010558700133362f,0.44684433768203524f,0.8946110470799444f,1.375971744259643f,0.005919552344763528f,0.8945988275430161f,-0.44683094863572104f,-0.5809322786331698f,0f,0f,0f,1f], start_interpolation: 0, interpolation_duration: 1 }
$data merge entity $(bone_middletail) { transformation: [-0.9999818731237126f,0.003360146025861702f,-0.004996282885923495f,0.02040617350492801f,-0.0011010558700133362f,0.71375648923454f,0.7003930766016717f,1.1104796903221144f,0.005919552344763528f,0.7003858818496193f,-0.7137398513504544f,-0.3103533136319645f,0f,0f,0f,1f], start_interpolation: 0, interpolation_duration: 1 }
$data merge entity $(bone_tail) { transformation: [-0.9999818731237126f,0.0009338061204049217f,-0.005948229158395001f,0.02187499999999999f,-0.0011010558700133362f,0.9428819688098234f,0.3331251725242065f,1.015346800374135f,0.005919552344763528f,0.3331256833380469f,-0.9428638491323107f,0.04614378615194925f,0f,0f,0f,1f], start_interpolation: 0, interpolation_duration: 1 }
$data merge entity $(bone_hair) { transformation: [-0.6893654271085455f,0.12155372436685118f,1.0162334000682535e-16f,0.12499999999999988f,0.10086741311069347f,0.5720475261665449f,0.5580348039381698f,1.8667888026054267f,0.06783120874501007f,0.38468990095826994f,-0.8298175447613098f,0.9816803266494422f,0f,0f,0f,1f], start_interpolation: 0, interpolation_duration: 1 }
$data merge entity $(bone_ear_left) { transformation: [-0.38268343236508995f,-8.884141973924109e-17f,-0.9238795325112866f,0.1426443749999999f,-0.5155569337874238f,1.0787628081897027f,0.2135506741502388f,2.046388659452459f,0.7666514453237425f,0.7254452451196208f,-0.3175574262660297f,0.8257881911869982f,0f,0f,0f,1f], start_interpolation: 0, interpolation_duration: 1 }
$data merge entity $(bone_ear_right) { transformation: [-0.3826834323650897f,-8.884141973924109e-17f,0.9238795325112866f,-0.14264437500000007f,0.5155569337874238f,1.0787628081897027f,0.2135506741502388f,2.046388659452459f,-0.7666514453237425f,0.7254452451196208f,-0.31755742626602945f,0.8257881911869981f,0f,0f,0f,1f], start_interpolation: 0, interpolation_duration: 1 }
$data merge entity $(bone_head) { transformation: [-1f,-6.833955364557006e-17f,1.0162334000682535e-16f,-6.682795320334777e-17f,0f,0.8298175447613098f,0.5580348039381698f,1.728090368445476f,-1.2246467991473532e-16f,0.5580348039381698f,-0.8298175447613098f,0.5456916496240057f,0f,0f,0f,1f], start_interpolation: 0, interpolation_duration: 1 }
$data merge entity $(bone_body) { transformation: [-1f,-6.384176170018777e-17f,1.045075465678676e-16f,-6.403984274441296e-18f,0f,0.8533688786075285f,0.5213075455277136f,0.9339593749999999f,-1.2246467991473532e-16f,0.5213075455277136f,-0.8533688786075285f,0.0522925f,0f,0f,0f,1f], start_interpolation: 0, interpolation_duration: 1 }
$data merge entity $(bone_shoe_right) { transformation: [-0.9000507141255176f,0.21369494201360464f,0.3797936067918314f,-0.4055179192466523f,0.10494594872555198f,0.9521541705993364f,-0.28703446353423095f,0.446174452881783f,-0.4229598797146602f,-0.21848777349795143f,-0.879413459632992f,0.3296607900517845f,0f,0f,0f,1f], start_interpolation: 0, interpolation_duration: 1 }
$data merge entity $(bone_lowerleg_right) { transformation: [-0.8784019050246384f,0.27870506406601475f,0.3882442279198042f,-0.2916268535669534f,0.2578629363841859f,0.9603511010876922f,-0.10598334151640354f,0.8171583737421897f,-0.40238886576098437f,0.007017827556726086f,-0.9154419428931431f,0.34716983387842515f,0f,0f,0f,1f], start_interpolation: 0, interpolation_duration: 1 }
$data merge entity $(bone_leg_right) { transformation: [-0.8784019050246384f,0.47211514468375587f,0.07427909133344626f,-0.12500000000000003f,0.2578629363841859f,0.5990392171637717f,-0.7580624791790851f,0.9869999999999999f,-0.40238886576098437f,-0.6467297012354171f,-0.6479381870607233f,0.11499999999999999f,0f,0f,0f,1f], start_interpolation: 0, interpolation_duration: 1 }
$data merge entity $(bone_shoe_left) { transformation: [-0.9056171376228519f,-0.35010551359946307f,-0.23934019593676434f,0.43610044307458884f,-0.1821123711535471f,0.8307087241068182f,-0.5260780360038375f,0.514248201874242f,0.3830048097826257f,-0.43283847453764834f,-0.8160626021594767f,0.40158821324005767f,0f,0f,0f,1f], start_interpolation: 0, interpolation_duration: 1 }
$data merge entity $(bone_lowerleg_left) { transformation: [-0.8831658157632563f,-0.392828175704802f,-0.256328239255177f,0.28565794010375833f,-0.2475081477853721f,0.8544801056742879f,-0.45673128400265306f,0.8240517482461822f,0.39844429804814174f,-0.3399261292976682f,-0.8518757937479082f,0.30344404389043433f,0f,0f,0f,1f], start_interpolation: 0, interpolation_duration: 1 }
$data merge entity $(bone_leg_left) { transformation: [-0.8831658157632563f,-0.45893764731820924f,-0.096924598225884f,0.12499999999999999f,-0.2475081477853721f,0.631486885964783f,-0.7348224476935606f,1.0125f,0.39844429804814174f,-0.6249804386767064f,-0.6712984378235922f,0.08750000000000004f,0f,0f,0f,1f], start_interpolation: 0, interpolation_duration: 1 }