# This file was generated by Animated Java via MC-Build. It is not recommended to edit this file directly.
$data merge entity $(bone_hammer) { transformation: [-1.4170182489805017f,0.24671649398716738f,0.24067896618114612f,-0.222794902964205f,0.24945551856126721f,0.03140679199713691f,1.4364963170112515f,0.7526512526105817f,0.23783888964312505f,1.4369692745922722f,-0.07271916915227285f,0.5031412838903561f,0f,0f,0f,1f], start_interpolation: 0, interpolation_duration: 1 }
$data merge entity $(bone_hand_left) { transformation: [-0.8148337432719323f,0.548832091702911f,0.18662611270253204f,0.0871784061144883f,0.546215665665419f,0.8347220219722423f,-0.0699113196575108f,0.8107519439813611f,-0.19415050194921965f,0.04497200408675284f,-0.9799403560632082f,0.8868805496338894f,0f,0f,0f,1f], start_interpolation: 0, interpolation_duration: 1 }
$data merge entity $(bone_lowerarm_left) { transformation: [-0.8148337432719323f,0.5695782319534897f,-0.1078267522936096f,0.339038780556422f,0.546215665665419f,0.6920790854327282f,-0.4718845050309258f,1.1167806645711456f,-0.19415050194921965f,-0.4434040789069665f,-0.8750419449383731f,0.6908128084922152f,0f,0f,0f,1f], start_interpolation: 0, interpolation_duration: 1 }
$data merge entity $(bone_arm_left) { transformation: [-0.9773038387011641f,-0.07881646547668811f,-0.19663461452585346f,0.29999999999999993f,0.03426866117765054f,0.8571675459254531f,-0.5138963485696583f,1.5413464646623467f,0.20905230379275982f,-0.5089712791326229f,-0.8350121982923611f,0.4387129717968379f,0f,0f,0f,1f], start_interpolation: 0, interpolation_duration: 1 }
$data merge entity $(bone_bread) { transformation: [-0.000009421751524522355f,-0.00000281100572961322f,0.0000018245122631109818f,0.09398920920752996f,-0.000003347034311580955f,0.000008164804811260296f,-0.000004704606647863403f,0.574647673362255f,-1.6721102613314846e-7f,-0.000005043234000331769f,-0.000008633529480498525f,0.7407941557506649f,0f,0f,0f,1f], start_interpolation: 0, interpolation_duration: 1 }
$data merge entity $(bone_hand_right) { transformation: [-0.9421751524522354f,-0.28110057296132196f,0.18245122631109817f,-0.04919389144491121f,-0.3347034311580955f,0.8164804811260294f,-0.4704606647863402f,0.7911413972594854f,-0.016721102613314845f,-0.5043234000331769f,-0.8633529480498524f,0.7373474615863068f,0f,0f,0f,1f], start_interpolation: 0, interpolation_duration: 1 }
$data merge entity $(bone_lowerarm_right) { transformation: [-0.7203536417938319f,-0.6924904032031148f,0.039340465502471805f,-0.3554044916112885f,-0.6613754856808287f,0.6686844011491802f,-0.339769978956661f,1.0868252808926384f,0.2089810941085617f,-0.2707733611922516f,-0.9396854203263126f,0.6176148659341081f,0f,0f,0f,1f], start_interpolation: 0, interpolation_duration: 1 }
$data merge entity $(bone_arm_right) { transformation: [-0.9898286987194189f,0.026758331776987887f,-0.13972522632629494f,-0.34375000000000006f,0.07056229213848728f,0.9451700496580246f,-0.3188644542083827f,1.493138924059079f,0.12353181824770684f,-0.32548052001611355f,-0.9374445695455575f,0.4474909090359382f,0f,0f,0f,1f], start_interpolation: 0, interpolation_duration: 1 }
$data merge entity $(bone_uppertail) { transformation: [-0.9999592147507161f,0.005977557520812433f,-0.006770350154645839f,0.016166971401680597f,-0.0009906094285979613f,0.6725194330297055f,0.7400788004600345f,1.1728510714478317f,0.00897705564709872f,0.7400553229343664f,-0.6724860827321408f,-0.6542330852307885f,0f,0f,0f,1f], start_interpolation: 0, interpolation_duration: 1 }
$data merge entity $(bone_middletail) { transformation: [-0.9999592147507161f,0.00370099635352115f,-0.008238413750374362f,0.019290071290994047f,-0.0009906094285979613f,0.8617336046728579f,0.5073600430369766f,0.9805370882219113f,0.00897705564709872f,0.5073475112814827f,-0.8616947924110919f,-0.3275709163470702f,0f,0f,0f,1f], start_interpolation: 0, interpolation_duration: 1 }
$data merge entity $(bone_tail) { transformation: [-0.9999592147507161f,0.0004634432074134953f,-0.009019648303821856f,0.02187499999999999f,-0.0009906094285979613f,0.9870290794823919f,0.1605385154693479f,0.9501694497871845f,0.00897705564709872f,0.16054090281462735f,-0.9869883641641239f,0.040143281141870726f,0f,0f,0f,1f], start_interpolation: 0, interpolation_duration: 1 }
$data merge entity $(bone_hair) { transformation: [-0.6893654271085455f,0.12155372436685118f,1.0639785388315494e-16f,0.12499999999999989f,0.1056064116865534f,0.5989237226330135f,0.4951554286552266f,1.8684495105982357f,0.060187986493507394f,0.3413430335600252f,-0.8688044092160553f,0.9101684714016127f,0f,0f,0f,1f], start_interpolation: 0, interpolation_duration: 1 }
$data merge entity $(bone_ear_left) { transformation: [-0.38268343236508995f,-7.883076640179766e-17f,-0.9238795325112866f,0.1426443749999999f,-0.4574639659464165f,1.129445731980872f,0.1894877789919895f,2.036032024242077f,0.8026706114302737f,0.6437020572517946f,-0.33247705337272426f,0.7414243823219435f,0f,0f,0f,1f], start_interpolation: 0, interpolation_duration: 1 }
$data merge entity $(bone_ear_right) { transformation: [-0.3826834323650897f,-7.883076640179766e-17f,0.9238795325112866f,-0.14264437500000007f,0.4574639659464165f,1.129445731980872f,0.1894877789919895f,2.036032024242077f,-0.8026706114302737f,0.6437020572517946f,-0.33247705337272404f,0.7414243823219435f,0f,0f,0f,1f], start_interpolation: 0, interpolation_duration: 1 }
$data merge entity $(bone_head) { transformation: [-1f,-6.063905107830589e-17f,1.0639785388315494e-16f,-5.94722335434494e-17f,0f,0.8688044092160553f,0.4951554286552266f,1.6978961026176136f,-1.2246467991473532e-16f,0.4951554286552266f,-0.8688044092160553f,0.48562764043360324f,0f,0f,0f,1f], start_interpolation: 0, interpolation_duration: 1 }
$data merge entity $(bone_body) { transformation: [-1f,-5.594032693482317e-17f,1.0894162496054331e-16f,-6.403984274441296e-18f,0f,0.8895758763783379f,0.4567874343342996f,0.8694593750000001f,-1.2246467991473532e-16f,0.4567874343342996f,-0.8895758763783379f,0.0522925f,0f,0f,0f,1f], start_interpolation: 0, interpolation_duration: 1 }
$data merge entity $(bone_shoe_right) { transformation: [-0.9117162066962647f,0.13629477403805432f,0.38755295511360716f,-0.3620756834467903f,0.06467640964117606f,0.9792180996638908f,-0.1922209024184543f,0.3614414657540629f,-0.40569757268598594f,-0.15018537831811007f,-0.9015840679915241f,0.29001928418983514f,0f,0f,0f,1f], start_interpolation: 0, interpolation_duration: 1 }
$data merge entity $(bone_lowerleg_right) { transformation: [-0.9011175832278449f,0.20842464644059341f,0.38019240912164687f,-0.2756955147883756f,0.22748745303728157f,0.9737662857755507f,0.005355314883266182f,0.7327598074649414f,-0.36910237049932204f,0.09131477122022447f,-0.9248919140357856f,0.3410672438018305f,0f,0f,0f,1f], start_interpolation: 0, interpolation_duration: 1 }
$data merge entity $(bone_leg_right) { transformation: [-0.9011175832278449f,0.4217421162265134f,0.10060163317953733f,-0.12500000000000003f,0.22748745303728157f,0.657419889265688f,-0.7183651911865586f,0.9205000000000001f,-0.36910237049932204f,-0.6244458956536366f,-0.6883536616399368f,0.11499999999999999f,0f,0f,0f,1f], start_interpolation: 0, interpolation_duration: 1 }
$data merge entity $(bone_shoe_left) { transformation: [-0.9207843915140899f,-0.2081249240437248f,-0.32990926076092636f,0.37686865565412564f,-0.10425022774748628f,0.9463017724454366f,-0.3060144530593649f,0.40340609844060366f,0.37588295300349067f,-0.2473802163844529f,-0.8930369724613627f,0.3152530760245463f,0f,0f,0f,1f], start_interpolation: 0, interpolation_duration: 1 }
$data merge entity $(bone_lowerleg_left) { transformation: [-0.9021010168664989f,-0.26903237668095603f,-0.33739492537058824f,0.2725861767133893f,-0.21988577165657713f,0.959327192023469f,-0.1770355502924697f,0.7423004325286325f,0.37130042121093837f,-0.085515606422232f,-0.9245664271791494f,0.3101806277112183f,0f,0f,0f,1f], start_interpolation: 0, interpolation_duration: 1 }
$data merge entity $(bone_leg_left) { transformation: [-0.9021010168664989f,-0.41347158491979874f,-0.12351114861557347f,0.12499999999999999f,-0.21988577165657713f,0.686714174516137f,-0.6928736464476132f,0.95625f,0.37130042121093837f,-0.5978836767988652f,-0.7104020736358034f,0.09999999999999999f,0f,0f,0f,1f], start_interpolation: 0, interpolation_duration: 1 }