# This file was generated by Animated Java via MC-Build. It is not recommended to edit this file directly.
$data merge entity $(bone_hammer) { transformation: [-1.215792970640961f,0.21358573047387377f,0.19679580350700918f,-0.2670107704343824f,0.20949854939285076f,0.05835451076346886f,1.2309366794745573f,0.6919246672422293f,0.20114126961496223f,1.2302340780564889f,-0.09255432375736532f,0.3878412447028755f,0f,0f,0f,1f], start_interpolation: 0, interpolation_duration: 1 }
$data merge entity $(bone_hand_left) { transformation: [-0.8193348157485038f,0.5425435959084977f,0.18530220247218387f,0.04323521841820405f,0.5351695686700514f,0.8396958080423141f,-0.09221975236182645f,0.7616499617056296f,-0.2056307186970773f,0.023609245960899472f,-0.9783448323741897f,0.7694179427141884f,0f,0f,0f,1f], start_interpolation: 0, interpolation_duration: 1 }
$data merge entity $(bone_lowerarm_left) { transformation: [-0.8193348157485038f,0.5714341511266003f,-0.046405502137000273f,0.2959162571194976f,0.5351695686700514f,0.7332789597933663f,-0.4193989745980194f,1.0858967517392588f,-0.2056307186970773f,-0.3684629941399551f,-0.9066151495963117f,0.6064882124929271f,0f,0f,0f,1f], start_interpolation: 0, interpolation_duration: 1 }
$data merge entity $(bone_arm_left) { transformation: [-0.9930124858449451f,0.020863077108900716f,-0.11615048415564545f,0.30624999999999997f,0.07145679689294326f,0.8895983631558053f,-0.45111936164203015f,1.5265259409898686f,0.09391554255736076f,-0.45626690027226396f,-0.8848730906644728f,0.3804935134518213f,0f,0f,0f,1f], start_interpolation: 0, interpolation_duration: 1 }
$data merge entity $(bone_bread) { transformation: [-0.000009512167332157724f,-0.0000029242139808918844f,9.836896050014146e-7f,0.08305139519220278f,-0.0000030500970463741585f,0.000008433211753135155f,-0.000004424686150958362f,0.5226943167632144f,4.64306636535633e-7f,-0.000004508870381896061f,-0.000008913725776942515f,0.6081237652017445f,0f,0f,0f,1f], start_interpolation: 0, interpolation_duration: 1 }
$data merge entity $(bone_hand_right) { transformation: [-0.9512167332157723f,-0.29242139808918843f,0.09836896050014145f,-0.05266295152831063f,-0.30500970463741583f,0.8433211753135154f,-0.4424686150958361f,0.743416294210187f,0.0464306636535633f,-0.45088703818960607f,-0.8913725776942515f,0.6238157142878973f,0f,0f,0f,1f], start_interpolation: 0, interpolation_duration: 1 }
$data merge entity $(bone_lowerarm_right) { transformation: [-0.7664724882937f,-0.6413432101349037f,-0.0346238574211557f,-0.33625690225983834f,-0.604853709425612f,0.7388955377897461f,-0.2969602236470044f,1.0701466648265903f,0.21603683686570907f,-0.2066694729471636f,-0.9542619211038449f,0.5324290567190734f,0f,0f,0f,1f], start_interpolation: 0, interpolation_duration: 1 }
$data merge entity $(bone_arm_right) { transformation: [-0.9809557892907514f,-0.013230136488606945f,-0.19378003753083445f,-0.34375000000000006f,0.03766490274568065f,0.9657820396694448f,-0.25660554739343683f,1.487413059207452f,0.19054420630949973f,-0.2590174035473673f,-0.9468911712026167f,0.39100284233416743f,0f,0f,0f,1f], start_interpolation: 0, interpolation_duration: 1 }
$data merge entity $(bone_uppertail) { transformation: [-0.9999274934435954f,0.006013823461806568f,-0.010432726536171217f,0.013796318668123881f,-0.0003314894327062917f,0.8522923247929796f,0.5230656586067701f,0.9647988404342283f,0.012037357283237475f,0.5230311912556922f,-0.8522285344925311f,-0.6977116491981101f,0f,0f,0f,1f], start_interpolation: 0, interpolation_duration: 1 }
$data merge entity $(bone_middletail) { transformation: [-0.9999274934435954f,0.00300707853042238f,-0.011660417416206806f,0.018216622539927854f,-0.0003314894327062917f,0.961078056394867f,0.27627678083947066f,0.8600861138949683f,0.012037357283237475f,0.2762606142666319f,-0.9610073751198057f,-0.33340641962907386f,0f,0f,0f,1f], start_interpolation: 0, interpolation_duration: 1 }
$data merge entity $(bone_tail) { transformation: [-0.9999274934435954f,-0.0006384533749991275f,-0.01202498369629907f,0.021874999999999995f,-0.0003314894327062917f,0.9996744636427448f,-0.02551189634947526f,0.8985210242303989f,0.012037357283237475f,-0.025506060414699827f,-0.9996021923304077f,0.03354314134264309f,0f,0f,0f,1f], start_interpolation: 0, interpolation_duration: 1 }
$data merge entity $(bone_hair) { transformation: [-0.6893654271085455f,0.12155372436685118f,1.1102679836474897e-16f,0.1249999999999999f,0.11020092368802914f,0.6249804950169983f,0.42198543660578297f,1.8852781811428876f,0.05129390144800463f,0.29090217073933167f,-0.9066026093568377f,0.82505587974401f,0f,0f,0f,1f], start_interpolation: 0, interpolation_duration: 1 }
$data merge entity $(bone_ear_left) { transformation: [-0.38268343236508995f,-6.718180484938916e-17f,-0.9238795325112866f,0.1426443749999999f,-0.38986370789792196f,1.178583392163889f,0.16148683528838206f,2.038407033370417f,0.8375915949061078f,0.5485810675875179f,-0.34694179833982147f,0.6430942873845367f,0f,0f,0f,1f], start_interpolation: 0, interpolation_duration: 1 }
$data merge entity $(bone_ear_right) { transformation: [-0.3826834323650897f,-6.718180484938916e-17f,0.9238795325112866f,-0.14264437500000007f,0.38986370789792196f,1.178583392163889f,0.16148683528838206f,2.038407033370417f,-0.8375915949061078f,0.5485810675875179f,-0.34694179833982125f,0.6430942873845367f,0f,0f,0f,1f], start_interpolation: 0, interpolation_duration: 1 }
$data merge entity $(bone_head) { transformation: [-1f,-5.167831142260704e-17f,1.1102679836474897e-16f,-5.094396084203624e-17f,0f,0.9066026093568377f,0.42198543660578297f,1.680369232002139f,-1.2246467991473532e-16f,0.42198543660578297f,-0.9066026093568377f,0.41598900905555314f,0f,0f,0f,1f], start_interpolation: 0, interpolation_duration: 1 }
$data merge entity $(bone_body) { transformation: [-1f,-4.678620419530393e-17f,1.1317530173855912e-16f,-6.403984274441296e-18f,0f,0.9241464707812584f,0.38203834957049093f,0.8190843750000001f,-1.2246467991473532e-16f,0.38203834957049093f,-0.9241464707812584f,0.0522925f,0f,0f,0f,1f], start_interpolation: 0, interpolation_duration: 1 }
$data merge entity $(bone_shoe_right) { transformation: [-0.919668062167393f,0.06140958869713305f,0.38786533467857276f,-0.3198063263464152f,0.025914619981315248f,0.9950347875108367f,-0.09609476632204457f,0.2916820744016496f,-0.39184064095049703f,-0.07832390477570231f,-0.9166931209735298f,0.24583862874756826f,0f,0f,0f,1f], start_interpolation: 0, interpolation_duration: 1 }
$data merge entity $(bone_lowerleg_right) { transformation: [-0.9208654796988127f,0.14106399833016492f,0.3634662524556894f,-0.25910686406530825f,0.19402731505451415f,0.974419598884372f,0.11340126243898713f,0.658836297550181f,-0.33817180443054684f,0.17494968901123248f,-0.9246796402014383f,0.3292657978833775f,0f,0f,0f,1f], start_interpolation: 0, interpolation_duration: 1 }
$data merge entity $(bone_leg_right) { transformation: [-0.9208654796988127f,0.36785714368336864f,0.129181616881773f,-0.125f,0.19402731505451415f,0.7197820330040772f,-0.6665337395640629f,0.8672500000000001f,-0.33817180443054684f,-0.5887231495411329f,-0.7341967610133928f,0.11312499999999999f,0f,0f,0f,1f], start_interpolation: 0, interpolation_duration: 1 }
$data merge entity $(bone_shoe_left) { transformation: [-0.9221379928638187f,-0.07718910134298616f,-0.3790822664685729f,0.32050851100141f,-0.038659498140165484f,0.9933738538924936f,-0.10823044676210676f,0.3227910852857363f,0.38492462290770435f,-0.08514827676845207f,-0.9190118637116305f,0.24207108680737782f,0f,0f,0f,1f], start_interpolation: 0, interpolation_duration: 1 }
$data merge entity $(bone_lowerleg_left) { transformation: [-0.9193807402909631f,-0.15223539908117084f,-0.36271674575160906f,0.2579759963588261f,-0.1910923266009761f,0.978812851124033f,0.07354675511990405f,0.6609581090149117f,0.34383539244275974f,0.13692985701094518f,-0.9289927002741707f,0.3155161827552096f,0f,0f,0f,1f], start_interpolation: 0, interpolation_duration: 1 }
$data merge entity $(bone_leg_left) { transformation: [-0.9193807402909631f,-0.3656647331503597f,-0.14501157647621452f,0.12499999999999999f,-0.1910923266009761f,0.737386616363668f,-0.6478770722305016f,0.9f,0.34383539244275974f,-0.5679351027519051f,-0.7478147778467047f,0.1125f,0f,0f,0f,1f], start_interpolation: 0, interpolation_duration: 1 }