# This file was generated by Animated Java via MC-Build. It is not recommended to edit this file directly.
$data merge entity $(bone_hammer) { transformation: [-0.4362763313994696f,-0.021999432899818157f,0.14571737187317552f,-0.2846548243057536f,0.05124835683003772f,0.40426554810658255f,0.21447036482746115f,0.9246029769558062f,-0.13817066778357862f,0.219408195879483f,-0.38055679602139436f,1.2333773592154744f,0f,0f,0f,1f], start_interpolation: 0, interpolation_duration: 1 }
$data merge entity $(bone_hand_left) { transformation: [-0.9390664210514303f,0.3406716519716513f,0.04579391222164504f,0.08803977836823182f,0.07503567040157355f,0.33317704805667525f,-0.9398737696178281f,1.348520068991987f,-0.33544583023350294f,-0.8791677201712684f,-0.338437903887567f,0.7256766572449822f,0f,0f,0f,1f], start_interpolation: 0, interpolation_duration: 1 }
$data merge entity $(bone_lowerarm_left) { transformation: [-0.9390664210514303f,0.32801908983530736f,0.10275083239212318f,0.23308571965478178f,0.07503567040157355f,0.48733499648499023f,-0.8699852006605405f,1.5640135127501935f,-0.33544583023350294f,-0.8092639111591415f,-0.48225306331257756f,0.3678302715292994f,0f,0f,0f,1f], start_interpolation: 0, interpolation_duration: 1 }
$data merge entity $(bone_arm_left) { transformation: [-0.9676928303493902f,0.2234231527474437f,0.11684468711404374f,0.34375f,0.045104003219095856f,0.6093506927657435f,-0.7916169288990227f,1.865832527760726f,-0.24806494106180768f,-0.7607718633350611f,-0.5997415751585854f,-0.008989542028848073f,0f,0f,0f,1f], start_interpolation: 0, interpolation_duration: 1 }
$data merge entity $(bone_bread) { transformation: [-0.000009658323807526841f,-0.000002426224139286343f,9.111628037318626e-7f,-0.4071807967671604f,-0.0000011072771102241973f,6.843287332467211e-7f,-0.000009914919645969227f,1.4412328933148115f,0.0000023432282496875584f,-0.000009677041418264015f,-9.295970950196667e-7f,1.014730163150734f,0f,0f,0f,1f], start_interpolation: 0, interpolation_duration: 1 }
$data merge entity $(bone_hand_right) { transformation: [-0.965832380752684f,-0.2426224139286343f,0.09111628037318625f,-0.5320085086577402f,-0.11072771102241973f,0.0684328733246721f,-0.9914919645969226f,1.5732185979902977f,0.23432282496875584f,-0.9677041418264014f,-0.09295970950196666f,0.8293100223745018f,0f,0f,0f,1f], start_interpolation: 0, interpolation_duration: 1 }
$data merge entity $(bone_lowerarm_right) { transformation: [-0.9958565989227239f,-0.02394535463610469f,0.0877282985895445f,-0.5425968451608927f,-0.09087648291529979f,0.29739218305894316f,-0.9504206196776149f,1.7047217039366742f,-0.003331551441944511f,-0.9544550850861383f,-0.29833603757877203f,0.40726191443797505f,0f,0f,0f,1f], start_interpolation: 0, interpolation_duration: 1 }
$data merge entity $(bone_arm_right) { transformation: [-0.9103725082082935f,0.406619554531031f,-0.07669702844000292f,-0.34375f,0.2272116924621391f,0.3363132787478096f,-0.9139300987200217f,1.865832527760726f,-0.34582762050916493f,-0.8494432979374694f,-0.39855908029059495f,-0.008989542028848156f,0f,0f,0f,1f], start_interpolation: 0, interpolation_duration: 1 }
$data merge entity $(bone_uppertail) { transformation: [-0.9838848216584215f,-0.025558947517900422f,0.1769672227050924f,0.04530695268124911f,-0.16267343964955802f,0.5387612769988562f,-0.8266036767636249f,0.46133664693384974f,-0.07421596689903151f,-0.8420706779174411f,-0.5342368048430423f,-0.3507329196872834f,0f,0f,0f,1f], start_interpolation: 0, interpolation_duration: 1 }
$data merge entity $(bone_middletail) { transformation: [-0.9962065308840413f,-0.01882963156968389f,0.08495877117127996f,0.01310031068306467f,-0.08398285475296427f,0.46373552519960887f,-0.8819842644715298f,0.7956893292658486f,-0.02279096161916934f,-0.8857735645427632f,-0.4635577250199597f,-0.17502403970237373f,0f,0f,0f,1f], start_interpolation: 0, interpolation_duration: 1 }
$data merge entity $(bone_tail) { transformation: [-0.9995023294039604f,-0.016058269462257278f,-0.027151896764948696f,0.021875f,0.01418812803768347f,0.5399110451909286f,-0.8416024954238345f,1.1209551374611184f,0.028174288612903723f,-0.8415688891960755f,-0.5394145105560658f,-0.0010477045244596667f,0f,0f,0f,1f], start_interpolation: 0, interpolation_duration: 1 }
$data merge entity $(bone_hair) { transformation: [-0.6893654271085455f,0.12155372436685123f,1.2157980117999476e-16f,0.12499999999999997f,0.12067542781722049f,0.6843843598543918f,-0.119995655600143f,2.38097382562882f,-0.014585918846039474f,-0.0827208563739625f,-0.9927744167921995f,0.2160845926707543f,0f,0f,0f,1f], start_interpolation: 0, interpolation_duration: 1 }
$data merge entity $(bone_ear_left) { transformation: [-0.38268343236508995f,1.9103798420499427e-17f,-0.9238795325112866f,0.142644375f,0.11086153019924547f,1.2906067418298592f,-0.045920349353961935f,2.4150182093076804f,0.9172039640751425f,-0.1559943522801859f,-0.37991832138228926f,-0.019286277273769907f,0f,0f,0f,1f], start_interpolation: 0, interpolation_duration: 1 }
$data merge entity $(bone_ear_right) { transformation: [-0.3826834323650897f,1.9103798420499427e-17f,0.9238795325112866f,-0.142644375f,-0.11086153019924547f,1.2906067418298592f,-0.045920349353961935f,2.4150182093076804f,-0.9172039640751425f,-0.1559943522801859f,-0.37991832138228904f,-0.01928627727376995f,0f,0f,0f,1f], start_interpolation: 0, interpolation_duration: 1 }
$data merge entity $(bone_head) { transformation: [-1f,1.4695229554230328e-17f,1.2157980117999476e-16f,2.847011442174221e-18f,0f,0.9927744167921995f,-0.119995655600143f,1.991046296941379f,-1.2246467991473532e-16f,-0.119995655600143f,-0.9927744167921995f,-0.023247612651716563f,0f,0f,0f,1f], start_interpolation: 0, interpolation_duration: 1 }
$data merge entity $(bone_body) { transformation: [-1f,1.0817021854116369e-17f,1.219860232355582e-16f,-6.403984274441296e-18f,0f,0.9960914716021764f,-0.0883276864941598f,1.0591769675925926f,-1.2246467991473532e-16f,-0.0883276864941598f,-0.9960914716021764f,0.0522925f,0f,0f,0f,1f], start_interpolation: 0, interpolation_duration: 1 }
$data merge entity $(bone_shoe_right) { transformation: [-0.9069040824724669f,-0.05221701409779436f,0.41808894823169346f,-0.11083959751213661f,0.022665635416815415f,0.984807753012208f,0.17216259343480453f,0.2862792062775834f,-0.4207270542357895f,0.16561121050749114f,-0.8919426398532131f,-0.0020885754498770615f,0f,0f,0f,1f], start_interpolation: 0, interpolation_duration: 1 }
$data merge entity $(bone_lowerleg_right) { transformation: [-0.9537169507482269f,-0.05221701409779436f,0.2961374027275428f,-0.1291786312073192f,0f,0.984807753012208f,0.17364817766693033f,0.7051764629629631f,-0.3007057995042732f,0.16561121050749114f,-0.939227847276016f,0.06850824154013538f,0f,0f,0f,1f], start_interpolation: 0, interpolation_duration: 1 }
$data merge entity $(bone_leg_right) { transformation: [-0.9537169507482269f,0f,0.3007057995042732f,-0.125f,0f,1f,0f,1.070384837962963f,-0.3007057995042732f,0f,-0.9537169507482269f,0.06195746527777776f,0f,0f,0f,1f], start_interpolation: 0, interpolation_duration: 1 }
$data merge entity $(bone_shoe_left) { transformation: [-0.9575767539195386f,-0.018032114453427468f,-0.28761363528396516f,0.18168620783988138f,0.04378785730654186f,0.9773473913080427f,-0.20706206860713436f,0.3233587704689112f,0.2848322030694934f,-0.21087180833791463f,-0.9350955547658627f,0.36252013310448694f,0f,0f,0f,1f], start_interpolation: 0, interpolation_duration: 1 }
$data merge entity $(bone_lowerleg_left) { transformation: [-0.984807753012208f,-0.05573977779584661f,-0.16445901245695055f,0.155232168837444f,0f,0.9470817066240386f,-0.3209925871077066f,0.7355955167501599f,0.17364817766693022f,-0.31611598844311606f,-0.9326934074193866f,0.2201401897024312f,0f,0f,0f,1f], start_interpolation: 0, interpolation_duration: 1 }
$data merge entity $(bone_leg_left) { transformation: [-0.984807753012208f,-0.07435804582753566f,-0.15692218016506101f,0.12499999999999999f,0f,0.9036788192851014f,-0.4282109194958544f,1.0608703703703704f,0.17364817766693022f,-0.42170543344400385f,-0.8899499074648859f,0.06250000000000001f,0f,0f,0f,1f], start_interpolation: 0, interpolation_duration: 1 }