# This file was generated by Animated Java via MC-Build. It is not recommended to edit this file directly.
$data merge entity $(bone_hammer) { transformation: [-1.0212671950596823f,0.16191531781082688f,0.12596106778521765f,-0.27693775455848735f,0.14117759996355964f,0.09069020334531247f,1.028063041223718f,0.6441720881314907f,0.1488342904303387f,1.0250015421060834f,-0.11085863573349973f,0.2556912055526783f,0f,0f,0f,1f], start_interpolation: 0, interpolation_duration: 1 }
$data merge entity $(bone_hand_left) { transformation: [-0.8361687138104666f,0.5098835223613399f,0.20209076096878545f,0.02516602764733833f,0.49588808022209707f,0.8602428630618731f,-0.11864749658022597f,0.7388620190995767f,-0.23434353828982118f,0.001005074875114531f,-0.9721533294117253f,0.6384209907831172f,0f,0f,0f,1f], start_interpolation: 0, interpolation_duration: 1 }
$data merge entity $(bone_lowerarm_left) { transformation: [-0.8361687138104666f,0.5470544220327681f,0.03941245207981724f,0.26706665488995296f,0.49588808022209707f,0.7847502099439568f,-0.37183614655726926f,1.0858687525591701f,-0.23434353828982118f,-0.2913735872163259f,-0.9274613408301702f,0.5095792326858981f,0f,0f,0f,1f], start_interpolation: 0, interpolation_duration: 1 }
$data merge entity $(bone_arm_left) { transformation: [-0.9957338338260163f,0.09172662735151438f,-0.010017884450313092f,0.31249999999999994f,0.08830853279768346f,0.9158509624969862f,-0.3916868871030336f,1.5395011824209586f,-0.026753228015771804f,-0.3909005504320254f,-0.9200440339802631f,0.31596130380003556f,0f,0f,0f,1f], start_interpolation: 0, interpolation_duration: 1 }
$data merge entity $(bone_bread) { transformation: [-0.000009559616682026295f,-0.000002933900826062926f,-7.716758096415394e-8f,0.051516386974587866f,-0.000002644817416852144f,0.0000087257084705637f,-0.0000041069395561961325f,0.500455048692835f,0.0000012722695171386169f,-0.000003905667373133586f,-0.0000091174060261787f,0.4602566379537601f,0f,0f,0f,1f], start_interpolation: 0, interpolation_duration: 1 }
$data merge entity $(bone_hand_right) { transformation: [-0.9559616682026294f,-0.29339008260629257f,-0.007716758096415394f,-0.07144570309615106f,-0.2644817416852144f,0.8725708470563699f,-0.4106939556196132f,0.7261365570835416f,0.12722695171386167f,-0.39056673731335856f,-0.9117406026178699f,0.496739423975813f,0f,0f,0f,1f], start_interpolation: 0, interpolation_duration: 1 }
$data merge entity $(bone_lowerarm_right) { transformation: [-0.8105046793131616f,-0.5716379007856264f,-0.12771951768179893f,-0.3242168373497952f,-0.5315089070070036f,0.8094034237447271f,-0.2497286115016345f,1.084044633520663f,0.2461309541355768f,-0.1345221469339387f,-0.9598558982475413f,0.437255412128462f,0f,0f,0f,1f], start_interpolation: 0, interpolation_duration: 1 }
$data merge entity $(bone_arm_right) { transformation: [-0.9639065179096373f,-0.03595523797331252f,-0.26380190597037084f,-0.34375000000000006f,0.015694450077318275f,0.9814425563208337f,-0.19111303691584686f,1.5101356029662139f,0.2657779316799807f,-0.18835532778424324f,-0.9454545793041575f,0.32664932810762237f,0f,0f,0f,1f], start_interpolation: 0, interpolation_duration: 1 }
$data merge entity $(bone_uppertail) { transformation: [-0.9998867096174175f,0.0047712168589289575f,-0.01427597352684797f,0.011535006902129552f,0.0008879901223131769f,0.9654785960831003f,0.2604808860145948f,0.7795023240051765f,0.015025957673202271f,0.2604386991118845f,-0.965373453437017f,-0.7051632978536866f,0f,0f,0f,1f], start_interpolation: 0, interpolation_duration: 1 }
$data merge entity $(bone_middletail) { transformation: [-0.9998867096174175f,0.0012412861527262972f,-0.015000904610764044f,0.01722159262302796f,0.0008879901223131769f,0.9997226097060515f,0.023535401336376216f,0.7705998642728943f,0.015025957673202271f,0.023519414346634432f,-0.9996104529989642f,-0.3262292621291199f,0f,0f,0f,1f], start_interpolation: 0, interpolation_duration: 1 }
$data merge entity $(bone_tail) { transformation: [-0.9998867096174175f,-0.0023597899372895543f,-0.014866045940533716f,0.021874999999999995f,0.0008879901223131769f,0.9766666618188826f,-0.21475903511867184f,0.8779774837591536f,0.015025957673202271f,-0.2147479058873733f,-0.9765539194089546f,0.026745239766862314f,0f,0f,0f,1f], start_interpolation: 0, interpolation_duration: 1 }
$data merge entity $(bone_hair) { transformation: [-0.6893654271085455f,0.12155372436685119f,1.1507915602278503e-16f,0.12499999999999992f,0.11422313781657435f,0.6477916048788263f,0.34202014332566866f,1.929473919076418f,0.04157382222971919f,0.23577686218342556f,-0.9396926207859084f,0.7299787346209785f,0f,0f,0f,1f], start_interpolation: 0, interpolation_duration: 1 }
$data merge entity $(bone_ear_left) { transformation: [-0.38268343236508995f,-5.445100358980089e-17f,-0.9238795325112866f,0.1426443749999999f,-0.315985410125162f,1.221600407021681f,0.13088544238586686f,2.066296905799063f,0.8681627791959908f,0.44462618632336925f,-0.3596047974904983f,0.5354589752575389f,0f,0f,0f,1f], start_interpolation: 0, interpolation_duration: 1 }
$data merge entity $(bone_ear_right) { transformation: [-0.3826834323650897f,-5.445100358980089e-17f,0.9238795325112866f,-0.14264437500000007f,0.315985410125162f,1.221600407021681f,0.13088544238586686f,2.066296905799063f,-0.8681627791959908f,0.44462618632336925f,-0.35960479749049806f,0.5354589752575388f,0f,0f,0f,1f], start_interpolation: 0, interpolation_duration: 1 }
$data merge entity $(bone_head) { transformation: [-1f,-4.188538737676991e-17f,1.1507915602278503e-16f,-4.165760686201696e-17f,0f,0.9396926207859084f,0.34202014332566866f,1.6899642697079256f,-1.2246467991473532e-16f,0.34202014332566866f,-0.9396926207859084f,0.3401601742724565f,0f,0f,0f,1f], start_interpolation: 0, interpolation_duration: 1 }
$data merge entity $(bone_body) { transformation: [-1f,-3.6825839484795376e-17f,1.16796641102639e-16f,-6.403984274441296e-18f,0f,0.9537169507482269f,0.30070579950427306f,0.800459375f,-1.2246467991473532e-16f,0.30070579950427306f,-0.9537169507482269f,0.0522925f,0f,0f,0f,1f], start_interpolation: 0, interpolation_duration: 1 }
$data merge entity $(bone_shoe_right) { transformation: [-0.9222128140238687f,-0.005973054196454219f,0.3866365842412528f,-0.28120361976499875f,-0.00735839016683152f,0.9999707151740445f,-0.0021030664426991696f,0.25327058949421555f,-0.3866126999263344f,-0.004784497661818904f,-0.9222297592453813f,0.195990393229412f,0f,0f,0f,1f], start_interpolation: 0, interpolation_duration: 1 }
$data merge entity $(bone_lowerleg_right) { transformation: [-0.9349338238199614f,0.07959894403472781f,0.3457784741506354f,-0.24351727671625178f,0.1612346874012644f,0.9633954065098649f,0.2141790519502516f,0.6125014210413726f,-0.31607296729711315f,0.2559947242117468f,-0.9135450621177641f,0.31009967415106376f,0f,0f,0f,1f], start_interpolation: 0, interpolation_duration: 1 }
$data merge entity $(bone_leg_right) { transformation: [-0.9349338238199614f,0.3160468936429088f,0.161285790124404f,-0.125f,0.1612346874012644f,0.7833293031124491f,-0.6003320568351996f,0.84375f,-0.31607296729711315f,-0.5352658815056613f,-0.7833187827698027f,0.10937499999999999f,0f,0f,0f,1f], start_interpolation: 0, interpolation_duration: 1 }
$data merge entity $(bone_shoe_left) { transformation: [-0.9222128140238688f,0.005973054196454178f,-0.3866365842412526f,0.2795601711448078f,0.00735839016683152f,0.9999707151740445f,-0.0021030664426991696f,0.25255179099782393f,0.3866126999263342f,-0.004784497661818876f,-0.9222297592453813f,0.20515850300229405f,0f,0f,0f,1f], start_interpolation: 0, interpolation_duration: 1 }
$data merge entity $(bone_lowerleg_left) { transformation: [-0.9349338238199614f,-0.07959894403472788f,-0.34577847415063523f,0.24187364480059298f,-0.1612346874012644f,0.9633954065098649f,0.2141790519502516f,0.5805330532616448f,0.31607296729711293f,0.2559947242117468f,-0.9135450621177641f,0.31926798671270384f,0f,0f,0f,1f], start_interpolation: 0, interpolation_duration: 1 }
$data merge entity $(bone_leg_left) { transformation: [-0.9349338238199614f,-0.31604689364290867f,-0.16128579012440383f,0.12499999999999999f,-0.1612346874012644f,0.7833293031124491f,-0.6003320568351996f,0.84375f,0.31607296729711293f,-0.5352658815056613f,-0.7833187827698027f,0.12500000000000003f,0f,0f,0f,1f], start_interpolation: 0, interpolation_duration: 1 }