# This file was generated by Animated Java via MC-Build. It is not recommended to edit this file directly.
$data merge entity $(bone_hammer) { transformation: [-0.8257577029909549f,0.10063781294726426f,0.049403350096316405f,-0.24540433982619578f,0.06363174684301874f,0.1183841533516933f,0.8224236362564945f,0.6196309634809152f,0.0923020107541203f,0.8187195290725878f,-0.12499246365422227f,0.11499111565911152f,0f,0f,0f,1f], start_interpolation: 0, interpolation_duration: 1 }
$data merge entity $(bone_hand_left) { transformation: [-0.8595908951723605f,0.45239924340294757f,0.23756771141133753f,0.03862512953796762f,0.42791390087085f,0.8914188320677566f,-0.14920509132214455f,0.75159775315984f,-0.2792726022693102f,-0.026596811902890316f,-0.9598434368261992f,0.5005128319176044f,0f,0f,0f,1f], start_interpolation: 0, interpolation_duration: 1 }
$data merge entity $(bone_lowerarm_left) { transformation: [-0.8595908951723605f,0.4906805788706194f,0.14260456674305277f,0.2555979480073196f,0.42791390087085f,0.843776624846016f,-0.3239300862917157f,1.1247052294589377f,-0.2792726022693102f,-0.21742487641173874f,-0.9352717448629931f,0.40437026937928866f,0f,0f,0f,1f], start_interpolation: 0, interpolation_duration: 1 }
$data merge entity $(bone_arm_left) { transformation: [-0.9853741903947769f,0.1274994109631401f,0.11305576105573002f,0.31875f,0.08393869658000364f,0.940550819880448f,-0.3291176847856515f,1.590571807430972f,-0.14829699970089785f,-0.31481431896638645f,-0.937496637035804f,0.24843880201625038f,0f,0f,0f,1f], start_interpolation: 0, interpolation_duration: 1 }
$data merge entity $(bone_bread) { transformation: [-0.00000952033451052063f,-0.0000027709653243705064f,-0.0000012980685570978714f,-0.007107613654751377f,-0.0000021137247263482333f,0.000009022700616336557f,-0.000003758063513191873f,0.5192750066870195f,0.0000022125547652010745f,-0.000003303426215173604f,-0.000009175618597778017f,0.31152304289795907f,0f,0f,0f,1f], start_interpolation: 0, interpolation_duration: 1 }
$data merge entity $(bone_hand_right) { transformation: [-0.952033451052063f,-0.2770965324370506f,-0.12980685570978712f,-0.11099871385238674f,-0.2113724726348233f,0.9022700616336556f,-0.37580635131918727f,0.7504115970446036f,0.22125547652010744f,-0.3303426215173604f,-0.9175618597778016f,0.3677842941957684f,0f,0f,0f,1f], start_interpolation: 0, interpolation_duration: 1 }
$data merge entity $(bone_lowerarm_right) { transformation: [-0.8476250818085487f,-0.47696979575425197f,-0.23244684258384396f,-0.32190879541247003f,-0.4384392164743428f,0.8763513023823865f,-0.1994478585246272f,1.137923188566815f,0.2988356975771395f,-0.0671431958640815f,-0.9519396079073198f,0.3380944122746199f,0f,0f,0f,1f], start_interpolation: 0, interpolation_duration: 1 }
$data merge entity $(bone_arm_right) { transformation: [-0.9390630059117137f,-0.03596217178047453f,-0.34185873270824674f,-0.34375f,0.007463423408037448f,0.9921448891343774f,-0.12487119874321131f,1.5706263991903855f,0.34366403396207934f,-0.11981335971153573f,-0.9314181609758019f,0.2577224158653382f,0f,0f,0f,1f], start_interpolation: 0, interpolation_duration: 1 }
$data merge entity $(bone_uppertail) { transformation: [-0.9998368638058294f,0.002201197101693434f,-0.017927646422297883f,0.009518574643463978f,0.0026203418289256343f,0.9997229833030397f,-0.023389965035662846f,0.6409539100694879f,0.0178711942416565f,-0.02343312584759974f,-0.999565660189158f,-0.6748139966239027f,0f,0f,0f,1f], start_interpolation: 0, interpolation_duration: 1 }
$data merge entity $(bone_middletail) { transformation: [-0.9998368638058294f,-0.0015742716162792693f,-0.0179935389460109f,0.01633955737752891f,0.0026203418289256343f,0.9730135903375777f,-0.23073293398879088f,0.7284392912404389f,0.0178711942416565f,-0.23074244231882085f,-0.9728507314738076f,-0.30602899590821725f,0f,0f,0f,1f], start_interpolation: 0, interpolation_duration: 1 }
$data merge entity $(bone_tail) { transformation: [-0.9998368638058294f,-0.00467490014081262f,-0.017446807260838984f,0.021874999999999995f,0.0026203418289256343f,0.9181649740357933f,-0.39618961907469297f,0.9008533793978263f,0.0178711942416565f,-0.3961707028069141f,-0.9180029382599234f,0.020138671764865827f,0f,0f,0f,1f], start_interpolation: 0, interpolation_duration: 1 }
$data merge entity $(bone_hair) { transformation: [-0.6893654271085455f,0.12155372436685119f,1.1826964019658132e-16f,0.12499999999999993f,0.11738988952105311f,0.6657511462476801f,0.2594933254150657f,2.009214018886673f,0.03154238015254044f,0.17888572710657358f,-0.9657449011333328f,0.6298261282550927f,0f,0f,0f,1f], start_interpolation: 0, interpolation_duration: 1 }
$data merge entity $(bone_ear_left) { transformation: [-0.38268343236508995f,-4.1312397148056165e-17f,-0.9238795325112866f,0.14264437499999996f,-0.23974057217427008f,1.2554683714733326f,0.09930379644566854f,2.1287064184400926f,0.8922319477842222f,0.3373413230395854f,-0.36957457355478823f,0.42420503758713224f,0f,0f,0f,1f], start_interpolation: 0, interpolation_duration: 1 }
$data merge entity $(bone_ear_right) { transformation: [-0.3826834323650897f,-4.1312397148056165e-17f,0.9238795325112866f,-0.14264437500000002f,0.23974057217427008f,1.2554683714733326f,0.09930379644566854f,2.1287064184400926f,-0.8922319477842222f,0.3373413230395854f,-0.369574573554788f,0.4242050375871322f,0f,0f,0f,1f], start_interpolation: 0, interpolation_duration: 1 }
$data merge entity $(bone_head) { transformation: [-1f,-3.177876703696628e-17f,1.1826964019658132e-16f,-3.2107224507253566e-17f,0f,0.9657449011333328f,0.2594933254150657f,1.736897452136476f,-1.2246467991473532e-16f,0.2594933254150657f,-0.9657449011333328f,0.26217538419736913f,0f,0f,0f,1f], start_interpolation: 0, interpolation_duration: 1 }
$data merge entity $(bone_body) { transformation: [-1f,-2.6589671443051728e-17f,1.1954324405489895e-16f,-6.403984274441296e-18f,0f,0.9761446658590022f,0.21712114432965074f,0.8258343749999998f,-1.2246467991473532e-16f,0.21712114432965074f,-0.9761446658590022f,0.0522925f,0f,0f,0f,1f], start_interpolation: 0, interpolation_duration: 1 }
$data merge entity $(bone_shoe_right) { transformation: [-0.9197291327550197f,-0.024677558946543596f,0.39177715661602763f,-0.24857509697671976f,-0.01875236083010534f,0.9996446800010318f,0.018943672002336848f,0.2538524505122574f,-0.3921054339396447f,0.010076300416048456f,-0.9198650970902901f,0.15244463062482466f,0f,0f,0f,1f], start_interpolation: 0, interpolation_duration: 1 }
$data merge entity $(bone_lowerleg_right) { transformation: [-0.9438950086078736f,0.03709225438254013f,0.32815602598453575f,-0.22665094132557512f,0.12713712488273243f,0.9578997119749302f,0.25741851773891167f,0.5972638771028211f,-0.3047923296306763f,0.2846968676736133f,-0.9088725594576714f,0.2768838361241974f,0f,0f,0f,1f], start_interpolation: 0, interpolation_duration: 1 }
$data merge entity $(bone_leg_right) { transformation: [-0.9438950086078736f,0.2604106058312827f,0.2030973389676159f,-0.125f,0.12713712488273243f,0.8541258105131946f,-0.5042868740030132f,0.8609999999999999f,-0.3047923296306763f,-0.4501726515302354f,-0.8393129449809187f,0.10225000000000002f,0f,0f,0f,1f], start_interpolation: 0, interpolation_duration: 1 }
$data merge entity $(bone_shoe_left) { transformation: [-0.9246200469331068f,-0.017128650637118298f,-0.38050542458258163f,0.24358122209093877f,-0.01610635420761108f,0.9998530486666093f,-0.00587081137714629f,0.25133774248644736f,0.38055006788011236f,0.0007002852551720729f,-0.9247600528985901f,0.16658473123338258f,0f,0f,0f,1f], start_interpolation: 0, interpolation_duration: 1 }
$data merge entity $(bone_lowerleg_left) { transformation: [-0.9486960349050172f,-0.040677088884762236f,-0.31356212748889095f,0.22012143170816895f,-0.13042403400411506f,0.9537368148731117f,0.2708794183945788f,0.5880874730978636f,0.28803715855700246f,0.2978782677463278f,-0.9101116046369562f,0.2760551494192476f,0f,0f,0f,1f], start_interpolation: 0, interpolation_duration: 1 }
$data merge entity $(bone_leg_left) { transformation: [-0.9486960349050172f,-0.2524918413498225f,-0.19032525688219734f,0.12499999999999999f,-0.13042403400411506f,0.8608306297824484f,-0.4918944990365787f,0.8874999999999998f,0.28803715855700246f,-0.4418353730521465f,-0.8495976097013684f,0.11250000000000006f,0f,0f,0f,1f], start_interpolation: 0, interpolation_duration: 1 }