# This file was generated by Animated Java via MC-Build. It is not recommended to edit this file directly.
$data merge entity $(bone_hammer) { transformation: [-0.6235896393733659f,0.03980864155871209f,-0.013275305022677642f,-0.16691619169285007f,-0.004740924692538588f,0.12962090382683458f,0.6113926274695941f,0.6107930695582542f,0.041695147190708305f,0.610113672481091f,-0.12902643664141353f,-0.024496865558614467f,0f,0f,0f,1f], start_interpolation: 0, interpolation_duration: 1 }
$data merge entity $(bone_hand_left) { transformation: [-0.880585782905491f,0.37284157003878643f,0.29250272237320485f,0.08684498749786859f,0.33194339237501963f,0.925814975513563f,-0.180776700305611f,0.7893916175288411f,-0.3382044695199743f,-0.06209504622619762f,-0.939021800615342f,0.3633469036976128f,0f,0f,0f,1f], start_interpolation: 0, interpolation_duration: 1 }
$data merge entity $(bone_lowerarm_left) { transformation: [-0.880585782905491f,0.39916022494993214f,0.2554208170111492f,0.2633486494679167f,0.33194339237501963f,0.904226028138689f,-0.26867987326015796f,1.1892290643464176f,-0.3382044695199743f,-0.15181042406386427f,-0.9287471840830864f,0.29621823180687284f,0f,0f,0f,1f], start_interpolation: 0, interpolation_duration: 1 }
$data merge entity $(bone_arm_left) { transformation: [-0.9620449046003581f,0.12446960359789692f,0.24285164053938424f,0.325f,0.06035855885404403f,0.964935238649868f,-0.2554541633733637f,1.6671735497401805f,-0.2661323841728977f,-0.23110020119399438f,-0.9358238355067392f,0.1817514134029725f,0f,0f,0f,1f], start_interpolation: 0, interpolation_duration: 1 }
$data merge entity $(bone_bread) { transformation: [-0.00000935664163560126f,-0.0000024100397410057842f,-0.0000025777831075763004f,-0.0926802269768811f,-0.00000146630293282907f,0.000009299432743409212f,-0.0000033720181434840348f,0.5689124276945344f,0.0000032098618369191265f,-0.0000027770954426489228f,-0.000009054530793492769f,0.17717707879260214f,0f,0f,0f,1f], start_interpolation: 0, interpolation_duration: 1 }
$data merge entity $(bone_hand_right) { transformation: [-0.9356641635601259f,-0.24100397410057842f,-0.25777831075763f,-0.17165656768918675f,-0.146630293282907f,0.9299432743409212f,-0.33720181434840346f,0.8053233524199797f,0.3209861836919126f,-0.27770954426489225f,-0.9054530793492768f,0.2496713873840611f,0f,0f,0f,1f], start_interpolation: 0, interpolation_duration: 1 }
$data merge entity $(bone_lowerarm_right) { transformation: [-0.8706910023616129f,-0.3570229670130675f,-0.3382776661733904f,-0.3295276609152775f,-0.32600379070051383f,0.9339344040262798f,-0.14658805348654214f,1.2182974717003503f,0.3682644523374817f,-0.017353097742586907f,-0.9295591229950416f,0.24199806447601097f,0f,0f,0f,1f], start_interpolation: 0, interpolation_duration: 1 }
$data merge entity $(bone_arm_right) { transformation: [-0.9083572392496324f,-0.01346647174496376f,-0.417978205223105f,-0.34375f,0.012784523863912413f,0.9981200435853164f,-0.05994109227249077f,1.6554445777647442f,0.4179996194404476f,-0.05979157743351729f,-0.9064774048014945f,0.1884359767732471f,0f,0f,0f,1f], start_interpolation: 0, interpolation_duration: 1 }
$data merge entity $(bone_uppertail) { transformation: [-0.9997779566610505f,-0.0016461537980251698f,-0.02100779741733706f,0.007877845054034667f,0.004761991615261391f,0.953503980973932f,-0.3013427976619314f,0.5488580199933747f,0.020527075059803484f,-0.3013759254561267f,-0.9532844227957115f,-0.6096624715440312f,0f,0f,0f,1f], start_interpolation: 0, interpolation_duration: 1 }
$data merge entity $(bone_middletail) { transformation: [-0.9997779566610505f,-0.00535808428687895f,-0.020379605183352478f,0.015603267448563347f,0.004761991615261391f,0.8846647168271331f,-0.466203455839856f,0.7256041491663556f,0.020527075059803484f,-0.46619698597689707f,-0.8844427677671102f,-0.2743958341520186f,0f,0f,0f,1f], start_interpolation: 0, interpolation_duration: 1 }
$data merge entity $(bone_tail) { transformation: [-0.9997779566610505f,-0.007544901573129918f,-0.01967515781147404f,0.021875f,0.004761991615261391f,0.8286524556811943f,-0.5597431831915263f,0.9555781466273494f,0.020527075059803484f,-0.5597125888827034f,-0.828432530165077f,0.014074670784071583f,0f,0f,0f,1f], start_interpolation: 0, interpolation_duration: 1 }
$data merge entity $(bone_hair) { transformation: [-0.6893654271085455f,0.1215537243668512f,1.2048351542326e-16f,0.12499999999999993f,0.11958729680022673f,0.6782132622003529f,0.17914564488358214f,2.11034901276575f,0.02177582033970067f,0.12349681399980644f,-0.9838225642458327f,0.5304915067679654f,0f,0f,0f,1f], start_interpolation: 0, interpolation_duration: 1 }
$data merge entity $(bone_ear_left) { transformation: [-0.38268343236508995f,-2.852071827642275e-17f,-0.9238795325112866f,0.14264437499999996f,-0.16550899464647684f,1.2789693335195826f,0.06855607027730672f,2.2125163621994663f,0.9089335307294951f,0.2328893383486568f,-0.3764925957238195f,0.31573513506224754f,0f,0f,0f,1f], start_interpolation: 0, interpolation_duration: 1 }
$data merge entity $(bone_ear_right) { transformation: [-0.3826834323650897f,-2.852071827642275e-17f,0.9238795325112866f,-0.14264437500000002f,0.16550899464647684f,1.2789693335195826f,0.06855607027730672f,2.2125163621994663f,-0.9089335307294951f,0.2328893383486568f,-0.37649259572381927f,0.3157351350622475f,0f,0f,0f,1f], start_interpolation: 0, interpolation_duration: 1 }
$data merge entity $(bone_head) { transformation: [-1f,-2.193901405878673e-17f,1.2048351542326e-16f,-2.2839113741518914e-17f,0f,0.9838225642458327f,0.17914564488358214f,1.808703292000035f,-1.2246467991473532e-16f,0.17914564488358214f,-0.9838225642458327f,0.1864955165637994f,0f,0f,0f,1f], start_interpolation: 0, interpolation_duration: 1 }
$data merge entity $(bone_body) { transformation: [-1f,-1.6662715848305642e-17f,1.2132580816618202e-16f,-6.403984274441296e-18f,0f,0.990700406440892f,0.13606140039648063f,0.8834593750000002f,-1.2246467991473532e-16f,0.13606140039648063f,-0.990700406440892f,0.0522925f,0f,0f,0f,1f], start_interpolation: 0, interpolation_duration: 1 }
$data merge entity $(bone_shoe_right) { transformation: [-0.9202272955428745f,-0.01907354239979632f,0.39091933249478794f,-0.21731475201058065f,-0.018742367670768114f,0.9998134739642874f,0.004662717400471972f,0.25600081595442015f,-0.3909353503994505f,-0.0030359940359116766f,-0.9204131325379233f,0.12163329482453501f,0f,0f,0f,1f], start_interpolation: 0, interpolation_duration: 1 }
$data merge entity $(bone_lowerleg_right) { transformation: [-0.9496342404199567f,0.016835366868354962f,0.3129079414850634f,-0.20371503859107612f,0.08978653870138127f,0.9713066610075395f,0.22023112348260393f,0.6036151023916787f,-0.30022189608693994f,0.2372339366633544f,-0.9238976525596168f,0.2263415305295962f,0f,0f,0f,1f], start_interpolation: 0, interpolation_duration: 1 }
$data merge entity $(bone_leg_right) { transformation: [-0.9496342404199567f,0.19240515583115728f,0.24733593639340015f,-0.125f,0.08978653870138127f,0.9232765867105476f,-0.37349527694489804f,0.9080000000000001f,-0.30022189608693994f,-0.33247646599678127f,-0.8940504530887806f,0.09174999999999996f,0f,0f,0f,1f], start_interpolation: 0, interpolation_duration: 1 }
$data merge entity $(bone_shoe_left) { transformation: [-0.9352180642571284f,0.007172203896664543f,-0.35399962115574957f,0.21737636542995703f,0.00793011460468937f,0.9999683177967837f,-0.000690423802414436f,0.2508957929139202f,0.3539834538075276f,-0.003452954377792694f,-0.9352453108872338f,0.12385089916095737f,0f,0f,0f,1f], start_interpolation: 0, interpolation_duration: 1 }
$data merge entity $(bone_lowerleg_left) { transformation: [-0.9606103301512102f,-0.03581265222438823f,-0.2755816531401135f,0.19639167467472116f,-0.0987754026446959f,0.9709071463506189f,0.2181346671156969f,0.6016522438507124f,0.2597522154653566f,0.23676310334583966f,-0.9362008435452758f,0.22790390563320728f,0f,0f,0f,1f], start_interpolation: 0, interpolation_duration: 1 }
$data merge entity $(bone_leg_left) { transformation: [-0.9606103301512102f,-0.18668571950300447f,-0.20585489000854068f,0.12499999999999999f,-0.0987754026446959f,0.9217520494733277f,-0.3749887719973736f,0.9312500000000001f,0.2597522154653566f,-0.3398846884244207f,-0.903884497674052f,0.09999999999999999f,0f,0f,0f,1f], start_interpolation: 0, interpolation_duration: 1 }