# This file was generated by Animated Java via MC-Build. It is not recommended to edit this file directly.
$data merge entity $(bone_hammer) { transformation: [-0.41399049176495706f,-0.007915608884272637f,-0.046479317715643294f,-0.039030317009876636f,-0.04685913409828966f,0.11451701174570524f,0.39787081657681794f,0.6099473422335129f,0.005215878725487435f,0.4005425174284706f,-0.1146716942069654f,-0.15344540418178665f,0f,0f,0f,1f], start_interpolation: 0, interpolation_duration: 1 }
$data merge entity $(bone_hand_left) { transformation: [-0.8881037618209358f,0.2761841346567635f,0.3674153399130165f,0.17001090118386392f,0.2113777257648351f,0.9552129419542955f,-0.2070934392333699f,0.8395693214873281f,-0.4081558100652113f,-0.10625704346966389f,-0.9067073813657286f,0.23422776034212145f,0f,0f,0f,1f], start_interpolation: 0, interpolation_duration: 1 }
$data merge entity $(bone_lowerarm_left) { transformation: [-0.8881037618209358f,0.2729673554047933f,0.369811480517866f,0.2907136536519209f,0.2113777257648351f,0.9569837786213522f,-0.19874985410330354f,1.2627355860964573f,-0.4081558100652113f,-0.09834058337691287f,-0.9076001125887432f,0.1907427836301428f,0f,0f,0f,1f], start_interpolation: 0, interpolation_duration: 1 }
$data merge entity $(bone_arm_left) { transformation: [-0.9260608825723556f,0.08183994215385043f,0.36839308576242885f,0.33125f,0.022262339088952036f,0.9863486782448254f,-0.16315842970246494f,1.7512864157895975f,-0.3767169096650671f,-0.14289334761611575f,-0.9152408760427286f,0.11996592238903547f,0f,0f,0f,1f], start_interpolation: 0, interpolation_duration: 1 }
$data merge entity $(bone_bread) { transformation: [-0.000009056523889921237f,-0.0000018804571176913494f,-0.000003800428404773584f,-0.1976951741478517f,-7.416879196482524e-7f,0.00000952719337119722f,-0.0000029466057587779856f,0.6343617592709709f,0.00000417483820777929f,-0.0000023867273611243665f,-0.00000876779666977551f,0.06984996162102884f,0f,0f,0f,1f], start_interpolation: 0, interpolation_duration: 1 }
$data merge entity $(bone_hand_right) { transformation: [-0.9056523889921236f,-0.18804571176913493f,-0.38004284047735837f,-0.2479280928496879f,-0.07416879196482523f,0.952719337119722f,-0.29466057587779854f,0.8749661367528334f,0.41748382077792895f,-0.23867273611243664f,-0.8767796669775509f,0.15333049776724775f,0f,0f,0f,1f], start_interpolation: 0, interpolation_duration: 1 }
$data merge entity $(bone_lowerarm_right) { transformation: [-0.8736354451842536f,-0.21879433568265105f,-0.43461494174832344f,-0.34467621315936015f,-0.19852426739032852f,0.9757539227151415f,-0.0921542053470536f,1.306432324453435f,0.44424005242081055f,0.005772432693501958f,-0.8958891978620762f,0.15588299534890565f,0f,0f,0f,1f], start_interpolation: 0, interpolation_duration: 1 }
$data merge entity $(bone_arm_right) { transformation: [-0.8750820697566102f,0.025481173577959756f,-0.48330330123389104f,-0.34375f,0.02851132446228907f,0.9995928881649051f,0.001078103682163177f,1.7458925291835548f,0.4831340140870785f,-0.012836188033575321f,-0.8754523154968941f,0.12359313476793651f,0f,0f,0f,1f], start_interpolation: 0, interpolation_duration: 1 }
$data merge entity $(bone_uppertail) { transformation: [-0.9997099889538632f,-0.0066220305298692215f,-0.02315354611130186f,0.006733609812188868f,0.007161341876230972f,0.8362067993303298f,-0.5483674898608208f,0.4940869981814257f,0.022992458946325036f,-0.548374267690769f,-0.83591686749713f,-0.5168889000946613f,0f,0f,0f,1f], start_interpolation: 0, interpolation_duration: 1 }
$data merge entity $(bone_middletail) { transformation: [-0.9997099889538632f,-0.009971605257981395f,-0.02192042596405689f,0.015043039087324139f,0.007161341876230972f,0.7459679138298406f,-0.6659433810158994f,0.7465481006144896f,0.022992458946325036f,-0.6659072297437044f,-0.7456801648204591f,-0.23422843306689178f,0f,0f,0f,1f], start_interpolation: 0, interpolation_duration: 1 }
$data merge entity $(bone_tail) { transformation: [-0.9997099889538632f,-0.010918270050641983f,-0.0214646072633057f,0.021875f,0.007161341876230972f,0.7162098753689166f,-0.6978482138735993f,1.0240551514189826f,0.022992458946325036f,-0.6977995455739007f,-0.7159239771291777f,0.00884720828647171f,0f,0f,0f,1f], start_interpolation: 0, interpolation_duration: 1 }
$data merge entity $(bone_hair) { transformation: [-0.6893654271085455f,0.1215537243668512f,1.217758132383001e-16f,0.12499999999999996f,0.12086998183658684f,0.6854877305273578f,0.10591697544925197f,2.2138465176669926f,0.012874602839528836f,0.07301550101861892f,-0.994374976712348f,0.43847333245880477f,0f,0f,0f,1f], start_interpolation: 0, interpolation_duration: 1 }
$data merge entity $(bone_ear_left) { transformation: [-0.38268343236508995f,-1.6862415044708375e-17f,-0.9238795325112866f,0.14264437499999996f,-0.09785452576306433f,1.2926874697260524f,0.04053267171064869f,2.2998563544838246f,0.9186826886259256f,0.13769206808402756f,-0.3805308291462377f,0.21675104118150093f,0f,0f,0f,1f], start_interpolation: 0, interpolation_duration: 1 }
$data merge entity $(bone_ear_right) { transformation: [-0.3826834323650897f,-1.6862415044708375e-17f,0.9238795325112866f,-0.14264437500000002f,0.09785452576306433f,1.2926874697260524f,0.04053267171064869f,2.2998563544838246f,-0.9186826886259256f,0.13769206808402756f,-0.3805308291462375f,0.2167510411815009f,0f,0f,0f,1f], start_interpolation: 0, interpolation_duration: 1 }
$data merge entity $(bone_head) { transformation: [-1f,-1.297108849592952e-17f,1.217758132383001e-16f,-1.4416643724424796e-17f,0f,0.994374976712348f,0.10591697544925197f,1.887593220234785f,-1.2246467991473532e-16f,0.10591697544925197f,-0.994374976712348f,0.11772082966666164f,0f,0f,0f,1f], start_interpolation: 0, interpolation_duration: 1 }
$data merge entity $(bone_body) { transformation: [-1f,-7.646956524469058e-18f,1.2222570058106215e-16f,-6.403984274441296e-18f,0f,0.9980485856506581f,0.06244213866229159f,0.9549593749999998f,-1.2246467991473532e-16f,0.06244213866229159f,-0.9980485856506581f,0.0522925f,0f,0f,0f,1f], start_interpolation: 0, interpolation_duration: 1 }
$data merge entity $(bone_shoe_right) { transformation: [-0.9183250554814729f,-0.013597644823368088f,0.3955934738215575f,-0.18467038401812355f,-0.01428840026338465f,0.999897195103477f,0.001200350829091451f,0.252218867291756f,-0.3955691268196535f,-0.004550085653822533f,-0.9184249357610451f,0.09719289675605858f,0f,0f,0f,1f], start_interpolation: 0, interpolation_duration: 1 }
$data merge entity $(bone_lowerleg_right) { transformation: [-0.9525162345095037f,0.008611032126475224f,0.30436601834231247f,-0.17536856780008336f,0.053410597739997435f,0.9888266187186846f,0.1391733672885353f,0.6276964125560216f,-0.29976679443342663f,0.14882126272508972f,-0.9423333278177195f,0.16524154174009978f,0f,0f,0f,1f], start_interpolation: 0, interpolation_duration: 1 }
$data merge entity $(bone_leg_right) { transformation: [-0.9525162345095037f,0.11809450073518138f,0.2806537223910353f,-0.125f,0.053410597739997435f,0.9722351010194795f,-0.22782935806146393f,0.9682499999999998f,-0.29976679443342663f,-0.20202127918056254f,-0.9323772153551142f,0.08012500000000002f,0f,0f,0f,1f], start_interpolation: 0, interpolation_duration: 1 }
$data merge entity $(bone_shoe_left) { transformation: [-0.9441115532167246f,0.0017144066494509391f,-0.32962165567896773f,0.1927844501518972f,0.0027593063851783853f,0.9999925421805069f,-0.002702186455441666f,0.25210747234701364f,0.32961456477373136f,-0.003460692590736364f,-0.9441092427763941f,0.11731863679468188f,0f,0f,0f,1f], start_interpolation: 0, interpolation_duration: 1 }
$data merge entity $(bone_lowerleg_left) { transformation: [-0.9706270857644829f,-0.03771974466130429f,-0.23761372275824721f,0.17180667502043434f,-0.06640722139438295f,0.9912693561597014f,0.11390849171773224f,0.6222764951505486f,0.2312426027509303f,0.12634193445336053f,-0.964657749811589f,0.17554071330142162f,0f,0f,0f,1f], start_interpolation: 0, interpolation_duration: 1 }
$data merge entity $(bone_leg_left) { transformation: [-0.9706270857644829f,-0.12109397606156246f,-0.20789254277618738f,0.12499999999999999f,-0.06640722139438295f,0.9653761235093905f,-0.2522677567678031f,0.9749999999999999f,0.2312426027509303f,-0.23105235146949668f,-0.9450617279063794f,0.08750000000000004f,0f,0f,0f,1f], start_interpolation: 0, interpolation_duration: 1 }