# This file was generated by Animated Java via MC-Build. It is not recommended to edit this file directly.
$data merge entity $(bone_hammer) { transformation: [-0.2023501470634109f,-0.026867293569257086f,-0.04165746388652107f,0.13638627886082516f,-0.048403520402100046f,0.06933444868793166f,0.19040118491123295f,0.6144698847258544f,-0.010690882745448662f,0.19461156322064063f,-0.073585475908763f,-0.26447285329467235f,0f,0f,0f,1f], start_interpolation: 0, interpolation_duration: 1 }
$data merge entity $(bone_hand_left) { transformation: [-0.8707035882820178f,0.1700825786804694f,0.46146200036646606f,0.2849544034938155f,0.07373655501943983f,0.9728371407359884f,-0.21943294661124035f,0.8928770437439775f,-0.48624909440191605f,-0.15703443582230076f,-0.8595940926735643f,0.11910495224526957f,0f,0f,0f,1f], start_interpolation: 0, interpolation_duration: 1 }
$data merge entity $(bone_lowerarm_left) { transformation: [-0.8707035882820178f,0.1167502818445621f,0.4777495505409018f,0.3365799187469578f,0.07373655501943983f,0.9914241179551154f,-0.10789410915701603f,1.331272395902255f,-0.48624909440191605f,-0.058716181978533726f,-0.8718453005936204f,0.09314139052663668f,0f,0f,0f,1f], start_interpolation: 0, interpolation_duration: 1 }
$data merge entity $(bone_arm_left) { transformation: [-0.8779355624976067f,0.0018575772932082704f,0.47877520561178866f,0.3375f,-0.023498342429200226f,0.9986201684547135f,-0.046963678077419906f,1.8259014480899802f,-0.4782018151419867f,-0.052481506857932736f,-0.8766805093264194f,0.06714664416106687f,0f,0f,0f,1f], start_interpolation: 0, interpolation_duration: 1 }
$data merge entity $(bone_bread) { transformation: [-0.000008645163190619197f,-0.0000012584053531813361f,-0.000004865960272612945f,-0.3092073638523319f,-1.6856983982596978e-9f,0.000009682210290740821f,-0.000002500960024529274f,0.70063300173721f,0.000005026047210878925f,-0.000002161300500383303f,-0.000008370640930123517f,-0.0029512786429760213f,0f,0f,0f,1f], start_interpolation: 0, interpolation_duration: 1 }
$data merge entity $(bone_hand_right) { transformation: [-0.8645163190619196f,-0.1258405353181336f,-0.4865960272612945f,-0.3299427474868818f,-0.00016856983982596976f,0.968221029074082f,-0.2500960024529274f,0.9436828165387923f,0.5026047210878924f,-0.21613005003833027f,-0.8370640930123516f,0.08581607960567646f,0f,0f,0f,1f], start_interpolation: 0, interpolation_duration: 1 }
$data merge entity $(bone_lowerarm_right) { transformation: [-0.8547630373782061f,-0.0748258334239712f,-0.5135963829549341f,-0.36302979570404403f,-0.0638555444578166f,0.9971964677326518f,-0.03900864242085482f,1.3846306296143243f,0.515075353102805f,-0.0005471690144976116f,-0.8571447259547774f,0.08557412830707829f,0f,0f,0f,1f], start_interpolation: 0, interpolation_duration: 1 }
$data merge entity $(bone_arm_right) { transformation: [-0.8435080625557806f,0.07066147488192212f,-0.53244821754881f,-0.34375f,0.049259629173938085f,0.9973080169823358f,0.054315819025464215f,1.8245119307404938f,0.534852911871142f,0.019587629521521027f,-0.8447181112256846f,0.06821051964550197f,0f,0f,0f,1f], start_interpolation: 0, interpolation_duration: 1 }
$data merge entity $(bone_uppertail) { transformation: [-0.9996329615736013f,-0.012484662270158878f,-0.024043197449405147f,0.0061915961696359136f,0.009628755267642772f,0.6658104284167875f,-0.746058818380595f,0.463903754586344f,0.025322503975453384f,-0.7460164921899878f,-0.665445838647263f,-0.4064947532367694f,0f,0f,0f,1f], start_interpolation: 0, interpolation_duration: 1 }
$data merge entity $(bone_middletail) { transformation: [-0.9996329615736013f,-0.015224099150998064f,-0.02240912627996886f,0.01468618080433331f,0.009628755267642772f,0.5735055229094329f,-0.8191451045232301f,0.774437416409897f,0.025322503975453384f,-0.8190602187857854f,-0.573148435219878f,-0.1892407972698129f,0f,0f,0f,1f], start_interpolation: 0, interpolation_duration: 1 }
$data merge entity $(bone_tail) { transformation: [-0.9996329615736013f,-0.014731623714144859f,-0.022735905487485112f,0.021875f,0.009628755267642772f,0.5912386004072558f,-0.8064392131217732f,1.0882573888095328f,0.025322503975453384f,-0.8063621374117302f,-0.5908797459222977f,0.004686901002333169f,0f,0f,0f,1f], start_interpolation: 0, interpolation_duration: 1 }
$data merge entity $(bone_hair) { transformation: [-0.6893654271085455f,0.12155372436685122f,1.2234245963576224e-16f,0.12499999999999994f,0.12143241322544557f,0.6886774374377747f,0.0446655641082858f,2.302181861480182f,0.005429265668308411f,0.030790895678552577f,-0.9990019956851381f,0.36045294269396827f,0f,0f,0f,1f], start_interpolation: 0, interpolation_duration: 1 }
$data merge entity $(bone_ear_left) { transformation: [-0.38268343236508995f,-7.110940215252006e-18f,-0.9238795325112866f,0.142644375f,-0.04126560048771599f,1.2987025943906796f,0.017092771381481773f,2.3744163619570307f,0.9229574967514278f,0.058065233340771544f,-0.38230151264836343f,0.1338682048598066f,0f,0f,0f,1f], start_interpolation: 0, interpolation_duration: 1 }
$data merge entity $(bone_ear_right) { transformation: [-0.3826834323650897f,-7.110940215252006e-18f,0.9238795325112866f,-0.142644375f,0.04126560048771599f,1.2987025943906796f,0.017092771381481773f,2.3744163619570307f,-0.9229574967514278f,0.058065233340771544f,-0.3823015126483632f,0.13386820485980658f,0f,0f,0f,1f], start_interpolation: 0, interpolation_duration: 1 }
$data merge entity $(bone_head) { transformation: [-1f,-5.469954011732312e-18f,1.2234245963576224e-16f,-7.38909264367049e-18f,0f,0.9990019956851381f,0.0446655641082858f,1.9568508389347565f,-1.2246467991473532e-16f,0.0446655641082858f,-0.9990019956851381f,0.06033652028335895f,0f,0f,0f,1f], start_interpolation: 0, interpolation_duration: 1 }
$data merge entity $(bone_body) { transformation: [-1f,-1.2824468947541762e-19f,1.224646127659668e-16f,-6.403984274441296e-18f,0f,0.9999994516886945f,0.0010471973597996301f,1.0219593750000002f,-1.2246467991473532e-16f,0.0010471973597996301f,-0.9999994516886945f,0.0522925f,0f,0f,0f,1f], start_interpolation: 0, interpolation_duration: 1 }
$data merge entity $(bone_shoe_right) { transformation: [-0.9130549086736964f,-0.004162545026231361f,0.40781540795533056f,-0.15302734017193093f,-0.009614095364220695f,0.9998897172803694f,-0.011319118663165102f,0.251311106841345f,-0.4077233166219412f,-0.014255753080344054f,-0.9129942336000357f,0.07915862548669152f,0f,0f,0f,1f], start_interpolation: 0, interpolation_duration: 1 }
$data merge entity $(bone_lowerleg_right) { transformation: [-0.9534288677547399f,0.005300719124615223f,0.3015713787955959f,-0.14657113615705447f,0.022147869859077098f,0.9983767194280141f,0.052472830730406206f,0.6608167401121803f,-0.30080370009795465f,0.056708275241964604f,-0.9519985848342745f,0.10553615570244461f,0f,0f,0f,1f], start_interpolation: 0, interpolation_duration: 1 }
$data merge entity $(bone_leg_right) { transformation: [-0.9534288677547399f,0.04929831511699229f,0.2975618763527018f,-0.125f,0.022147869859077098f,0.9953318564348269f,-0.09393597514640767f,1.0252500000000002f,-0.30080370009795465f,-0.08297090871279442f,-0.9500699775883632f,0.06962499999999995f,0f,0f,0f,1f], start_interpolation: 0, interpolation_duration: 1 }
$data merge entity $(bone_shoe_left) { transformation: [-0.9493495024235781f,0.0014969463995957773f,-0.3142185249147179f,0.163601728578031f,-0.0005347246972893819f,0.9999795078294901f,0.006379497675269928f,0.254328172936585f,0.31422163566120426f,0.006224393349347634f,-0.9493292477374906f,0.1068080333670939f,0f,0f,0f,1f], start_interpolation: 0, interpolation_duration: 1 }
$data merge entity $(bone_lowerleg_left) { transformation: [-0.9787042980300624f,-0.028728982613499893f,-0.20325487097601344f,0.14759242561987015f,-0.03344083200771644f,0.9992448470828352f,0.019785002730172224f,0.6507423454124144f,0.20253297946782478f,0.026160679203615034f,-0.978925947705694f,0.11998142439030045f,0f,0f,0f,1f], start_interpolation: 0, interpolation_duration: 1 }
$data merge entity $(bone_leg_left) { transformation: [-0.9787042980300624f,-0.05811287477594827f,-0.1968776036088351f,0.12499999999999999f,-0.03344083200771644f,0.9914155341938201f,-0.1263999577286871f,1.0187500000000003f,0.20253297946782478f,-0.11712443103151943f,-0.9722459873321301f,0.07499999999999997f,0f,0f,0f,1f], start_interpolation: 0, interpolation_duration: 1 }