# This file was generated by Animated Java via MC-Build. It is not recommended to edit this file directly.
$data merge entity $(bone_hammer) { transformation: [-0.000019267274989234627f,-0.000005510493434533884f,-0.000005695116713022721f,0.3523605147926495f,-0.000007595217616667445f,0.000008568893966435835f,0.000017404439184450093f,0.6234560426663814f,-0.000002261097437629829f,0.000018172404796221013f,-0.000009933726394339903f,-0.3302943530485521f,0f,0f,0f,1f], start_interpolation: 0, interpolation_duration: 1 }
$data merge entity $(bone_hand_left) { transformation: [-0.8183724369302547f,0.06441237772499994f,0.5710670714273833f,0.4252268596514316f,-0.09648769524775021f,0.9641928869560845f,-0.24702672205465603f,0.9589911955726331f,-0.5665303867742782f,-0.25726080606867213f,-0.7828538806969558f,0.02862294063265666f,0f,0f,0f,1f], start_interpolation: 0, interpolation_duration: 1 }
$data merge entity $(bone_lowerarm_left) { transformation: [-0.8183724369302547f,-0.060715989290487486f,0.5714718917998624f,0.39837900813704413f,-0.09648769524775021f,0.9948040339825714f,-0.03248166617924645f,1.3988811043493015f,-0.5665303867742782f,-0.08172210604530536f,-0.8199785474296912f,-0.007513553134251801f,0f,0f,0f,1f], start_interpolation: 0, interpolation_duration: 1 }
$data merge entity $(bone_arm_left) { transformation: [-0.8183724369302547f,-0.11029200380980518f,0.5640055215762112f,0.34375f,-0.09648769524775021f,0.993849468035252f,0.05434482083716631f,1.8911471689855122f,-0.5665303867742782f,-0.00994528942084398f,-0.8239808323497108f,-0.012439579300513585f,0f,0f,0f,1f], start_interpolation: 0, interpolation_duration: 1 }
$data merge entity $(bone_bread) { transformation: [-0.000007887205694102175f,-2.612580446112549e-7f,-0.0000061419647160373806f,-0.4695401498887495f,9.370498653810636e-7f,0.000009823125503463894f,-0.0000016211548022895753f,0.7800015039032315f,0.000006075682997714049f,-0.0000018541708597977494f,-0.000007723219958926804f,-0.10582333491086598f,0f,0f,0f,1f], start_interpolation: 0, interpolation_duration: 1 }
$data merge entity $(bone_hand_right) { transformation: [-0.7887205694102175f,-0.026125804461125487f,-0.614196471603738f,-0.447775646252292f,0.09370498653810636f,0.9823125503463894f,-0.16211548022895753f,1.0210033709787556f,0.6075682997714048f,-0.18541708597977494f,-0.7723219958926802f,-0.011870054246643922f,0f,0f,0f,1f], start_interpolation: 0, interpolation_duration: 1 }
$data merge entity $(bone_lowerarm_right) { transformation: [-0.7887205694102175f,0.10742992861786507f,-0.6052922218452693f,-0.4002714746915798f,0.09370498653810636f,0.9941160326011242f,0.05433865312366405f,1.4605890541445652f,0.6075682997714048f,-0.013860886066950857f,-0.7941464833079118f,-0.017999164804373753f,0f,0f,0f,1f], start_interpolation: 0, interpolation_duration: 1 }
$data merge entity $(bone_arm_right) { transformation: [-0.7887205694102175f,0.1597758184797966f,-0.593625766976412f,-0.34375f,0.09370498653810636f,0.9855971952923405f,0.14077479934194675f,1.8975946793443959f,0.6075682997714048f,0.05540628539239159f,-0.7923325719998524f,-0.01841262700092578f,0f,0f,0f,1f], start_interpolation: 0, interpolation_duration: 1 }
$data merge entity $(bone_uppertail) { transformation: [-0.9995468755281369f,-0.018910705907364225f,-0.02341855725753053f,0.00633790792791817f,0.01328510853816554f,0.42097572489743146f,-0.9069746109667078f,0.44403206624934516f,0.027010174250978413f,-0.906874756650094f,-0.4205337397139074f,-0.25849070964941334f,0f,0f,0f,1f], start_interpolation: 0, interpolation_duration: 1 }
$data merge entity $(bone_middletail) { transformation: [-0.9995468755281369f,-0.020879806713947128f,-0.021681265957671027f,0.014556464782479468f,0.01328510853816554f,0.3403257392960787f,-0.9402137507310273f,0.8004560639548502f,0.027010174250978413f,-0.9400757548432815f,-0.33989413887674796f,-0.1296614285840922f,0f,0f,0f,1f], start_interpolation: 0, interpolation_duration: 1 }
$data merge entity $(bone_tail) { transformation: [-0.9995468755281369f,-0.018910705907364225f,-0.02341855725753053f,0.021875f,0.01328510853816554f,0.42097572489743146f,-0.9069746109667078f,1.1463105662169328f,0.027010174250978413f,-0.906874756650094f,-0.4205337397139074f,-0.0013114824883274367f,0f,0f,0f,1f], start_interpolation: 0, interpolation_duration: 1 }
$data merge entity $(bone_hair) { transformation: [-0.6893654271085455f,0.12155372436685122f,1.2231716584445847e-16f,0.12499999999999996f,0.12140730758242695f,0.6885350562609532f,-0.04906767432741795f,2.388212831998063f,-0.005964358560517468f,-0.033825558269943476f,-0.9987954562051724f,0.23923137027878996f,0f,0f,0f,1f], start_interpolation: 0, interpolation_duration: 1 }
$data merge entity $(bone_ear_left) { transformation: [-0.38268343236508995f,7.81177413986803e-18f,-0.9238795325112866f,0.142644375f,0.04533262001903096f,1.2984340930667242f,-0.018777386029788703f,2.4389147728320517f,0.922766679153232f,-0.06378797662564334f,-0.38222247341125126f,0.0068786649487630955f,0f,0f,0f,1f], start_interpolation: 0, interpolation_duration: 1 }
$data merge entity $(bone_ear_right) { transformation: [-0.3826834323650897f,7.81177413986803e-18f,0.9238795325112866f,-0.142644375f,-0.04533262001903096f,1.2984340930667242f,-0.018777386029788703f,2.4389147728320517f,-0.922766679153232f,-0.06378797662564334f,-0.38222247341125104f,0.006878664948763068f,0f,0f,0f,1f], start_interpolation: 0, interpolation_duration: 1 }
$data merge entity $(bone_head) { transformation: [-1f,6.009057030667715e-18f,1.2231716584445847e-16f,3.335097940122333e-18f,0f,0.9987954562051724f,-0.04906767432741795f,2.016298801383211f,-1.2246467991473532e-16f,-0.04906767432741795f,-0.9987954562051724f,-0.02723314136324332f,0f,0f,0f,1f], start_interpolation: 0, interpolation_duration: 1 }
$data merge entity $(bone_body) { transformation: [-1f,1.133873757827202e-17f,1.219386356195183e-16f,-6.403984274441296e-18f,0f,0.995704522352214f,-0.09258781867691558f,1.0847611328125f,-1.2246467991473532e-16f,-0.09258781867691558f,-0.995704522352214f,0.0522925f,0f,0f,0f,1f], start_interpolation: 0, interpolation_duration: 1 }
$data merge entity $(bone_shoe_right) { transformation: [-0.9055438574331006f,-0.004980968726103128f,0.4242234225213525f,-0.11393959008826304f,-0.007767261105165162f,0.9999581257816145f,-0.0048390431125408025f,0.2593508367465306f,-0.42418155537470575f,-0.0076770198560654306f,-0.9055446269765092f,0.0550641157201112f,0f,0f,0f,1f], start_interpolation: 0, interpolation_duration: 1 }
$data merge entity $(bone_lowerleg_right) { transformation: [-0.9539891224260697f,-0.006250098772078168f,0.29977606735374435f,-0.11421814564483718f,-0.011455749113839578f,0.9998125173748978f,-0.015610762720326174f,0.6999879803666862f,-0.29962229574078453f,-0.018326657245903544f,-0.953881865604548f,0.04168806366495771f,0f,0f,0f,1f], start_interpolation: 0, interpolation_duration: 1 }
$data merge entity $(bone_leg_right) { transformation: [-0.9539891224260697f,-0.024620825967738246f,0.298828661981082f,-0.125f,-0.011455749113839578f,0.9988882465604302f,0.04572785470224939f,1.077880859375f,-0.29962229574078453f,0.040200569798146076f,-0.9532105717431623f,0.05920410156249999f,0f,0f,0f,1f], start_interpolation: 0, interpolation_duration: 1 }
$data merge entity $(bone_shoe_left) { transformation: [-0.9537596049151277f,0.00770949772966001f,-0.3004715954576999f,0.1307269154885098f,0.00800396221365716f,0.9999679362996741f,0.00025092120893169256f,0.2540405092724337f,0.30046389570299736f,-0.0021656447832251874f,-0.9537907303814873f,0.09172516201250702f,0f,0f,0f,1f], start_interpolation: 0, interpolation_duration: 1 }
$data merge entity $(bone_lowerleg_left) { transformation: [-0.984807753012208f,-0.010648234112072876f,-0.1733213914014662f,0.12393087981411136f,0f,0.9981181129001492f,-0.06132073630220848f,0.683577705078125f,0.17364817766693022f,-0.06038913653083207f,-0.9829544560059813f,0.060831295494743004f,0f,0f,0f,1f], start_interpolation: 0, interpolation_duration: 1 }