# This file was generated by Animated Java via MC-Build. It is not recommended to edit this file directly.
$data merge entity $(bone_hammer) { transformation: [-0.000019267274989234627f,-0.000005510493434533884f,-0.000005695116713022721f,0.3523605147926495f,-0.000007582772334166996f,0.00000846965191259166f,0.00001745836011730489f,0.623474385977185f,-0.0000023024890868760514f,0.000018218870337242906f,-0.000009838652622047656f,-0.3328046789929421f,0f,0f,0f,1f], start_interpolation: 0, interpolation_duration: 1 }
$data merge entity $(bone_hand_left) { transformation: [-0.8183724369302547f,0.06441237772499994f,0.5710670714273833f,0.4252268596514316f,-0.09339633149747215f,0.9655816787607512f,-0.24275326342684636f,0.9570469677244149f,-0.5670482164116649f,-0.2519981492737229f,-0.7841895517200979f,0.02793732749611698f,0f,0f,0f,1f], start_interpolation: 0, interpolation_duration: 1 }
$data merge entity $(bone_lowerarm_left) { transformation: [-0.8183724369302547f,-0.060715989290487486f,0.5714718917998624f,0.39837900813704413f,-0.09339633149747215f,0.9952349601406048f,-0.028008916022281206f,1.3971274266615885f,-0.5670482164116649f,-0.07629510310895664f,-0.8201435103114231f,-0.005799413409874784f,0f,0f,0f,1f], start_interpolation: 0, interpolation_duration: 1 }
$data merge entity $(bone_arm_left) { transformation: [-0.8183724369302547f,-0.11029200380980518f,0.5640055215762112f,0.34375f,-0.09339633149747215f,0.9938889285270989f,0.05883810851879691f,1.8894130365726673f,-0.5670482164116649f,-0.0045245604066419115f,-0.8236721730260628f,-0.008040484736289606f,0f,0f,0f,1f], start_interpolation: 0, interpolation_duration: 1 }
$data merge entity $(bone_bread) { transformation: [-0.000007921182853390802f,-3.073901587888056e-7f,-0.0000060959308963789395f,-0.46286594234014516f,9.071673770351885e-7f,0.000009817095274449869f,-0.0000016738242806272037f,0.7766885281755533f,0.000006035885150762121f,-0.0000018788697833149246f,-0.000007748415243400128f,-0.09865381304626973f,0f,0f,0f,1f], start_interpolation: 0, interpolation_duration: 1 }
$data merge entity $(bone_hand_right) { transformation: [-0.7921182853390802f,-0.03073901587888056f,-0.6095930896378939f,-0.4428983586926061f,0.09071673770351885f,0.9817095274449869f,-0.16738242806272036f,1.0180300869184542f,0.603588515076212f,-0.18788697833149245f,-0.7748415243400127f,-0.005174616821518857f,0f,0f,0f,1f], start_interpolation: 0, interpolation_duration: 1 }
$data merge entity $(bone_lowerarm_right) { transformation: [-0.7921182853390802f,0.10192971451521379f,-0.6017964401110416f,-0.39782631305541f,0.09071673770351885f,0.9946672799060549f,0.049066034939877004f,1.4578595247519128f,0.603588515076212f,-0.01572690634350199f,-0.7971408714179421f,-0.012128858220286143f,0f,0f,0f,1f], start_interpolation: 0, interpolation_duration: 1 }
$data merge entity $(bone_arm_right) { transformation: [-0.7921182853390802f,0.15399185689883563f,-0.5906226629924761f,-0.34375f,0.09071673770351885f,0.9866058838888825f,0.13557028943049482f,1.895173029656648f,0.603588515076212f,0.053808344006164105f,-0.7954781999422785f,-0.013318523241742021f,0f,0f,0f,1f], start_interpolation: 0, interpolation_duration: 1 }
$data merge entity $(bone_uppertail) { transformation: [-0.9995468755281369f,-0.018910705907364225f,-0.02341855725753053f,0.00633790792791817f,0.013137594020140347f,0.42591567334208186f,-0.9046674763828547f,0.44366145210645846f,0.027082231172874748f,-0.9045652129081939f,-0.4254742393506952f,-0.2619807047222647f,0f,0f,0f,1f], start_interpolation: 0, interpolation_duration: 1 }
$data merge entity $(bone_middletail) { transformation: [-0.9995468755281369f,-0.020879806713947128f,-0.021681265957671027f,0.014556464782479468f,0.013137594020140347f,0.3454479697737605f,-0.9383459403666373f,0.7993774971674832f,0.027082231172874748f,-0.9382055925279784f,-0.34501712842107374f,-0.1312093581423487f,0f,0f,0f,1f], start_interpolation: 0, interpolation_duration: 1 }
$data merge entity $(bone_tail) { transformation: [-0.9995468755281369f,-0.018910705907364225f,-0.02341855725753053f,0.021875f,0.013137594020140347f,0.4259156733420818f,-0.9046674763828546f,1.1445268183480246f,0.027082231172874748f,-0.9045652129081939f,-0.4254742393506952f,-0.0009749867715386704f,0f,0f,0f,1f], start_interpolation: 0, interpolation_duration: 1 }
$data merge entity $(bone_hair) { transformation: [-0.6893654271085455f,0.12155372436685122f,1.223481206754078e-16f,0.12499999999999996f,0.12143803215535404f,0.6887093039728103f,-0.043619387365336014f,2.385098661011094f,-0.005302098988857051f,-0.030069697601317943f,-0.9990482215818578f,0.2463377807136933f,0f,0f,0f,1f], start_interpolation: 0, interpolation_duration: 1 }
$data merge entity $(bone_ear_left) { transformation: [-0.38268343236508995f,6.944384605304542e-18f,-0.9238795325112866f,0.142644375f,0.04029905920751536f,1.2987626880564151f,-0.016692416874629218f,2.437067128845177f,0.9230002039112791f,-0.05670520357493682f,-0.3823192025331843f,0.014265066183325723f,0f,0f,0f,1f], start_interpolation: 0, interpolation_duration: 1 }
$data merge entity $(bone_ear_right) { transformation: [-0.3826834323650897f,6.944384605304542e-18f,0.9238795325112866f,-0.142644375f,-0.04029905920751536f,1.2987626880564151f,-0.016692416874629218f,2.437067128845177f,-0.9230002039112791f,-0.05670520357493682f,-0.3823192025331841f,0.014265066183325688f,0f,0f,0f,1f], start_interpolation: 0, interpolation_duration: 1 }
$data merge entity $(bone_head) { transformation: [-1f,5.341834311772725e-18f,1.223481206754078e-16f,2.7127437668830856e-18f,0f,0.9990482215818578f,-0.043619387365336014f,2.014643493446799f,-1.2246467991473532e-16f,-0.043619387365336014f,-0.9990482215818578f,-0.022151233880428244f,0f,0f,0f,1f], start_interpolation: 0, interpolation_duration: 1 }
$data merge entity $(bone_body) { transformation: [-1f,1.0673500138322974e-17f,1.2199866483456202e-16f,-6.403984274441296e-18f,0f,0.9961946980917455f,-0.08715574274765818f,1.0826859375f,-1.2246467991473532e-16f,-0.08715574274765818f,-0.9961946980917455f,0.0522925f,0f,0f,0f,1f], start_interpolation: 0, interpolation_duration: 1 }
$data merge entity $(bone_shoe_right) { transformation: [-0.9056356761658111f,-0.004424229728690475f,0.42403354613403166f,-0.11547849147795763f,-0.00689955210546858f,0.9999669418645708f,-0.004302482860154838f,0.25831303489165847f,-0.42400049320306f,-0.006822123520266501f,-0.9056362627425186f,0.056362992766351774f,0f,0f,0f,1f], start_interpolation: 0, interpolation_duration: 1 }
$data merge entity $(bone_lowerleg_right) { transformation: [-0.9539657369454693f,-0.0055539111810861755f,0.29986418059628317f,-0.11542103703515877f,-0.010182535766658445f,0.9998518852141561f,-0.0138752873504909f,0.6985458650406302f,-0.29974270416383525f,-0.016289926466702576f,-0.9538809934138855f,0.04401361217395108f,0f,0f,0f,1f], start_interpolation: 0, interpolation_duration: 1 }
$data merge entity $(bone_leg_right) { transformation: [-0.9539657369454693f,-0.02189259876248872f,0.2991155075443472f,-0.125f,-0.010182535766658445f,0.9991214887787213f,0.04065177272828695f,1.076171875f,-0.29974270416383525f,0.03573464397494748f,-0.9533505895107715f,0.059570312499999986f,0f,0f,0f,1f], start_interpolation: 0, interpolation_duration: 1 }
$data merge entity $(bone_shoe_left) { transformation: [-0.9537506550254353f,0.008019255849472344f,-0.3004918960207971f,0.13032449898617077f,0.007115570319582728f,0.9999662720907575f,0.004101626499344868f,0.25208207198582244f,0.30051465304969727f,0.001773757743819139f,-0.9537755485888104f,0.08895465824465991f,0f,0f,0f,1f], start_interpolation: 0, interpolation_duration: 1 }
$data merge entity $(bone_lowerleg_left) { transformation: [-0.984807753012208f,-0.00946634386586068f,-0.17338995916966773f,0.12404967094587675f,0f,0.9985129789397631f,-0.05451450163800632f,0.684013515625f,0.17364817766693022f,-0.05368630386470534f,-0.9833433231431943f,0.06101670710643822f,0f,0f,0f,1f], start_interpolation: 0, interpolation_duration: 1 }