# This file was generated by Animated Java via MC-Build. It is not recommended to edit this file directly.
$data merge entity $(bone_hammer) { transformation: [-0.000019267274989234627f,-0.000005510493434533884f,-0.000005695116713022721f,0.3523605147926495f,-0.000007517170007705839f,0.000007969721655694119f,0.000017720143046369176f,0.6237697502452801f,-0.000002508395371993717f,0.000018443041414487392f,-0.000009358950465679432f,-0.3451829907066497f,0f,0f,0f,1f], start_interpolation: 0, interpolation_duration: 1 }
$data merge entity $(bone_hand_left) { transformation: [-0.8183724369302547f,0.06441237772499994f,0.5710670714273833f,0.4252268596514316f,-0.0778996798814176f,0.9720939836297668f,-0.22128019989412323f,0.9473818087704231f,-0.5693840482022733f,-0.22557555848677935f,-0.7905172187031532f,0.02452053661813009f,0f,0f,0f,1f], start_interpolation: 0, interpolation_duration: 1 }
$data merge entity $(bone_lowerarm_left) { transformation: [-0.8183724369302547f,-0.060715989290487486f,0.5714718917998624f,0.39837900813704413f,-0.0778996798814176f,0.9969452758002815f,-0.0056353290829539715f,1.38821854791336f,-0.5693840482022733f,-0.049129275426958385f,-0.820602290972194f,0.002796185140271931f,0f,0f,0f,1f], start_interpolation: 0, interpolation_duration: 1 }
$data merge entity $(bone_arm_left) { transformation: [-0.8183724369302547f,-0.11029200380980518f,0.5640055215762112f,0.34375f,-0.0778996798814176f,0.9936427493317057f,0.0812756210367015f,1.8803822221917206f,-0.5693840482022733f,0.02257787846868646f,-0.8217615499989303f,0.013979290569293194f,0f,0f,0f,1f], start_interpolation: 0, interpolation_duration: 1 }
$data merge entity $(bone_bread) { transformation: [-0.000008087219817206096f,-5.246792472344776e-7f,-0.000005858462879946453f,-0.4307214487593913f,7.650501772645794e-7f,0.000009781693443630778f,-0.0000019321417135132936f,0.7603416392178038f,0.000005831944260232299f,-0.0000020107672819976245f,-0.000007870529911206198f,-0.0618375309701067f,0f,0f,0f,1f], start_interpolation: 0, interpolation_duration: 1 }
$data merge entity $(bone_hand_right) { transformation: [-0.8087219817206096f,-0.05246792472344776f,-0.5858462879946452f,-0.4195131451508529f,0.07650501772645793f,0.9781693443630777f,-0.19321417135132934f,1.0032495183240469f,0.5831944260232298f,-0.2010767281997624f,-0.7870529911206198f,0.029008210252724605f,0f,0f,0f,1f], start_interpolation: 0, interpolation_duration: 1 }
$data merge entity $(bone_lowerarm_right) { transformation: [-0.8087219817206096f,0.07557611899126038f,-0.5833155291264832f,-0.38609433003440496f,0.07650501772645793f,0.9968020258434481f,0.023080371250742304f,1.4440229141266965f,0.5831944260232298f,-0.025960961319192087f,-0.811917662046355f,0.017528597669394352f,0f,0f,0f,1f], start_interpolation: 0, interpolation_duration: 1 }
$data merge entity $(bone_arm_right) { transformation: [-0.8087219817206096f,0.12612782723870633f,-0.574508944645715f,-0.34375f,0.07650501772645793f,0.990997306293104f,0.10986956440473471f,1.8825953858328872f,0.5831944260232298f,0.04490111486204815f,-0.8110907170838418f,0.012059659559145584f,0f,0f,0f,1f], start_interpolation: 0, interpolation_duration: 1 }
$data merge entity $(bone_uppertail) { transformation: [-0.9995468755281369f,-0.01891070590736423f,-0.023418557257530528f,0.006337907927918173f,0.012394247396327997f,0.4504224394939876f,-0.8927295271423273f,0.442092490316976f,0.027430389231975414f,-0.8926152649391393f,-0.44998395809652153f,-0.2792883798220309f,0f,0f,0f,1f], start_interpolation: 0, interpolation_duration: 1 }
$data merge entity $(bone_middletail) { transformation: [-0.9995468755281369f,-0.02087980671394713f,-0.021681265957671024f,0.014556464782479472f,0.012394247396327997f,0.3709019411146052f,-0.9285893240334482f,0.7941104782333397f,0.027430389231975414f,-0.9284372804605627f,-0.37047508687842456f,-0.13886620926660795f,0f,0f,0f,1f], start_interpolation: 0, interpolation_duration: 1 }
$data merge entity $(bone_tail) { transformation: [-0.9995468755281369f,-0.01891070590736423f,-0.023418557257530528f,0.021875f,0.012394247396327997f,0.4504224394939876f,-0.8927295271423273f,1.135580313147078f,0.027430389231975414f,-0.8926152649391393f,-0.44998395809652153f,0.000731058764406517f,0f,0f,0f,1f], start_interpolation: 0, interpolation_duration: 1 }
$data merge entity $(bone_hair) { transformation: [-0.6893654271085455f,0.12155372436685122f,1.224482865366771e-16f,0.12499999999999996f,0.12153745293120692f,0.689273147211397f,-0.016361731626486943f,2.3689473073801057f,-0.0019888294162904705f,-0.011279212110928553f,-0.9998661379095618f,0.2817790249663256f,0f,0f,0f,1f], start_interpolation: 0, interpolation_duration: 1 }
$data merge entity $(bone_ear_left) { transformation: [-0.38268343236508995f,2.6048544944350834e-18f,-0.9238795325112866f,0.142644375f,0.01511626896615389f,1.2998259792824305f,-0.006261363618260468f,2.4272244691695564f,0.9237558600657516f,-0.021270251114433026f,-0.3826322055608575f,0.05120964518600484f,0f,0f,0f,1f], start_interpolation: 0, interpolation_duration: 1 }
$data merge entity $(bone_ear_right) { transformation: [-0.3826834323650897f,2.6048544944350834e-18f,0.9238795325112866f,-0.142644375f,-0.01511626896615389f,1.2998259792824305f,-0.006261363618260468f,2.4272244691695564f,-0.9237558600657516f,-0.021270251114433026f,-0.38263220556085725f,0.051209645186004814f,0f,0f,0f,1f], start_interpolation: 0, interpolation_duration: 1 }
$data merge entity $(bone_head) { transformation: [-1f,2.0037342264885255e-18f,1.224482865366771e-16f,-4.027245844043441e-19f,0f,0.9998661379095618f,-0.016361731626486943f,2.00595087862044f,-1.2246467991473532e-16f,-0.016361731626486943f,-0.9998661379095618f,0.0032884957906617537f,0f,0f,0f,1f], start_interpolation: 0, interpolation_duration: 1 }
$data merge entity $(bone_body) { transformation: [-1f,7.342946358161035e-18f,1.2224434124081058e-16f,-6.403984274441296e-18f,0f,0.9982007981886848f,-0.059959707266401055f,1.0723099609375f,-1.2246467991473532e-16f,-0.059959707266401055f,-0.9982007981886848f,0.0522925f,0f,0f,0f,1f], start_interpolation: 0, interpolation_duration: 1 }
$data merge entity $(bone_shoe_right) { transformation: [-0.9060687081664244f,-0.0016528920777600636f,0.4231273614757217f,-0.12314375454597268f,-0.0025786045765279937f,0.9999953706736298f,-0.0016153729438808384f,0.25336802350164966f,-0.42312273264392763f,-0.0025547170272246155f,-0.9060687758337367f,0.06283559598387382f,0f,0f,0f,1f], start_interpolation: 0, interpolation_duration: 1 }
$data merge entity $(bone_lowerleg_right) { transformation: [-0.9538230974188063f,-0.0020792547212171554f,0.300361741122598f,-0.12141811021255464f,-0.0038177553716997967f,0.9999791857358686f,-0.005201234368008716f,0.6915402995580495f,-0.30034467462286746f,-0.0061077651259191235f,-0.9538111823788031f,0.05559302177843916f,0f,0f,0f,1f], start_interpolation: 0, interpolation_duration: 1 }
$data merge entity $(bone_leg_right) { transformation: [-0.9538230974188063f,-0.008221713389394973f,0.30025639420225f,-0.125f,-0.0038177553716997967f,0.9998764070289488f,0.015251079004510825f,1.067626953125f,-0.30034467462286746f,0.013400525953208588f,-0.953736600078796f,0.061401367187499986f,0f,0f,0f,1f], start_interpolation: 0, interpolation_duration: 1 }
$data merge entity $(bone_shoe_left) { transformation: [-0.9537216914220721f,-0.000052761133140555565f,-0.3006907589655602f,0.128333779630354f,0.002669476153735597f,0.9999590903868376f,-0.008642421523676594f,0.25135218596967424f,0.3006789138068821f,-0.009045151684250585f,-0.9536825341920245f,0.07522329588296665f,0f,0f,0f,1f], start_interpolation: 0, interpolation_duration: 1 }
$data merge entity $(bone_lowerleg_left) { transformation: [-0.984807753012208f,-0.003551391958481583f,-0.17361185795389378f,0.12464362660470377f,0f,0.9997908431086096f,-0.020451651184577414f,0.686192568359375f,0.17364817766693022f,-0.020140944648473144f,-0.9846017736839707f,0.06194376516491434f,0f,0f,0f,1f], start_interpolation: 0, interpolation_duration: 1 }