# This file was generated by Animated Java via MC-Build. It is not recommended to edit this file directly.
$data merge entity $(bone_hammer) { transformation: [-0.5919816758860802f,0.055923192282070114f,0.16574006054594043f,-0.2714654652311932f,0.09330337947497783f,0.5956848405431879f,0.1322630931714007f,1.5079443123917164f,-0.14795827277762358f,0.1518935252132261f,-0.5797207795177285f,1.555695253352042f,0f,0f,0f,1f], start_interpolation: 0, interpolation_duration: 1 }
$data merge entity $(bone_hand_left) { transformation: [-0.9584177384148005f,0.2735979381037783f,-0.08111477644190587f,0.1363542843765435f,0.09028543749311332f,0.0210738227730545f,-0.9956929415087802f,1.619148025849687f,-0.27071013735827554f,-0.9616132602346387f,-0.04489943510081859f,0.8551657639316184f,0f,0f,0f,1f], start_interpolation: 0, interpolation_duration: 1 }
$data merge entity $(bone_lowerarm_left) { transformation: [-0.9584177384148005f,0.28278418286140516f,-0.03832159463366086f,0.2613979152355711f,0.09028543749311332f,0.17308926940548713f,-0.980759218459532f,1.695685937164926f,-0.27071013735827554f,-0.9434369140223855f,-0.19142311979325163f,0.43798975351234487f,0f,0f,0f,1f], start_interpolation: 0, interpolation_duration: 1 }
$data merge entity $(bone_arm_left) { transformation: [-0.9854545501278504f,0.16626288406698572f,-0.0351565500873462f,0.34375f,0.09024927600351562f,0.3367287748049263f,-0.9372666645086736f,1.862471908435491f,-0.14399443674377593f,-0.9268065524153901f,-0.34683600820379284f,-0.0210691169809031f,0f,0f,0f,1f], start_interpolation: 0, interpolation_duration: 1 }
$data merge entity $(bone_bread) { transformation: [-0.000009281146404117841f,-0.000003623474178880599f,8.548428512399587e-7f,-0.40582714604393066f,1.173162512268266e-7f,-0.0000025796567209079755f,-0.000009660828541045143f,1.8285686389451152f,0.00000372109638715911f,-0.00000895632771158246f,0.0000024367264106196946f,1.0453632204655303f,0f,0f,0f,1f], start_interpolation: 0, interpolation_duration: 1 }
$data merge entity $(bone_hand_right) { transformation: [-0.928114640411784f,-0.36234741788805985f,0.08548428512399586f,-0.5537833443731798f,0.011731625122682658f,-0.2579656720907975f,-0.9660828541045142f,1.8936322315084853f,0.37210963871591096f,-0.8956327711582459f,0.24367264106196945f,0.8422413240616622f,0f,0f,0f,1f], start_interpolation: 0, interpolation_duration: 1 }
$data merge entity $(bone_lowerarm_right) { transformation: [-0.994949750987508f,-0.06911388652918071f,0.07278917294987852f,-0.5843446410728018f,-0.07000015427917253f,-0.04195585903925153f,-0.9966642786280497f,1.8750798750895663f,0.07193727414065564f,-0.9967261291754672f,0.036905988783694416f,0.40150148881688524f,0f,0f,0f,1f], start_interpolation: 0, interpolation_duration: 1 }
$data merge entity $(bone_arm_right) { transformation: [-0.8560899372384965f,0.4949313309301058f,-0.14883882901562095f,-0.34375f,0.16198936516195026f,-0.016517440006699094f,-0.9866542554259083f,1.862471908435491f,-0.4907845402347302f,-0.86877508702735f,-0.06603319791745134f,-0.021069116980903184f,0f,0f,0f,1f], start_interpolation: 0, interpolation_duration: 1 }
$data merge entity $(bone_uppertail) { transformation: [-0.9683109755762864f,-0.02764777987931725f,0.24821251951955456f,0.05944469658569876f,-0.22024476846562485f,0.5631274485456073f,-0.7964795783057075f,0.4703586837257887f,-0.1177543907547559f,-0.8259074263876425f,-0.5513717679530908f,-0.3706376368904797f,0f,0f,0f,1f], start_interpolation: 0, interpolation_duration: 1 }
$data merge entity $(bone_middletail) { transformation: [-0.992210954129928f,-0.01786019818464951f,0.12328193633044106f,0.012710480017794921f,-0.11616671330683584f,0.48997566594992376f,-0.8639613078699856f,0.7978797095433054f,-0.044974628670677017f,-0.8715531309666289f,-0.48823398353474023f,-0.1855741744615633f,0f,0f,0f,1f], start_interpolation: 0, interpolation_duration: 1 }
$data merge entity $(bone_tail) { transformation: [-0.9994937688545198f,-0.014883963782843344f,-0.02811891966450242f,0.021875f,0.014801776205123875f,0.5648010558396354f,-0.8250943429351618f,1.1177971321621059f,0.028162269833256728f,-0.8250928644368124f,-0.5642948268532105f,-0.001967364582658164f,0f,0f,0f,1f], start_interpolation: 0, interpolation_duration: 1 }
$data merge entity $(bone_hair) { transformation: [-0.6893654271085455f,0.12155372436685123f,1.2086901129734187e-16f,0.12499999999999997f,0.11996992515687066f,0.6803832554430579f,-0.16090206661805725f,2.386938874920892f,-0.019558245455748146f,-0.11092032187680467f,-0.9869703769404825f,0.18581936335470448f,0f,0f,0f,1f], start_interpolation: 0, interpolation_duration: 1 }
$data merge entity $(bone_ear_left) { transformation: [-0.38268343236508995f,2.5616266111799746e-17f,-0.9238795325112866f,0.142644375f,0.14865412608719064f,1.2830614900226274f,-0.061574555128034496f,2.4112316667112292f,0.9118417304502613f,-0.20917268660347443f,-0.3776972114902505f,-0.050756896539535315f,0f,0f,0f,1f], start_interpolation: 0, interpolation_duration: 1 }
$data merge entity $(bone_ear_right) { transformation: [-0.3826834323650897f,2.5616266111799746e-17f,0.9238795325112866f,-0.142644375f,-0.14865412608719064f,1.2830614900226274f,-0.061574555128034496f,2.4112316667112292f,-0.9118417304502613f,-0.20917268660347443f,-0.37769721149025026f,-0.05075689653953534f,0f,0f,0f,1f], start_interpolation: 0, interpolation_duration: 1 }
$data merge entity $(bone_head) { transformation: [-1f,1.9704820085999804e-17f,1.2086901129734187e-16f,4.555896338538935e-18f,0f,0.9869703769404825f,-0.16090206661805725f,1.9874579868355453f,-1.2246467991473532e-16f,-0.16090206661805725f,-0.9869703769404825f,-0.03720171678651287f,0f,0f,0f,1f], start_interpolation: 0, interpolation_duration: 1 }
$data merge entity $(bone_body) { transformation: [-1f,1.2643574666658843e-17f,1.2181025345293064e-16f,-6.403984274441296e-18f,0f,0.9946562024066015f,-0.10324262208060146f,1.0568251157407407f,-1.2246467991473532e-16f,-0.10324262208060146f,-0.9946562024066015f,0.0522925f,0f,0f,0f,1f], start_interpolation: 0, interpolation_duration: 1 }
$data merge entity $(bone_shoe_right) { transformation: [-0.907238168353935f,-0.06508464715365345f,0.4155513140235289f,-0.10689576447692825f,0.02825103865291857f,0.9762960071199334f,0.21458794303666345f,0.29803736414265575f,-0.4196674691905824f,0.2064221286261709f,-0.8838942923882992f,-0.018539178427303613f,0f,0f,0f,1f], start_interpolation: 0, interpolation_duration: 1 }
$data merge entity $(bone_lowerleg_right) { transformation: [-0.9537169507482269f,-0.06508464715365345f,0.2935778713738291f,-0.130223289009149f,0f,0.9762960071199334f,0.21643961393810288f,0.7102907013165508f,-0.3007057995042732f,0.2064221286261709f,-0.9311100509380921f,0.06988314534964839f,0f,0f,0f,1f], start_interpolation: 0, interpolation_duration: 1 }
$data merge entity $(bone_leg_right) { transformation: [-0.9537169507482269f,0f,0.3007057995042732f,-0.125f,0f,1f,0f,1.0730511700665508f,-0.3007057995042732f,0f,-0.9537169507482269f,0.061694675021701374f,0f,0f,0f,1f], start_interpolation: 0, interpolation_duration: 1 }
$data merge entity $(bone_shoe_left) { transformation: [-0.95943720094472f,-0.024338728528191356f,-0.28086986975642647f,0.19830911669539084f,0.05647552353003132f,0.9594794515227162f,-0.27606103917010183f,0.373615590676369f,0.27620784327272435f,-0.28072550364955917f,-0.9191857368972453f,0.4520895808196582f,0f,0f,0f,1f], start_interpolation: 0, interpolation_duration: 1 }
$data merge entity $(bone_lowerleg_left) { transformation: [-0.984807753012208f,-0.07364112620980964f,-0.15725989360799097f,0.16406860681480007f,-6.938893903907228e-18f,0.9056236334920074f,-0.4240823439625071f,0.7672419471634353f,0.17364817766693022f,-0.41763958024986714f,-0.8918651755740153f,0.2655503666873482f,0f,0f,0f,1f], start_interpolation: 0, interpolation_duration: 1 }
$data merge entity $(bone_leg_left) { transformation: [-0.984807753012208f,-0.09705629411672871f,-0.1439922406915484f,0.12499999999999999f,-6.938893903907228e-18f,0.8292182654962033f,-0.5589249217627249f,1.0601851851851851f,0.17364817766693022f,-0.5504335963036734f,-0.8166205767999966f,0.06250000000000001f,0f,0f,0f,1f], start_interpolation: 0, interpolation_duration: 1 }