# This file was generated by Animated Java via MC-Build. It is not recommended to edit this file directly.
$data merge entity $(bone_hammer) { transformation: [-0.7574493793813456f,0.1358528145475847f,0.14637472994142536f,-0.1488268786494817f,0.1318050713581073f,0.7714197954232637f,-0.03391214390930982f,2.1687800951523677f,-0.1500299035199645f,-0.008162298679971626f,-0.7687883428103996f,1.6163060422001352f,0f,0f,0f,1f], start_interpolation: 0, interpolation_duration: 1 }
$data merge entity $(bone_hand_left) { transformation: [-0.9750937149886041f,0.17410413676276487f,-0.13740449975097419f,0.23182698612066527f,0.083358931068795f,-0.28641504212021657f,-0.9544724785232639f,1.9071691853754147f,-0.20553232252079204f,-0.9421540071609137f,0.2647683727144202f,0.8888911059031459f,0f,0f,0f,1f], start_interpolation: 0, interpolation_duration: 1 }
$data merge entity $(bone_lowerarm_left) { transformation: [-0.9750937149886041f,0.19114122785360688f,-0.11250456881539764f,0.31634724781218204f,0.083358931068795f,-0.15422830566356807f,-0.9845125282814906f,1.8389713564648058f,-0.20553232252079204f,-0.969370239251629f,0.13445372308883297f,0.4602477032340663f,0f,0f,0f,1f], start_interpolation: 0, interpolation_duration: 1 }
$data merge entity $(bone_arm_left) { transformation: [-0.9898770938734823f,0.05532416845490065f,-0.13070032673778167f,0.34375f,0.13298543655715145f,0.039847480982372674f,-0.9903166422529025f,1.8587083118888872f,-0.04958036595561752f,-0.9976729998572345f,-0.04680141736714623f,-0.033912204507720194f,0f,0f,0f,1f], start_interpolation: 0, interpolation_duration: 1 }
$data merge entity $(bone_bread) { transformation: [-0.000008335097617944226f,-0.000005272547446712259f,0.0000016511787067148575f,-0.3109540703454186f,0.000002658830744983143f,-0.000006447533344245378f,-0.00000716658446153929f,2.359038597807234f,0.0000048432186373188726f,-0.000005534397636329727f,0.000006775963107493653f,0.8559288559924163f,0f,0f,0f,1f], start_interpolation: 0, interpolation_duration: 1 }
$data merge entity $(bone_hand_right) { transformation: [-0.8335097617944226f,-0.5272547446712259f,0.16511787067148573f,-0.4990251396883364f,0.2658830744983143f,-0.6447533344245377f,-0.7166584461539289f,2.324198803827252f,0.4843218637318872f,-0.5534397636329726f,0.6775963107493652f,0.6804344853372759f,0f,0f,0f,1f], start_interpolation: 0, interpolation_duration: 1 }
$data merge entity $(bone_lowerarm_right) { transformation: [-0.972186705299383f,-0.19666411789877064f,0.12718582770980916f,-0.585987554321699f,-0.003190960912385299f,-0.5318756015489265f,-0.846816486758154f,2.089010061267336f,0.23418545601208113f,-0.8236695752594397f,0.5164548411858945f,0.31621809502724246f,0f,0f,0f,1f], start_interpolation: 0, interpolation_duration: 1 }
$data merge entity $(bone_arm_right) { transformation: [-0.8512061187995559f,0.5009423017266187f,-0.15654058150854577f,-0.34375f,-0.11255640984518778f,-0.46557023144423504f,-0.8778242501752405f,1.8587083118888872f,-0.512619935157577f,-0.7295897271301169f,0.45268049675819133f,-0.03391220450772028f,0f,0f,0f,1f], start_interpolation: 0, interpolation_duration: 1 }
$data merge entity $(bone_uppertail) { transformation: [-0.9466150664227242f,-0.029684393543950204f,0.32099649967161537f,0.07410441451332185f,-0.2761754892710232f,0.5882779177770187f,-0.7600369665890246f,0.48094262283342476f,-0.1662739160163506f,-0.8081138089624897f,-0.5650708421222285f,-0.3909062723290805f,0f,0f,0f,1f], start_interpolation: 0, interpolation_duration: 1 }
$data merge entity $(bone_middletail) { transformation: [-0.9864736325562997f,-0.016762400045002557f,0.16306070714893225f,0.012290833049919795f,-0.1481150480501801f,0.5173210231012655f,-0.8428765577464785f,0.8004713450344796f,-0.0702260978004003f,-0.855627244191179f,-0.5128063125445488f,-0.19652759213965837f,0f,0f,0f,1f], start_interpolation: 0, interpolation_duration: 1 }
$data merge entity $(bone_tail) { transformation: [-0.9994823894267584f,-0.013593233022341016f,-0.029157798987203033f,0.021875f,0.01550737060519371f,0.5905271592862685f,-0.8068687598378086f,1.1144330287903437f,0.028186427277875688f,-0.8069032768314245f,-0.5900107008826355f,-0.0029331417219758057f,0f,0f,0f,1f], start_interpolation: 0, interpolation_duration: 1 }
$data merge entity $(bone_hair) { transformation: [-0.6893654271085455f,0.12155372436685123f,1.1989413592067365e-16f,0.12499999999999997f,0.11900230140682237f,0.6748955884611788f,-0.20381262370788467f,2.392252491820945f,-0.02477418348467306f,-0.14050137639249916f,-0.9790099153825299f,0.1533417714482948f,0f,0f,0f,1f], start_interpolation: 0, interpolation_duration: 1 }
$data merge entity $(bone_ear_left) { transformation: [-0.38268343236508995f,3.244780204245904e-17f,-0.9238795325112866f,0.142644375f,0.18829831151113927f,1.2727128899972888f,-0.07799571439986779f,2.4061997814008933f,0.904487222947526f,-0.26495641082025007f,-0.3746508747380428f,-0.08406913729830989f,0f,0f,0f,1f], start_interpolation: 0, interpolation_duration: 1 }
$data merge entity $(bone_ear_right) { transformation: [-0.3826834323650897f,3.244780204245904e-17f,0.9238795325112866f,-0.142644375f,-0.18829831151113927f,1.2727128899972888f,-0.07799571439986779f,2.4061997814008933f,-0.904487222947526f,-0.26495641082025007f,-0.3746508747380426f,-0.08406913729830992f,0f,0f,0f,1f], start_interpolation: 0, interpolation_duration: 1 }
$data merge entity $(bone_head) { transformation: [-1f,2.4959847724968493e-17f,1.1989413592067365e-16f,6.3726510658851436e-18f,0f,0.9790099153825299f,-0.20381262370788467f,1.9834211228967613f,-1.2246467991473532e-16f,-0.20381262370788467f,-0.9790099153825299f,-0.052036644935682934f,0f,0f,0f,1f], start_interpolation: 0, interpolation_duration: 1 }
$data merge entity $(bone_body) { transformation: [-1f,1.458519558977221e-17f,1.2159305036155096e-16f,-6.403984274441296e-18f,0f,0.9928826045698137f,-0.11909716009486973f,1.054334375f,-1.2246467991473532e-16f,-0.11909716009486973f,-0.9928826045698137f,0.0522925f,0f,0f,0f,1f], start_interpolation: 0, interpolation_duration: 1 }
$data merge entity $(bone_shoe_right) { transformation: [-0.9076451977751266f,-0.07782838788448604f,0.4124596186235123f,-0.10308469654143822f,0.03378266443126182f,0.9659258262890683f,0.25660481229257065f,0.3108164855716189f,-0.41837653679392206f,0.2468401104907439f,-0.8740886873271164f,-0.03459922188265327f,0f,0f,0f,1f], start_interpolation: 0, interpolation_duration: 1 }
$data merge entity $(bone_lowerleg_right) { transformation: [-0.9537169507482269f,-0.07782838788448604f,0.29045949785608f,-0.1312679468109788f,0f,0.9659258262890683f,0.25881904510252074f,0.715615171875f,-0.3007057995042732f,0.2468401104907439f,-0.9212198336973718f,0.07122753158103641f,0f,0f,0f,1f], start_interpolation: 0, interpolation_duration: 1 }
$data merge entity $(bone_leg_right) { transformation: [-0.9537169507482269f,0f,0.3007057995042732f,-0.125f,0f,1f,0f,1.075927734375f,-0.3007057995042732f,0f,-0.9537169507482269f,0.061401367187499986f,0f,0f,0f,1f], start_interpolation: 0, interpolation_duration: 1 }
$data merge entity $(bone_shoe_left) { transformation: [-0.9616542182397482f,-0.03103040329366485f,-0.272503722200507f,0.21432229885304427f,0.06836505151531343f,0.9350959253020221f,-0.34773816329943347f,0.43915647448214523f,0.265607575707108f,-0.3530336025861949f,-0.897117545905778f,0.5379233159054546f,0f,0f,0f,1f], start_interpolation: 0, interpolation_duration: 1 }
$data merge entity $(bone_lowerleg_left) { transformation: [-0.984807753012208f,-0.0916079231856835f,-0.14751839890892146f,0.1722789838978956f,0f,0.8495246013573053f,-0.527549004063804f,0.807773915366061f,0.17364817766693025f,-0.519534349295903f,-0.8366184137912798f,0.30713219521178353f,0f,0f,0f,1f], start_interpolation: 0, interpolation_duration: 1 }
$data merge entity $(bone_leg_left) { transformation: [-0.984807753012208f,-0.118693496947823f,-0.1267499246127701f,0.12499999999999999f,0f,0.7299237246007015f,-0.6835286067642226f,1.0595f,0.17364817766693025f,-0.6731442713470392f,-0.7188345430943187f,0.06250000000000001f,0f,0f,0f,1f], start_interpolation: 0, interpolation_duration: 1 }