# This file was generated by Animated Java via MC-Build. It is not recommended to edit this file directly.
$data merge entity $(bone_hammer) { transformation: [-0.9311563861917969f,0.18621374069767896f,0.1008926647751847f,-0.01148166793358546f,0.1519300116859425f,0.9042501620680603f,-0.26675085477805494f,2.722860171553727f,-0.14755391753243827f,-0.2440557103431328f,-0.9113570948017937f,1.4076890573259042f,0f,0f,0f,1f], start_interpolation: 0, interpolation_duration: 1 }
$data merge entity $(bone_hand_left) { transformation: [-0.9885608558909695f,0.08683651953981229f,-0.12331606981381467f,0.33196849692406116f,0.055489912055663615f,-0.5508698158585873f,-0.832744447976677f,2.1728840299639844f,-0.14024373019913772f,-0.8300613620992953f,0.5397497858171817f,0.8248091044857708f,0f,0f,0f,1f], start_interpolation: 0, interpolation_duration: 1 }
$data merge entity $(bone_lowerarm_left) { transformation: [-0.9885608558909695f,0.1007687619491369f,-0.11221894142858412f,0.37652718384844513f,0.055489912055663615f,-0.4488557612155878f,-0.8918796865517398f,1.9744056230514666f,-0.14024373019913772f,-0.8879043654802092f,0.4381295857403584f,0.43218889287499085f,0f,0f,0f,1f], start_interpolation: 0, interpolation_duration: 1 }
$data merge entity $(bone_arm_left) { transformation: [-0.9854986707086887f,-0.06617475603471569f,-0.15624746940399872f,0.34375f,0.16776442502959313f,-0.24190443936657652f,-0.9556868419671959f,1.8545873304277092f,0.025445387124146433f,-0.9680408792393469f,0.24949827333192942f,-0.04729385512324818f,0f,0f,0f,1f], start_interpolation: 0, interpolation_duration: 1 }
$data merge entity $(bone_bread) { transformation: [-0.000007941166646005239f,-0.000005569287076661756f,0.000002433292781007315f,-0.34925418375967404f,0.000005059158462210944f,-0.000008276074063255535f,-0.000002431360473839374f,2.7165634166789463f,0.0000033679055738861377f,-6.997424935198779e-7f,0.000009389758915336926f,0.4033831650846941f,0f,0f,0f,1f], start_interpolation: 0, interpolation_duration: 1 }
$data merge entity $(bone_hand_right) { transformation: [-0.7941166646005238f,-0.5569287076661755f,0.24332927810073146f,-0.5511307898617741f,0.5059158462210944f,-0.8276074063255534f,-0.24313604738393735f,2.597536042857042f,0.33679055738861374f,-0.06997424935198779f,0.9389758915336925f,0.29175372143402356f,0f,0f,0f,1f], start_interpolation: 0, interpolation_duration: 1 }
$data merge entity $(bone_lowerarm_right) { transformation: [-0.9591103607614244f,-0.19200005081900423f,0.2079502256925687f,-0.6360308123333025f,0.08295186174922761f,-0.8931468939084278f,-0.4420493349548946f,2.202597650706909f,0.27060359294072095f,-0.4067242387505661f,0.8725532013008405f,0.11190534711150762f,0f,0f,0f,1f], start_interpolation: 0, interpolation_duration: 1 }
$data merge entity $(bone_arm_right) { transformation: [-0.7854624742021658f,0.6072089892632067f,-0.11977455897713488f,-0.34375f,-0.47589698649555257f,-0.7162741217408705f,-0.5103659870806403f,1.8545873304277092f,-0.39569023220780175f,-0.3438729792849379f,0.8515753720329378f,-0.04729385512324826f,0f,0f,0f,1f], start_interpolation: 0, interpolation_duration: 1 }
$data merge entity $(bone_uppertail) { transformation: [-0.9194547289611641f,-0.03156219606319325f,0.39192707123981696f,0.0886627065370044f,-0.3273852007637672f,0.6135005307395571f,-0.7186348371065444f,0.49282769547056476f,-0.21776577259023022f,-0.7890633222764508f,-0.5744189601033638f,-0.41089068465662587f,0f,0f,0f,1f], start_interpolation: 0, interpolation_duration: 1 }
$data merge entity $(bone_middletail) { transformation: [-0.979120244144068f,-0.01555779514613817f,0.20268572351660913f,0.011828047676892849f,-0.17825720688032998f,0.5449798836793315f,-0.8192809619294749f,0.8034123056052388f,-0.09771343665271298f,-0.8383047664155637f,-0.5363741258696798f,-0.20757755270913952f,0f,0f,0f,1f], start_interpolation: 0, interpolation_duration: 1 }
$data merge entity $(bone_tail) { transformation: [-0.9994660979497604f,-0.012208034462989906f,-0.030306483524657566f,0.021875f,0.01634509314091547f,0.6163385149687307f,-0.7873116745586557f,1.1109310626310789f,0.02829058110563811f,-0.7873866895374153f,-0.6158099091115822f,-0.003926185952694013f,0f,0f,0f,1f], start_interpolation: 0, interpolation_duration: 1 }
$data merge entity $(bone_hair) { transformation: [-0.6893654271085455f,0.12155372436685125f,1.1865336721977693e-16f,0.12499999999999999f,0.11777076218443744f,0.667911182459121f,-0.24753766945063532f,2.3966164131894043f,-0.030089125642815337f,-0.17064391122629116f,-0.9688782700643813f,0.11933400723450596f,0f,0f,0f,1f], start_interpolation: 0, interpolation_duration: 1 }
$data merge entity $(bone_ear_left) { transformation: [-0.38268343236508995f,3.94090078929451e-17f,-0.9238795325112866f,0.142644375f,0.22869498633098637f,1.2595417510836957f,-0.09472856498502416f,2.3998965018701304f,0.8951268032074248f,-0.32179897028582594f,-0.370773661932188f,-0.11846361154407262f,0f,0f,0f,1f], start_interpolation: 0, interpolation_duration: 1 }
$data merge entity $(bone_ear_right) { transformation: [-0.3826834323650897f,3.94090078929451e-17f,0.9238795325112866f,-0.142644375f,-0.22869498633098637f,1.2595417510836957f,-0.09472856498502416f,2.3998965018701304f,-0.8951268032074248f,-0.32179897028582594f,-0.3707736619321878f,-0.11846361154407264f,0f,0f,0f,1f], start_interpolation: 0, interpolation_duration: 1 }
$data merge entity $(bone_head) { transformation: [-1f,3.031462145611161e-17f,1.1865336721977693e-16f,8.265431661201272e-18f,0f,0.9688782700643813f,-0.24753766945063532f,1.9789810622239532f,-1.2246467991473532e-16f,-0.24753766945063532f,-0.9688782700643813f,-0.06749237140827863f,0f,0f,0f,1f], start_interpolation: 0, interpolation_duration: 1 }
$data merge entity $(bone_body) { transformation: [-1f,1.6607815093443436e-17f,1.2133333550364702e-16f,-6.403984274441296e-18f,0f,0.9907618718158085f,-0.13561310171231775f,1.051760300925926f,-1.2246467991473532e-16f,-0.13561310171231775f,-0.9907618718158085f,0.0522925f,0f,0f,0f,1f], start_interpolation: 0, interpolation_duration: 1 }
$data merge entity $(bone_shoe_right) { transformation: [-0.9081243959324046f,-0.0904239778555041f,0.4088197472495581f,-0.09941699511400132f,0.039249982987779035f,0.9537169507482269f,0.29813321970381484f,0.324556773118844f,-0.4168567144089973f,0.28678821817552297f,-0.8625444901962126f,-0.05022490991831195f,0f,0f,0f,1f], start_interpolation: 0, interpolation_duration: 1 }
$data merge entity $(bone_lowerleg_right) { transformation: [-0.9537169507482269f,-0.0904239778555041f,0.2867882181755231f,-0.1323126046128086f,0f,0.9537169507482269f,0.30070579950427306f,0.7211159662181712f,-0.3007057995042732f,0.28678821817552297f,-0.909576022144496f,0.07255157276034109f,0f,0f,0f,1f], start_interpolation: 0, interpolation_duration: 1 }
$data merge entity $(bone_leg_right) { transformation: [-0.9537169507482269f,0f,0.3007057995042732f,-0.125f,0f,1f,0f,1.0789806224681713f,-0.3007057995042732f,0f,-0.9537169507482269f,0.06108771430121526f,0f,0f,0f,1f], start_interpolation: 0, interpolation_duration: 1 }
$data merge entity $(bone_shoe_left) { transformation: [-0.9641680390835217f,-0.03790133102088902f,-0.26257090759770296f,0.22885641076108948f,0.07880637917342312f,0.9041469616782962f,-0.41989025505419897f,0.5185489865695623f,0.25331708787883045f,-0.42553702634994117f,-0.8687627364210774f,0.6152021583589772f,0f,0f,0f,1f], start_interpolation: 0, interpolation_duration: 1 }
$data merge entity $(bone_lowerleg_left) { transformation: [-0.984807753012208f,-0.1088470968400011f,-0.1352996641405632f,0.17934013948892158f,1.3877787807814457e-17f,0.7791597122319228f,-0.6268254484580753f,0.8559448949170614f,0.17364817766693022f,-0.6173025614268668f,-0.7673225254407586f,0.3420297963657978f,0f,0f,0f,1f], start_interpolation: 0, interpolation_duration: 1 }
$data merge entity $(bone_leg_left) { transformation: [-0.984807753012208f,-0.13788863261406772f,-0.10554816247982925f,0.12499999999999999f,1.3877787807814457e-17f,0.6078276426388893f,-0.7940689874589302f,1.0588703703703704f,0.17364817766693022f,-0.7820052952761083f,-0.598593374965912f,0.06250000000000001f,0f,0f,0f,1f], start_interpolation: 0, interpolation_duration: 1 }