# This file was generated by Animated Java via MC-Build. It is not recommended to edit this file directly.
$data merge entity $(bone_hammer) { transformation: [-1.1098093163203684f,0.19392200329823706f,0.06318982021135869f,0.0654873884676937f,0.1411337011845125f,0.9825559210910281f,-0.5366009277404868f,3.0390466434504093f,-0.1472412141063297f,-0.5198591481341742f,-0.9906270268384234f,1.0535651944279856f,0f,0f,0f,1f], start_interpolation: 0, interpolation_duration: 1 }
$data merge entity $(bone_hand_left) { transformation: [-0.9966372744716565f,0.045629611334884496f,-0.068059398345383f,0.3983190614793594f,0.010814908320544964f,-0.7500838080511987f,-0.6612543524676651f,2.388902603084057f,-0.08122303178117861f,-0.6597667917293506f,0.7470680020181789f,0.6897142768764561f,0f,0f,0f,1f], start_interpolation: 0, interpolation_duration: 1 }
$data merge entity $(bone_lowerarm_left) { transformation: [-0.9966372744716565f,0.05219631258117885f,-0.06316397776134756f,0.42139961844884943f,0.010814908320544964f,-0.680320571053944f,-0.7328348779628697f,2.0880733505711415f,-0.08122303178117861f,-0.7310536680393334f,0.6774683413669677f,0.3664514830403134f,0f,0f,0f,1f], start_interpolation: 0, interpolation_duration: 1 }
$data merge entity $(bone_arm_left) { transformation: [-0.9792016500814501f,-0.15676894576423853f,-0.12879295835461918f,0.34375f,0.18953518172564254f,-0.48031422517243216f,-0.8563729678038853f,1.850167710915421f,0.07239159734384304f,-0.8629726199254387f,0.5000377124708011f,-0.06098964276650556f,0f,0f,0f,1f], start_interpolation: 0, interpolation_duration: 1 }
$data merge entity $(bone_bread) { transformation: [-0.00000746145566424f,-0.000006551926411066966f,0.000001182767802463365f,-0.35224872111175554f,0.000006651284701482562f,-0.000007256809195788642f,0.0000017604352063457226f,2.778464836449446f,-2.951121658029786e-7f,0.0000021002334631846546f,0.000009772508798139531f,-0.0431435265618718f,0f,0f,0f,1f], start_interpolation: 0, interpolation_duration: 1 }
$data merge entity $(bone_hand_right) { transformation: [-0.7461455664239999f,-0.6551926411066965f,0.11827678024633648f,-0.5569908067861374f,0.6651284701482562f,-0.7256809195788642f,0.17604352063457224f,2.639287224596514f,-0.029511216580297858f,0.21002334631846545f,0.9772508798139531f,-0.12120173056772024f,0f,0f,0f,1f], start_interpolation: 0, interpolation_duration: 1 }
$data merge entity $(bone_lowerarm_right) { transformation: [-0.9725308670221449f,-0.22100071178254727f,0.07309171006867199f,-0.6547145590274825f,0.21909031880793756f,-0.9751362781504123f,-0.03329671514727327f,2.208094151601879f,0.07863297586758206f,-0.01636839719000424f,0.9967692464555873f,-0.12843963120017524f,0f,0f,0f,1f], start_interpolation: 0, interpolation_duration: 1 }
$data merge entity $(bone_arm_right) { transformation: [-0.700338316978357f,0.6527857037020048f,-0.2887855031233404f,-0.34375f,-0.6575716634365517f,-0.747405514709452f,-0.09478662367225643f,1.850167710915421f,-0.2777152304379592f,0.12351445917048748f,0.9526901013228877f,-0.06098964276650564f,0f,0f,0f,1f], start_interpolation: 0, interpolation_duration: 1 }
$data merge entity $(bone_uppertail) { transformation: [-0.8883789146197254f,-0.033186058586670154f,0.45791002344845033f,0.10250715584654276f,-0.3714480317341796f,0.6381432827890018f,-0.6743882489724153f,0.5056077590644987f,-0.2698319176448223f,-0.7692020775756904f,-0.5792399330789956f,-0.4300424862088392f,0f,0f,0f,1f], start_interpolation: 0, interpolation_duration: 1 }
$data merge entity $(bone_middletail) { transformation: [-0.9705240060255662f,-0.014261016466860305f,0.24058216296604049f,0.011306692474478365f,-0.2052380016435822f,0.5721893445205399f,-0.7940256398243726f,0.8066190773097217f,-0.12633493740622767f,-0.8199975472076042f,-0.5582503973702817f,-0.21843611521319323f,0f,0f,0f,1f], start_interpolation: 0, interpolation_duration: 1 }
$data merge entity $(bone_tail) { transformation: [-0.9994426152358252f,-0.0107421027066836f,-0.031608006580823f,0.021875f,0.017358156962499625f,0.6415398324093896f,-0.7668933027605586f,1.1073605049560407f,0.028515841867977794f,-0.7670145048573537f,-0.6409957847763034f,-0.004928478514248255f,0f,0f,0f,1f], start_interpolation: 0, interpolation_duration: 1 }
$data merge entity $(bone_hair) { transformation: [-0.6893654271085455f,0.12155372436685125f,1.1716804206823332e-16f,0.12499999999999999f,0.11629648564861024f,0.6595501447443952f,-0.290912477171995f,2.3998223979373243f,-0.03536149506504266f,-0.20054500407687728f,-0.9567496697807915f,0.08452239176523008f,0f,0f,0f,1f], start_interpolation: 0, interpolation_duration: 1 }
$data merge entity $(bone_ear_left) { transformation: [-0.38268343236508995f,4.6314454420092436e-17f,-0.9238795325112866f,0.14264437500000002f,0.26876808341136305f,1.243774570715029f,-0.11132738528200987f,2.392391800284623f,0.8839214376474055f,-0.3781862203235935f,-0.36613224754587964f,-0.15318173671603816f,0f,0f,0f,1f], start_interpolation: 0, interpolation_duration: 1 }
$data merge entity $(bone_ear_right) { transformation: [-0.3826834323650897f,4.6314454420092436e-17f,0.9238795325112866f,-0.14264437499999996f,-0.26876808341136305f,1.243774570715029f,-0.11132738528200987f,2.392391800284623f,-0.8839214376474055f,-0.3781862203235935f,-0.3661322475458794f,-0.15318173671603819f,0f,0f,0f,1f], start_interpolation: 0, interpolation_duration: 1 }
$data merge entity $(bone_head) { transformation: [-1f,3.56265034000711e-17f,1.1716804206823332e-16f,1.0202477664052557e-17f,0f,0.9567496697807915f,-0.290912477171995f,1.9741983611833627f,-1.2246467991473532e-16f,-0.290912477171995f,-0.9567496697807915f,-0.08330955236363596f,0f,0f,0f,1f], start_interpolation: 0, interpolation_duration: 1 }
$data merge entity $(bone_body) { transformation: [-1f,1.8677468004703447e-17f,1.2103202062079214e-16f,-6.403984274441296e-18f,0f,0.9883014490795171f,-0.15251310024823017f,1.049158449074074f,-1.2246467991473532e-16f,-0.15251310024823017f,-0.9883014490795171f,0.0522925f,0f,0f,0f,1f], start_interpolation: 0, interpolation_duration: 1 }
$data merge entity $(bone_shoe_right) { transformation: [-0.9086748506448405f,-0.10284744064531129f,0.4046386286037034f,-0.09590283499831903f,0.04464258697085582f,0.9396926207859084f,0.3390941135865683f,0.33919690815435355f,-0.41511089510409893f,0.32619040818702827f,-0.8492836760309559f,-0.06537379965370341f,0f,0f,0f,1f], start_interpolation: 0, interpolation_duration: 1 }
$data merge entity $(bone_lowerleg_right) { transformation: [-0.9537169507482269f,-0.10284744064531129f,0.2825710208216924f,-0.1333572624146384f,0f,0.9396926207859084f,0.34202014332566866f,0.726759175925926f,-0.3007057995042732f,0.32619040818702827f,-0.8962007809365465f,0.0738654414136041f,0f,0f,0f,1f], start_interpolation: 0, interpolation_duration: 1 }
$data merge entity $(bone_leg_right) { transformation: [-0.9537169507482269f,0f,0.3007057995042732f,-0.125f,0f,1f,0f,1.082175925925926f,-0.3007057995042732f,0f,-0.9537169507482269f,0.060763888888888874f,0f,0f,0f,1f], start_interpolation: 0, interpolation_duration: 1 }
$data merge entity $(bone_shoe_left) { transformation: [-0.9668886342248485f,-0.044739294648713165f,-0.2512464219071442f,0.2412042670560986f,0.08730671533936485f,0.8671159833492867f,-0.4903951558456205f,0.6088482169354112f,0.23979972156668197f,-0.4960930023035348f,-0.8344985479927494f,0.680026572962674f,0f,0f,0f,1f], start_interpolation: 0, interpolation_duration: 1 }
$data merge entity $(bone_lowerleg_left) { transformation: [-0.984807753012208f,-0.1246435030149817f,-0.12090362593073879f,0.1848558918383177f,0f,0.6962562323149782f,-0.7177933260783016f,0.9095844877999741f,0.17364817766693022f,-0.7068884325823315f,-0.6856785356668598f,0.368107424073001f,0f,0f,0f,1f], start_interpolation: 0, interpolation_duration: 1 }
$data merge entity $(bone_leg_left) { transformation: [-0.984807753012208f,-0.15349474475690256f,-0.08119761658484256f,0.12499999999999999f,0f,0.46759843769040565f,-0.8839410054237171f,1.0583518518518518f,0.17364817766693022f,-0.8705119553466829f,-0.46049456673390743f,0.06250000000000001f,0f,0f,0f,1f], start_interpolation: 0, interpolation_duration: 1 }