# This file was generated by Animated Java via MC-Build. It is not recommended to edit this file directly.
$data merge entity $(bone_hammer) { transformation: [-1.28971360207252f,0.15341842301202893f,0.0556921189184624f,0.08196862558198004f,0.0765280361697914f,0.9602329313203494f,-0.872981200993427f,3.201414186747355f,-0.1441606198277503f,-0.8627951698337412f,-0.9616663717747685f,0.6412921276772137f,0f,0f,0f,1f], start_interpolation: 0, interpolation_duration: 1 }
$data merge entity $(bone_hand_left) { transformation: [-0.9984694424539916f,0.05501335934075371f,0.005683553436018622f,0.4212697430063166f,-0.05236153262166091f,-0.9072186199946304f,-0.41738788367242896f,2.58070509647343f,-0.017805684124057503f,-0.4170466470661087f,0.9087106534996666f,0.4768657078885189f,0f,0f,0f,1f], start_interpolation: 0, interpolation_duration: 1 }
$data merge entity $(bone_lowerarm_left) { transformation: [-0.9984694424539916f,0.054362668801183886f,0.010172154463424163f,0.4453082356168401f,-0.05236153262166091f,-0.869967853995746f,-0.4903205103965641f,2.196016186034686f,-0.017805684124057503f,-0.4901026762371831f,0.8714828307878622f,0.26014843073988947f,0f,0f,0f,1f], start_interpolation: 0, interpolation_duration: 1 }
$data merge entity $(bone_arm_left) { transformation: [-0.9763914909461079f,-0.20503870913179065f,-0.06796163745529933f,0.34375f,0.1958531283715219f,-0.7076212411683951f,-0.6789062756775697f,1.8455225400184654f,0.09111096813844506f,-0.6761888100263631f,0.7310728313102646f,-0.07477633922629356f,0f,0f,0f,1f], start_interpolation: 0, interpolation_duration: 1 }
$data merge entity $(bone_bread) { transformation: [-0.000005985656160850013f,-0.000007959668887722138f,9.031010585236296e-7f,-0.22521397628279977f,0.000007808229924082663f,-0.000005545262712186423f,0.0000028777781195733305f,2.7253918341661523f,-0.0000017898228338968204f,0.000002427701104061844f,0.00000953429607116323f,-0.18648476237229436f,0f,0f,0f,1f], start_interpolation: 0, interpolation_duration: 1 }
$data merge entity $(bone_hand_right) { transformation: [-0.5985656160850013f,-0.7959668887722138f,0.09031010585236296f,-0.44803084743857946f,0.7808229924082662f,-0.5545262712186423f,0.28777781195733304f,2.6169184228679243f,-0.17898228338968203f,0.24277011040618435f,0.9534296071163229f,-0.263743894322337f,0f,0f,0f,1f], start_interpolation: 0, interpolation_duration: 1 }
$data merge entity $(bone_lowerarm_right) { transformation: [-0.9277631531221773f,-0.37302983401316925f,0.010211495723098096f,-0.6129799771662777f,0.37237226584479083f,-0.923646398772053f,0.09064339835329994f,2.208493530910907f,-0.024380880591405252f,0.08789808286604192f,0.995831059813894f,-0.22487646080500914f,0f,0f,0f,1f], start_interpolation: 0, interpolation_duration: 1 }
$data merge entity $(bone_arm_right) { transformation: [-0.7303338287636946f,0.5711381711709216f,-0.3747181447366778f,-0.34375f,-0.6384559921586083f,-0.765778894287218f,0.07717921443636254f,1.8455225400184654f,-0.24287125116021818f,0.29560763605797147f,0.9239208195857962f,-0.07477633922629368f,0f,0f,0f,1f], start_interpolation: 0, interpolation_duration: 1 }
$data merge entity $(bone_uppertail) { transformation: [-0.8557221067656903f,-0.034476229355081066f,0.5162858371115213f,0.11504507686348385f,-0.4067256866185668f,0.6616174453082138f,-0.629949658233488f,0.5187493058370654f,-0.31986542769912457f,-0.749048560290512f,-0.5801830422285428f,-0.44793352637129524f,0f,0f,0f,1f], start_interpolation: 0, interpolation_duration: 1 }
$data merge entity $(bone_middletail) { transformation: [-0.9612915453719247f,-0.012878730592297223f,0.2752320895077237f,0.010709502807378831f,-0.22796626767433245f,0.5982272785422243f,-0.7682157926068681f,0.8099770994217395f,-0.15475769964396352f,-0.8012229786434578f,-0.5780067412190049f,-0.22883753209677948f,0f,0f,0f,1f], start_interpolation: 0, interpolation_duration: 1 }
$data merge entity $(bone_tail) { transformation: [-0.9994093598250461f,-0.00920177312400599f,-0.03310980014234209f,0.021875f,0.018592612610837965f,0.6655001072666978f,-0.7461661490474604f,1.1037917187562354f,0.02890062716265556f,-0.7463410310303111f,-0.6649359511638825f,-0.005922957666942112f,0f,0f,0f,1f], start_interpolation: 0, interpolation_duration: 1 }
$data merge entity $(bone_hair) { transformation: [-0.6893654271085455f,0.12155372436685125f,1.1548303414074438e-16f,0.125f,0.11462401168047057f,0.6500650735351007f,-0.3328195445229866f,2.401761080430094f,-0.04045545517884817f,-0.22943428746016023f,-0.9429905358928644f,0.049669511236245995f,0f,0f,0f,1f], start_interpolation: 0, interpolation_duration: 1 }
$data merge entity $(bone_ear_left) { transformation: [-0.38268343236508995f,5.298623068618823e-17f,-0.9238795325112866f,0.14264437500000002f,0.30748516520451624f,1.2258876966607237f,-0.12736452565624234f,2.3838556062548326f,0.8712096554632672f,-0.4326654078798826f,-0.3608668549632769f,-0.18747571952556924f,0f,0f,0f,1f], start_interpolation: 0, interpolation_duration: 1 }
$data merge entity $(bone_ear_right) { transformation: [-0.3826834323650897f,5.298623068618823e-17f,0.9238795325112866f,-0.14264437499999996f,-0.30748516520451624f,1.2258876966607237f,-0.12736452565624234f,2.3838556062548326f,-0.8712096554632672f,-0.4326654078798826f,-0.3608668549632767f,-0.1874757195255693f,0f,0f,0f,1f], start_interpolation: 0, interpolation_duration: 1 }
$data merge entity $(bone_head) { transformation: [-1f,4.075863898937556e-17f,1.1548303414074438e-16f,1.2152208416102389e-17f,0f,0.9429905358928644f,-0.3328195445229866f,1.9691501412175274f,-1.2246467991473532e-16f,-0.3328195445229866f,-0.9429905358928644f,-0.09923031215664163f,0f,0f,0f,1f], start_interpolation: 0, interpolation_duration: 1 }
$data merge entity $(bone_body) { transformation: [-1f,2.0760397858914212e-17f,1.2069218577587435e-16f,-6.403984274441296e-18f,0f,0.9855264869830628f,-0.16952151325074633f,1.046584375f,-1.2246467991473532e-16f,-0.16952151325074633f,-0.9855264869830628f,0.0522925f,0f,0f,0f,1f], start_interpolation: 0, interpolation_duration: 1 }
$data merge entity $(bone_shoe_right) { transformation: [-0.9092955140906037f,-0.11507512748638375f,0.3999242216829298f,-0.0925519448147577f,0.04995021125231481f,0.9238795325112867f,0.3794095225512603f,0.3546741253615641f,-0.4131424021454997f,0.3649716762170987f,-0.8343314875448051f,-0.08000486332099782f,0f,0f,0f,1f], start_interpolation: 0, interpolation_duration: 1 }
$data merge entity $(bone_lowerleg_right) { transformation: [-0.9537169507482269f,-0.11507512748638375f,0.2778159334694406f,-0.13440192021646824f,0f,0.9238795325112867f,0.3826834323650897f,0.732510892578125f,-0.3007057995042732f,0.3649716762170987f,-0.8811195706053617f,0.07517931006686712f,0f,0f,0f,1f], start_interpolation: 0, interpolation_duration: 1 }
$data merge entity $(bone_leg_right) { transformation: [-0.9537169507482269f,0f,0.3007057995042732f,-0.125f,0f,1f,0f,1.085479736328125f,-0.3007057995042732f,0f,-0.9537169507482269f,0.060440063476562486f,0f,0f,0f,1f], start_interpolation: 0, interpolation_duration: 1 }
$data merge entity $(bone_shoe_left) { transformation: [-0.9697051943753712f,-0.051339480680855094f,-0.23882230575229682f,0.2508995325762101f,0.09357911472542485f,0.82500956348818f,-0.5573169380525309f,0.7059630803223228f,0.2256430483942043f,-0.5627819096919008f,-0.7952117559712684f,0.7298629538683854f,0f,0f,0f,1f], start_interpolation: 0, interpolation_duration: 1 }
$data merge entity $(bone_lowerleg_left) { transformation: [-0.984807753012208f,-0.13842583555083754f,-0.10484263283177438f,0.18860704150107083f,0f,0.6037646593266883f,-0.7971626158746583f,0.965906562090394f,0.17364817766693025f,-0.7850519245248562f,-0.5945921174996972f,0.3842330487831747f,0f,0f,0f,1f], start_interpolation: 0, interpolation_duration: 1 }
$data merge entity $(bone_leg_left) { transformation: [-0.984807753012208f,-0.16475144726040095f,-0.054869392493894914f,0.12499999999999999f,0f,0.315980237921865f,-0.9487657715383927f,1.058f,0.17364817766693025f,-0.9343518876036184f,-0.31117978810409486f,0.06250000000000001f,0f,0f,0f,1f], start_interpolation: 0, interpolation_duration: 1 }