# This file was generated by Animated Java via MC-Build. It is not recommended to edit this file directly.
$data merge entity $(bone_hammer) { transformation: [-0.000015340041465010715f,0.0000016892767782024132f,0.000013994900842669662f,0.10430190363086075f,0.000006867634535342343f,-0.00001716698508956653f,0.000009599895655753322f,1.9084767682559176f,0.000012310422475224118f,0.000011681983764712417f,0.000012083564522948952f,-0.61563335236802f,0f,0f,0f,1f], start_interpolation: 0, interpolation_duration: 1 }
$data merge entity $(bone_hand_left) { transformation: [-0.7363219903205143f,0.6717552404481437f,-0.08108528535371567f,0.214322060673394f,0.3296464576964324f,0.4607949914761592f,0.8240152842991936f,1.5498845550730072f,0.5909002788107576f,0.5800110971015496f,-0.5607352207061957f,-0.3504127737661353f,0f,0f,0f,1f], start_interpolation: 0, interpolation_duration: 1 }
$data merge entity $(bone_lowerarm_left) { transformation: [-0.9396873894041988f,0.3322841956726629f,-0.08108528535371567f,0.3612539784473996f,0.1243553700495103f,0.5527518007036872f,0.8240152842991936f,1.7943044919466689f,0.31862729345517676f,0.7642333806665362f,-0.5607352207061957f,-0.012478325752651342f,0f,0f,0f,1f], start_interpolation: 0, interpolation_duration: 1 }
$data merge entity $(bone_arm_left) { transformation: [-0.9631237140895734f,0.2297455447996491f,0.14003462430062966f,0.4750498186059758f,0.07885874002306129f,-0.25656726800129004f,0.9633039686995635f,1.6672235170147798f,0.2572430960789449f,0.9388238501630999f,0.22898857588240526f,0.45253286253125913f,0f,0f,0f,1f], start_interpolation: 0, interpolation_duration: 1 }
$data merge entity $(bone_bread) { transformation: [0.0000028661697360378205f,-0.000009360838489787538f,0.000002039552355869567f,0.4656784799345982f,0.00000910336644289975f,0.0000019975824435375594f,-0.0000036246908540670463f,1.3224311643450815f,0.0000029855971681570943f,0.0000028955771703380198f,0.000009094055333024407f,1.2177769260363323f,0f,0f,0f,1f], start_interpolation: 0, interpolation_duration: 1 }
$data merge entity $(bone_hand_right) { transformation: [0.286616973603782f,-0.9360838489787537f,0.2039552355869567f,0.2533292943723626f,0.910336644289975f,0.19975824435375594f,-0.3624690854067046f,1.4683329562414271f,0.2985597168157094f,0.28955771703380195f,0.9094055333024406f,1.1861019672756532f,0f,0f,0f,1f], start_interpolation: 0, interpolation_duration: 1 }
$data merge entity $(bone_lowerarm_right) { transformation: [0.286616973603782f,-0.9579192484746161f,0.015537819796740987f,-0.17025062331250665f,0.910336644289975f,0.26725407664983314f,-0.31601020960866577f,1.5865093682600253f,0.2985597168157094f,0.10471853663928019f,0.948628548789805f,1.2324071951958349f,0f,0f,0f,1f], start_interpolation: 0, interpolation_duration: 1 }
$data merge entity $(bone_arm_right) { transformation: [0.46402448595952206f,0.2368629946318298f,-0.8535673366548435f,-0.05292942128392845f,0.8569292420225805f,0.12406537845166354f,0.5002799776487674f,1.647960501024365f,0.22439596831629366f,-0.9635889702791782f,-0.1454054529916457f,0.7551295333544293f,0f,0f,0f,1f], start_interpolation: 0, interpolation_duration: 1 }
$data merge entity $(bone_uppertail) { transformation: [-0.9551272374077715f,-0.18986999153592013f,-0.22733531770481255f,-0.1270811415288988f,-0.18903012449623172f,0.9816357478764144f,-0.02566847334867474f,1.0724492161364592f,0.22803414743133887f,0.018456565370136374f,-0.973478188148045f,-0.6365879068435796f,0f,0f,0f,1f], start_interpolation: 0, interpolation_duration: 1 }
$data merge entity $(bone_middletail) { transformation: [-0.9551272374077715f,-0.21055901170393365f,-0.20831913726794565f,-0.0502374579638998f,-0.18903012449623172f,0.9747855533837548f,-0.11857797834027162f,1.1223564802727743f,0.22803414743133887f,-0.07387846441683488f,-0.9708462288646298f,-0.273355152093248f,0f,0f,0f,1f], start_interpolation: 0, interpolation_duration: 1 }
$data merge entity $(bone_tail) { transformation: [-0.9551272374077715f,-0.21915134834597172f,-0.19926024912144671f,0.012210608846437765f,-0.18903012449623172f,0.9689221464966156f,-0.15955402239157185f,1.1738918506482434f,0.22803414743133887f,-0.11472820292558256f,-0.9668701397078767f,0.03107954879950444f,0f,0f,0f,1f], start_interpolation: 0, interpolation_duration: 1 }
$data merge entity $(bone_hair) { transformation: [-0.43877786621091325f,0.23396642791193956f,-0.7038287342892982f,0.5718252722983275f,0.07071198719873827f,0.6513885485364573f,0.3519414773416366f,1.9746416496572057f,0.5408084679346313f,0.10465500200991082f,-0.6170594050132538f,0.8310487200031506f,0f,0f,0f,1f], start_interpolation: 0, interpolation_duration: 1 }
$data merge entity $(bone_ear_left) { transformation: [0.11716466183948956f,0.38991894923235315f,-0.9190477215348297f,0.34105018965968537f,0.857917527997917f,0.4432467078642529f,0.2845452818649455f,2.0808178699845765f,0.5002498947226093f,-0.8514821216942496f,-0.27273662773825763f,0.5788796541080455f,0f,0f,0f,1f], start_interpolation: 0, interpolation_duration: 1 }
$data merge entity $(bone_ear_right) { transformation: [-0.4348689843764787f,-0.7236284033650977f,0.5684321222750851f,0.08639923289396324f,-0.8871346789616608f,0.4565130186710654f,-0.13733756415458542f,2.05571154482167f,-0.15453487571082986f,-0.5843663510119426f,-0.8111863631977109f,0.8035208837594101f,0f,0f,0f,1f], start_interpolation: 0, interpolation_duration: 1 }
$data merge entity $(bone_head) { transformation: [-0.6753424119097291f,0.22031282183448672f,-0.7038287342892982f,0.20828566988495315f,-0.06210674454606453f,0.9339592864833436f,0.3519414773416366f,1.7322449870519554f,0.7348846024770417f,0.28139351756365955f,-0.6170594050132538f,0.6465732539710121f,0f,0f,0f,1f], start_interpolation: 0, interpolation_duration: 1 }
$data merge entity $(bone_body) { transformation: [-0.8507454759112172f,0.19131744696553082f,-0.4895199380037426f,0.02596464992828628f,-0.19851605398944616f,0.7454293776354355f,0.6363382899578703f,1.0398392578125f,0.4866451597674183f,0.6385394877723998f,-0.5961910860037286f,0.04539099591715898f,0f,0f,0f,1f], start_interpolation: 0, interpolation_duration: 1 }
$data merge entity $(bone_shoe_right) { transformation: [-0.9764615460854295f,0.2143777205918527f,0.023770610642011483f,-0.11700577669686373f,0.1350160632492463f,0.5215663248881494f,0.8424602254156248f,0.5819266036633108f,0.16820675278099895f,0.8258394284947357f,-0.5382338958690365f,0.2640154986908605f,0f,0f,0f,1f], start_interpolation: 0, interpolation_duration: 1 }
$data merge entity $(bone_lowerleg_right) { transformation: [-0.9764615460854295f,0.19788715062420154f,-0.08581098201446684f,-0.029664851623267f,0.1350160632492463f,0.8710350385800536f,0.47230141247991264f,0.9645845225468107f,0.16820675278099895f,0.44959830647332255f,-0.8772501645113512f,0.4559933082686942f,0f,0f,0f,1f], start_interpolation: 0, interpolation_duration: 1 }
$data merge entity $(bone_leg_right) { transformation: [-0.9764615460854295f,-0.10674848544215965f,-0.18742361076517974f,-0.07746969200414935f,0.1350160632492463f,0.3751363289493074f,-0.9170841822685162f,1.04202880859375f,0.16820675278099895f,-0.9208026365938807f,-0.35189343949643315f,0.11631722495306634f,0f,0f,0f,1f], start_interpolation: 0, interpolation_duration: 1 }
$data merge entity $(bone_shoe_left) { transformation: [-0.9424904037023164f,0.21208482486145885f,-0.25832511684412146f,0.07782902836766091f,-0.23976550022020054f,0.10945728345157471f,0.9646406626322358f,0.7126068814598472f,0.23286121152566736f,0.9711020184114983f,-0.052311815146412144f,-0.7313386469474961f,0f,0f,0f,1f], start_interpolation: 0, interpolation_duration: 1 }
$data merge entity $(bone_lowerleg_left) { transformation: [-0.943619386259006f,0.1113164252498186f,-0.31175488343533375f,0.12183086417392644f,-0.26000477170353165f,0.3336712581966544f,0.906124169275302f,0.8561365501292263f,0.20489014756100715f,0.9360940897810772f,-0.2859158661378649f,-0.3305788495131462f,0f,0f,0f,1f], start_interpolation: 0, interpolation_duration: 1 }
$data merge entity $(bone_leg_left) { transformation: [-0.943619386259006f,0.047212615976043315f,-0.32764832178553216f,0.13953559516494268f,-0.26000477170353165f,0.5069106059053967f,0.8218510548219903f,1.04622802734375f,0.20489014756100715f,0.8607047150523357f,-0.46605516939425357f,-0.00781458136852032f,0f,0f,0f,1f], start_interpolation: 0, interpolation_duration: 1 }