# This file was generated by Animated Java via MC-Build. It is not recommended to edit this file directly.
$data merge entity $(bone_hammer) { transformation: [-0.000018970158768241375f,-0.0000035477935515037624f,-0.000007846911175832249f,0.697427040038542f,-0.000007089704060296674f,-0.000004341887343155668f,0.000019102667049774365f,0.7638336214907233f,-0.000004888450718060434f,0.000020064619433047576f,0.0000027462473235019232f,-1.1524668494422867f,0f,0f,0f,1f], start_interpolation: 0, interpolation_duration: 1 }
$data merge entity $(bone_hand_left) { transformation: [-0.9105676208755858f,-0.37665173643994787f,0.1702940904721805f,0.6354209206530508f,-0.3403057948942403f,0.9169280183891695f,0.20841059247147226f,0.7411685692094158f,-0.2346456344669008f,0.1318198715280925f,-0.9631017327862836f,-0.697850195338153f,0f,0f,0f,1f], start_interpolation: 0, interpolation_duration: 1 }
$data merge entity $(bone_lowerarm_left) { transformation: [-0.9164900553162785f,-0.35908727995714756f,0.17635845281511672f,0.47663701404699954f,-0.3253915396764481f,0.925555255321979f,0.19356604881243122f,1.1504375336721033f,-0.23273659878359299f,0.12001581028699126f,-0.9651061500517968f,-0.6447807042268741f,0f,0f,0f,1f], start_interpolation: 0, interpolation_duration: 1 }
$data merge entity $(bone_arm_left) { transformation: [-0.9175591469021146f,-0.38251821450447226f,-0.108466711522818f,0.2871709609252531f,-0.3223405113657013f,0.5559551429323011f,0.766166087594343f,1.4258090654057587f,-0.23276985773240028f,0.7379659169768172f,-0.6334228435348722f,-0.2792569609742943f,0f,0f,0f,1f], start_interpolation: 0, interpolation_duration: 1 }
$data merge entity $(bone_bread) { transformation: [5.682308670377077e-7f,-0.000005970415704207266f,-0.000008001952886683399f,-0.5147486306480186f,0.000009595619015957396f,0.000002539901202106994f,-0.0000012136711186034965f,1.204497542325884f,0.0000027570290862343828f,-0.000007609404589223174f,0.00000587330847267253f,0.21740970246838662f,0f,0f,0f,1f], start_interpolation: 0, interpolation_duration: 1 }
$data merge entity $(bone_hand_right) { transformation: [0.056823086703770766f,-0.5970415704207266f,-0.8001952886683398f,-0.5417756201750243f,0.9595619015957395f,0.2539901202106994f,-0.12136711186034965f,1.3352013889542518f,0.27570290862343827f,-0.7609404589223173f,0.5873308472672529f,-0.005230947040312017f,0f,0f,0f,1f], start_interpolation: 0, interpolation_duration: 1 }
$data merge entity $(bone_lowerarm_right) { transformation: [0.056823086703770766f,-0.37258777528566683f,-0.9262556269870281f,-0.7065292770591551f,0.9595619015957395f,0.2765798577315607f,-0.052388350834491754f,1.4575015447949262f,0.27570290862343827f,-0.8858227429936911f,0.37323715540083785f,-0.39693069120783475f,0f,0f,0f,1f], start_interpolation: 0, interpolation_duration: 1 }
$data merge entity $(bone_arm_right) { transformation: [0.053162628793564363f,0.993276404331125f,0.10283831726933772f,-0.21454705803889473f,0.9617234173049468f,-0.07865081029503837f,0.2624921306386702f,1.418544815320665f,0.26881555666860607f,0.0849472462117824f,-0.9594384617337282f,-0.3548552583185613f,0f,0f,0f,1f], start_interpolation: 0, interpolation_duration: 1 }
$data merge entity $(bone_uppertail) { transformation: [-0.9996775431234246f,0.017515111256980048f,0.018385609926492623f,0.014927202121185293f,0.0170969162258704f,0.9995969900615623f,-0.02266170592497685f,0.10492909478481294f,-0.018775122643516946f,-0.02234006126939181f,-0.9995741175281605f,-0.18412799253315335f,0f,0f,0f,1f], start_interpolation: 0, interpolation_duration: 1 }
$data merge entity $(bone_middletail) { transformation: [-0.9996775431234246f,0.025157055382370043f,-0.003454321815045564f,0.017074842368700507f,0.0170969162258704f,0.5662353079126318f,-0.8240663028717121f,0.4137326260943216f,-0.018775122643516946f,-0.8238596352762864f,-0.5664828295121975f,-0.017277397818965114f,0f,0f,0f,1f], start_interpolation: 0, interpolation_duration: 1 }
$data merge entity $(bone_tail) { transformation: [-0.9996775431234246f,0.019304835823261594f,-0.01649645684837957f,0.0225607666131622f,0.0170969162258704f,0.03136387380342559f,-0.9993617977867715f,0.7515863819104392f,-0.018775122643516946f,-0.9993215852436491f,-0.03168381346746585f,-0.019786167376945357f,0f,0f,0f,1f], start_interpolation: 0, interpolation_duration: 1 }
$data merge entity $(bone_hair) { transformation: [-0.6897831153217707f,0.11832641948518825f,0.020107480017876014f,0.13292374197525622f,0.1176977735991436f,0.6894616221370742f,-0.040150372705690385f,1.8961793486619423f,-0.018614185633473793f,-0.025328443535468145f,-0.9989913096813832f,-0.14711541110357723f,0f,0f,0f,1f], start_interpolation: 0, interpolation_duration: 1 }
$data merge entity $(bone_ear_left) { transformation: [-0.530664733259509f,0.2667985658245633f,-0.8225478983379914f,0.15430229210650043f,0.0626951872939587f,1.2751488108060578f,0.20249025272766083f,1.9492508022377448f,0.845259873864121f,0.07291828010762147f,-0.5314251146587272f,-0.36584532672338094f,0f,0f,0f,1f], start_interpolation: 0, interpolation_duration: 1 }
$data merge entity $(bone_ear_right) { transformation: [-0.4958878711119362f,-0.3055176976734542f,0.8362233167539707f,-0.1299688216554336f,-0.06828973287179832f,1.266301569666648f,0.23124969849403584f,1.9480217951945669f,-0.8656972517389498f,0.0751153184649867f,-0.4972465600317476f,-0.37093907538712945f,0f,0f,0f,1f], start_interpolation: 0, interpolation_duration: 1 }
$data merge entity $(bone_head) { transformation: [-0.9997870385417851f,-0.004644008094079056f,0.020107480017876014f,0.015333150534364001f,-0.00544867757525209f,0.9991787925513006f,-0.040150372705690385f,1.5259828626593814f,-0.019904508949685238f,-0.040251381399239505f,-0.9989913096813832f,-0.4192833678669505f,0f,0f,0f,1f], start_interpolation: 0, interpolation_duration: 1 }
$data merge entity $(bone_body) { transformation: [-0.9997466899688189f,0.017681099682855434f,0.013926040729336373f,-0.0010985110306974818f,0.008080140092317176f,0.8594609696702435f,-0.5111375088462724f,0.7188621527777778f,-0.021006361714460086f,-0.5108955082279446f,-0.8593861253476411f,0.05228096049008124f,0f,0f,0f,1f], start_interpolation: 0, interpolation_duration: 1 }
$data merge entity $(bone_shoe_right) { transformation: [-0.9856989470074996f,0.0016487914141669357f,0.16850776645359425f,-0.17717881863787727f,-0.0055445098401290995f,0.9990934259763606f,-0.042208821133162405f,0.25938062937762446f,-0.16842459523163236f,-0.04253948351462627f,-0.9847961962067938f,0.35119763751137106f,0f,0f,0f,1f], start_interpolation: 0, interpolation_duration: 1 }
$data merge entity $(bone_lowerleg_right) { transformation: [-0.9840187636902769f,-0.001891423080308277f,0.1780547534445242f,-0.17583699489326654f,-0.005749918522769418f,0.9997596363718991f,-0.021156746406518656f,0.6946976664571651f,-0.17797193919952814f,-0.021842435767549073f,-0.9837931168987208f,0.33717693150419914f,0f,0f,0f,1f], start_interpolation: 0, interpolation_duration: 1 }
$data merge entity $(bone_leg_right) { transformation: [-0.9840187636902769f,0.14899621737072402f,0.09750487123562075f,-0.12628535642164265f,-0.005749918522769418f,0.520707365233506f,-0.8537158650444314f,0.7981481481481482f,-0.17797193919952814f,-0.8406330751289747f,-0.5115291016714135f,0.05986032704102677f,0f,0f,0f,1f], start_interpolation: 0, interpolation_duration: 1 }
$data merge entity $(bone_shoe_left) { transformation: [-0.9982053706957983f,0.026746287767113557f,0.0535786711737277f,0.22265863389495857f,-0.031839358394103866f,0.5207236842734573f,-0.8531313497309359f,0.2994409505776328f,-0.05071777963510919f,-0.8533062057241558f,-0.5189375936483395f,0.6623970413004057f,0f,0f,0f,1f], start_interpolation: 0, interpolation_duration: 1 }
$data merge entity $(bone_lowerleg_left) { transformation: [-0.9923748001474325f,-0.12068387884592287f,0.02505309200569587f,0.16899036484711935f,-0.10029123055680438f,0.6724579523657246f,-0.7333089194694816f,0.5928367576470801f,0.07165141384330918f,-0.7302298978313607f,-0.6794338608043137f,0.3368806409613146f,0f,0f,0f,1f], start_interpolation: 0, interpolation_duration: 1 }
$data merge entity $(bone_leg_left) { transformation: [-0.9923748001474325f,-0.12088237163016623f,0.02407713150293525f,0.12365947548580701f,-0.10029123055680438f,0.6783612388670455f,-0.7278514262376415f,0.8472222222222222f,0.07165141384330918f,-0.7247161387963108f,-0.6853120406518635f,0.06511208891269805f,0f,0f,0f,1f], start_interpolation: 0, interpolation_duration: 1 }