# This file was generated by Animated Java via MC-Build. It is not recommended to edit this file directly.
$data merge entity $(bone_hammer) { transformation: [-0.000019869102633547845f,-0.000004026875178769384f,-0.000004799043093152124f,0.5935017642475603f,-0.00000442981605722817f,-0.000002254005956677008f,0.000020231756340569293f,0.7206762193113629f,-0.0000044298157991550305f,0.000020315794624371783f,0.000001293444449398917f,-1.0016034048756879f,0f,0f,0f,1f], start_interpolation: 0, interpolation_duration: 1 }
$data merge entity $(bone_hand_left) { transformation: [-0.9537169264102964f,-0.23035406847130196f,0.19329000858093032f,0.5320530692023074f,-0.21263117074695215f,0.971124304347326f,0.10819228592049657f,0.7413836835320913f,-0.2126311583594414f,0.062085333571148205f,-0.9751581419698455f,-0.5468177142171287f,0f,0f,0f,1f], start_interpolation: 0, interpolation_duration: 1 }
$data merge entity $(bone_lowerarm_left) { transformation: [-0.9537169264102964f,-0.23035406847130196f,0.19329000858093032f,0.4301933795501536f,-0.21263117074695215f,0.971124304347326f,0.10819228592049657f,1.1708027118606745f,-0.2126311583594414f,0.062085333571148205f,-0.9751581419698455f,-0.5193643557786366f,0f,0f,0f,1f], start_interpolation: 0, interpolation_duration: 1 }
$data merge entity $(bone_arm_left) { transformation: [-0.9537169264102964f,-0.3007058766943163f,-4.070396322221738e-9f,0.28125000000000006f,-0.21263117074695215f,0.6743797160696936f,0.707106769717657f,1.5048314149764446f,-0.2126311583594414f,0.6743796959245301f,-0.7071067926554377f,-0.18533566264101775f,0f,0f,0f,1f], start_interpolation: 0, interpolation_duration: 1 }
$data merge entity $(bone_bread) { transformation: [-1.2465561829717631e-7f,-0.00000501270233738682f,-0.00000865200995454719f,-0.5598881292718068f,0.000009341171322740372f,0.000003028696465456638f,-0.0000018893162888577884f,1.2041467558897292f,0.000003567489214565314f,-0.000008105542116162692f,0.000004644696729289541f,0.3523680779181433f,0f,0f,0f,1f], start_interpolation: 0, interpolation_duration: 1 }
$data merge entity $(bone_hand_right) { transformation: [-0.01246556182971763f,-0.501270233738682f,-0.865200995454719f,-0.562169966084661f,0.9341171322740371f,0.3028696465456638f,-0.18893162888577883f,1.3523982654494429f,0.35674892145653136f,-0.8105542116162691f,0.46446967292895414f,0.13929744260199836f,0f,0f,0f,1f], start_interpolation: 0, interpolation_duration: 1 }
$data merge entity $(bone_lowerarm_right) { transformation: [-0.01246556182971763f,-0.3434142363637697f,-0.9391013108450857f,-0.7140234487267654f,0.9341171322740371f,0.3310760091298971f,-0.13346857072265841f,1.4987959382365692f,0.35674892145653136f,-0.8788943841220678f,0.316662073192058f,-0.24933866787697842f,0f,0f,0f,1f], start_interpolation: 0, interpolation_duration: 1 }
$data merge entity $(bone_arm_right) { transformation: [-0.01246556182971763f,0.9999211583127123f,-0.0015122588513028466f,-0.21874999999999997f,0.9341171322740371f,0.012184766920626533f,0.3567586223866481f,1.504831205601942f,0.35674892145653136f,0.003034569764210601f,-0.934195374868634f,-0.24783560754064285f,0f,0f,0f,1f], start_interpolation: 0, interpolation_duration: 1 }
$data merge entity $(bone_uppertail) { transformation: [-1f,1.7297744983295505e-17f,1.2123689968450796e-16f,0.022248125000000032f,0f,0.9899744135935178f,-0.14124680679636664f,0.16343720931618605f,-1.2246467991473532e-16f,-0.14124680679636664f,-0.9899744135935178f,-0.2559604341178257f,0f,0f,0f,1f], start_interpolation: 0, interpolation_duration: 1 }
$data merge entity $(bone_middletail) { transformation: [-1f,9.54949235751657e-17f,7.667018584816287e-17f,0.022248125000000007f,0f,0.6260595781701601f,-0.7797752269605651f,0.4590258607840584f,-1.2246467991473532e-16f,-0.7797752269605651f,-0.6260595781701601f,-0.0618648217324417f,0f,0f,0f,1f], start_interpolation: 0, interpolation_duration: 1 }
$data merge entity $(bone_tail) { transformation: [-1f,1.2060416625018976e-16f,2.1265768495757713e-17f,0.021875000000000002f,0f,0.17364817766693036f,-0.9848077530122079f,0.7965452291167436f,-1.2246467991473532e-16f,-0.9848077530122079f,-0.17364817766693036f,-0.017105516575227096f,0f,0f,0f,1f], start_interpolation: 0, interpolation_duration: 1 }
$data merge entity $(bone_hair) { transformation: [-0.6893654271085455f,0.12155372436685122f,1.2234812067540777e-16f,0.125f,0.12143803215535404f,0.6887093039728102f,0.04361938736533605f,1.9656675452914563f,0.005302098988856887f,0.030069697601317995f,-0.9990482215818577f,0.0008038352745304844f,0f,0f,0f,1f], start_interpolation: 0, interpolation_duration: 1 }
$data merge entity $(bone_ear_left) { transformation: [-0.38268343236508995f,-6.944384605304551e-18f,-0.9238795325112866f,0.14264437500000002f,-0.04029905920751539f,1.298762688056415f,0.016692416874629232f,2.0376647272220807f,0.923000203911279f,0.056705203574936865f,-0.38231920253318424f,-0.22585642209884352f,0f,0f,0f,1f], start_interpolation: 0, interpolation_duration: 1 }
$data merge entity $(bone_ear_right) { transformation: [-0.3826834323650897f,-6.944384605304551e-18f,0.9238795325112866f,-0.14264437499999996f,0.04029905920751539f,1.298762688056415f,0.016692416874629232f,2.0376647272220807f,-0.923000203911279f,0.056705203574936865f,-0.382319202533184f,-0.22585642209884355f,0f,0f,0f,1f], start_interpolation: 0, interpolation_duration: 1 }
$data merge entity $(bone_head) { transformation: [-1f,-5.341834311772731e-18f,1.2234812067540777e-16f,3.661091315587047e-17f,0f,0.9990482215818577f,0.04361938736533605f,1.6200224309697537f,-1.2246467991473532e-16f,0.04361938736533605f,-0.9990482215818577f,-0.29895079284378495f,0f,0f,0f,1f], start_interpolation: 0, interpolation_duration: 1 }
$data merge entity $(bone_body) { transformation: [-1f,4.6865204053262974e-17f,1.1314261122877003e-16f,-6.403984274441296e-18f,0f,0.9238795325112867f,-0.3826834323650897f,0.753584375f,-1.2246467991473532e-16f,-0.3826834323650897f,-0.9238795325112867f,0.0522925f,0f,0f,0f,1f], start_interpolation: 0, interpolation_duration: 1 }
$data merge entity $(bone_shoe_right) { transformation: [-0.984807753012208f,1.3877787807814457e-17f,0.17364817766693047f,-0.17547556341398263f,0f,1f,0f,0.25344181013202904f,-0.17364817766693041f,-1.6653345369377348e-16f,-0.9848077530122081f,0.34111277807675516f,0f,0f,0f,1f], start_interpolation: 0, interpolation_duration: 1 }
$data merge entity $(bone_lowerleg_right) { transformation: [-0.984807753012208f,1.3877787807814457e-17f,0.17364817766693047f,-0.1733301972802145f,0f,1f,0f,0.690346810132029f,-0.17364817766693041f,-1.6653345369377348e-16f,-0.9848077530122081f,0.3365941691738176f,0f,0f,0f,1f], start_interpolation: 0, interpolation_duration: 1 }
$data merge entity $(bone_leg_right) { transformation: [-0.984807753012208f,0.14224425972292412f,0.09960050292505129f,-0.125f,0f,0.5735764363510463f,-0.8191520442889917f,0.81875f,-0.17364817766693041f,-0.8067072841115988f,-0.5648625214636236f,0.062499999999999986f,0f,0f,0f,1f], start_interpolation: 0, interpolation_duration: 1 }
$data merge entity $(bone_shoe_left) { transformation: [-0.9997411681913707f,0.0019661130769760547f,0.022665635281677386f,0.2322916097758147f,-0.01607518868388215f,0.6439408781134137f,-0.7649063562314693f,0.2553482187000465f,-0.0160992214759305f,-0.7650727284996468f,-0.6437426000925949f,0.5835004938740689f,0f,0f,0f,1f], start_interpolation: 0, interpolation_duration: 1 }
$data merge entity $(bone_lowerleg_left) { transformation: [-0.9914448648197001f,-0.13052616604591064f,-4.5872670276781334e-8f,0.1739473122672165f,-0.09998881772664966f,0.7594908543164748f,-0.6427875843070229f,0.583940929631322f,0.0839006338013818f,-0.6372884450443038f,-0.7660444644149188f,0.3014831668916139f,0f,0f,0f,1f], start_interpolation: 0, interpolation_duration: 1 }
$data merge entity $(bone_leg_left) { transformation: [-0.9914448648197001f,-0.13052616604591064f,-4.5872670276781334e-8f,0.12499999999999999f,-0.09998881772664966f,0.7594908543164748f,-0.6427875843070229f,0.86875f,0.0839006338013818f,-0.6372884450443038f,-0.7660444644149188f,0.06250000000000001f,0f,0f,0f,1f], start_interpolation: 0, interpolation_duration: 1 }