# This file was generated by Animated Java via MC-Build. It is not recommended to edit this file directly.
$data merge entity $(bone_hammer) { transformation: [-0.000019837973410741192f,-0.00000464172220979444f,-0.000004351666767987227f,0.6028676546099934f,-0.0000041107303566208395f,-0.000001525417596891986f,0.000020366707511721825f,0.710374162054321f,-0.0000048563859677397226f,0.00002025229107681329f,5.366556159656019e-7f,-0.9425384472628057f,0f,0f,0f,1f], start_interpolation: 0, interpolation_duration: 1 }
$data merge entity $(bone_hand_left) { transformation: [-0.9522227237155771f,-0.2088800048633869f,0.22280266607013308f,0.5293246620009147f,-0.19731505711780026f,0.9776019605626474f,0.07322004465081554f,0.7466823417845923f,-0.23310652645150665f,0.025759469566349107f,-0.9721099716870377f,-0.49053412212003084f,0f,0f,0f,1f], start_interpolation: 0, interpolation_duration: 1 }
$data merge entity $(bone_lowerarm_left) { transformation: [-0.9522227237155771f,-0.21238749755483274f,0.21946169442999314f,0.43540956542588705f,-0.19731505711780026f,0.9763176836887517f,0.08871611325587847f,1.1783978175407122f,-0.23310652645150665f,0.04117440223034874f,-0.9715791351849248f,-0.4723273161337985f,0f,0f,0f,1f], start_interpolation: 0, interpolation_duration: 1 }
$data merge entity $(bone_arm_left) { transformation: [-0.9522227237155771f,-0.3020631816848707f,0.045052399604245f,0.2857938957475995f,-0.19731505711780026f,0.7210749515232089f,0.6641669086309563f,1.5355552544670517f,-0.23310652645150665f,0.6235453059371183f,-0.7462255682898424f,-0.1634775317868196f,0f,0f,0f,1f], start_interpolation: 0, interpolation_duration: 1 }
$data merge entity $(bone_bread) { transformation: [-9.240198890733848e-7f,-0.000004341912996231653f,-0.000008960690753382326f,-0.6045706269639873f,0.000009198217009596513f,0.0000030739257993552333f,-0.000002437987699810584f,1.1751997352036967f,0.0000038130028965326305f,-0.000008467512722943673f,0.0000037097489399986074f,0.3969105409732985f,0f,0f,0f,1f], start_interpolation: 0, interpolation_duration: 1 }
$data merge entity $(bone_hand_right) { transformation: [-0.09240198890733847f,-0.43419129962316527f,-0.8960690753382325f,-0.5933164636459843f,0.9198217009596513f,0.3073925799355233f,-0.2437987699810584f,1.330405564622203f,0.381300289653263f,-0.8467512722943672f,0.3709748939998607f,0.189143106512252f,0f,0f,0f,1f], start_interpolation: 0, interpolation_duration: 1 }
$data merge entity $(bone_lowerarm_right) { transformation: [-0.09240198890733847f,-0.27995367945505256f,-0.95555628290831f,-0.7171084812800154f,0.9198217009596513f,0.34349246760321683f,-0.18958101999817162f,1.4822936401405005f,0.381300289653263f,-0.896459068814316f,0.22576808244503233f,-0.20725988797907832f,0f,0f,0f,1f], start_interpolation: 0, interpolation_duration: 1 }
$data merge entity $(bone_arm_right) { transformation: [-0.09240198890733847f,0.9933409191364688f,-0.06881635572365041f,-0.22509430727023313f,0.9198217009596513f,0.11162010000938384f,0.3761236388710357f,1.5375804709263985f,0.381300289653263f,-0.028544205068823103f,-0.9240104531158329f,-0.22139818955222976f,0f,0f,0f,1f], start_interpolation: 0, interpolation_duration: 1 }
$data merge entity $(bone_uppertail) { transformation: [-0.9999976046923256f,0.0010477669083301493f,-0.0019216644132451f,0.020951386119486545f,0.0014468894304715835f,0.9752270141496626f,-0.22120166677425762f,0.18396636330944266f,0.0016422912614131422f,-0.22120391736413625f,-0.9752261941837765f,-0.26398268884126125f,0f,0f,0f,1f], start_interpolation: 0, interpolation_duration: 1 }
$data merge entity $(bone_middletail) { transformation: [-0.9999976046923256f,-0.0004127459826812045f,-0.0021494767654256885f,0.021702118484692764f,0.0014468894304715835f,0.6122123857050921f,-0.7906920394820321f,0.48301817213364745f,0.0016422912614131422f,-0.7906932555865349f,-0.6122103220702663f,-0.07032905803133299f,0f,0f,0f,1f], start_interpolation: 0, interpolation_duration: 1 }
$data merge entity $(bone_tail) { transformation: [-0.9999976046923256f,-0.0013106315788452114f,-0.001752955925246856f,0.021875000000000002f,0.0014468894304715835f,0.20509493384612737f,-0.9787410150911365f,0.8216637422198434f,0.0016422912614131422f,-0.9787412070386722f,-0.2050925462416796f,-0.015561757109853434f,0f,0f,0f,1f], start_interpolation: 0, interpolation_duration: 1 }
$data merge entity $(bone_hair) { transformation: [-0.6893654271085455f,0.12155372436685122f,1.223114009738357e-16f,0.12499999999999999f,0.1214015855938897f,0.6885026052513898f,0.05001668246875257f,1.9982059844311757f,0.006079714034550985f,0.03447977167262413f,-0.9987483824641821f,0.03350556742911309f,0f,0f,0f,1f], start_interpolation: 0, interpolation_duration: 1 }
$data merge entity $(bone_ear_left) { transformation: [-0.34243587905747597f,-0.08192294400557258f,-0.9374254341647771f,0.14264437500000002f,-0.05445568590053824f,1.2966226182939327f,-0.04715719030762354f,2.072264232142428f,0.9379617513562242f,0.04536978040553538f,-0.3449779047754644f,-0.19536355201381145f,0f,0f,0f,1f], start_interpolation: 0, interpolation_duration: 1 }
$data merge entity $(bone_ear_right) { transformation: [-0.34243587905747574f,0.08192294400557255f,0.9374254341647771f,-0.14264437499999996f,0.05445568590053824f,1.2966226182939327f,-0.04715719030762354f,2.072264232142428f,-0.9379617513562243f,0.04536978040553541f,-0.3449779047754642f,-0.1953635520138115f,0f,0f,0f,1f], start_interpolation: 0, interpolation_duration: 1 }
$data merge entity $(bone_head) { transformation: [-1f,-6.125277008932743e-18f,1.223114009738357e-16f,3.2876442194711326e-17f,0f,0.9987483824641821f,0.05001668246875257f,1.6544876725733542f,-1.2246467991473532e-16f,0.05001668246875257f,-0.9987483824641821f,-0.26845652328166114f,0f,0f,0f,1f], start_interpolation: 0, interpolation_duration: 1 }
$data merge entity $(bone_body) { transformation: [-1f,4.288254219625598e-17f,1.1471131331043552e-16f,-6.403984274441296e-18f,0f,0.9366889570960542f,-0.35016253034027833f,0.7763038537379972f,-1.2246467991473532e-16f,-0.35016253034027833f,-0.9366889570960542f,0.0522925f,0f,0f,0f,1f], start_interpolation: 0, interpolation_duration: 1 }
$data merge entity $(bone_shoe_right) { transformation: [-0.9813244544175826f,0f,0.1923598584997236f,-0.17666467258977758f,-1.3348883651691525e-17f,1f,5.56407064181603e-17f,0.25322046107931495f,-0.19235985849972356f,1.1102230246251565e-16f,-0.9813244544175825f,0.33277670781665725f,0f,0f,0f,1f], start_interpolation: 0, interpolation_duration: 1 }
$data merge entity $(bone_lowerleg_right) { transformation: [-0.9831106224749494f,0f,0.18301230553412934f,-0.1744764019508647f,-1.3877787807814457e-17f,1f,5.551115123125783e-17f,0.694505343891815f,-0.1830123055341293f,1.1102230246251565e-16f,-0.9831106224749493f,0.32827872005805936f,0f,0f,0f,1f], start_interpolation: 0, interpolation_duration: 1 }
$data merge entity $(bone_leg_right) { transformation: [-0.9831106224749494f,0.14223003151575572f,0.11516997053027599f,-0.125f,-1.3877787807814457e-17f,0.6293017848944499f,-0.777161028055743f,0.8484375f,-0.1830123055341293f,-0.7640352620551532f,-0.6186732694721794f,0.062499999999999986f,0f,0f,0f,1f], start_interpolation: 0, interpolation_duration: 1 }
$data merge entity $(bone_shoe_left) { transformation: [-0.9999455830074341f,-0.009939979871411481f,-0.003166673977286474f,0.2307198845602093f,-0.004568581580366987f,0.6901365413987629f,-0.7236647582192303f,0.24324651715469664f,0.009378650556770963f,-0.7236109113510585f,-0.69014439785267f,0.5513386754606353f,0f,0f,0f,1f], start_interpolation: 0, interpolation_duration: 1 }
$data merge entity $(bone_lowerleg_left) { transformation: [-0.9915777254785114f,-0.1284937808544568f,-0.016216122119316036f,0.1731851678204213f,-0.09268788428841956f,0.7915038193651398f,-0.6040949097919404f,0.5860221445556308f,0.09045756154682862f,-0.5975040185740368f,-0.7967473736052594f,0.2865640069652638f,0f,0f,0f,1f], start_interpolation: 0, interpolation_duration: 1 }
$data merge entity $(bone_leg_left) { transformation: [-0.9915777254785114f,-0.1284937808544568f,-0.016216122119316036f,0.12499999999999999f,-0.09268788428841956f,0.7915038193651398f,-0.6040949097919404f,0.8828360768175583f,0.09045756154682862f,-0.5975040185740368f,-0.7967473736052594f,0.06250000000000001f,0f,0f,0f,1f], start_interpolation: 0, interpolation_duration: 1 }