# This file was generated by Animated Java via MC-Build. It is not recommended to edit this file directly.
$data merge entity $(bone_hammer) { transformation: [-0.000019698080134038016f,-0.000005535568627074305f,-0.000003920573527654518f,0.6245723574278979f,-0.000003856080430626582f,-7.683723775100989e-7f,0.000020458935098870518f,0.7076782817100861f,-0.0000055806863846065945f,0.00002006974991478987f,-2.980865851332665e-7f,-0.8710203189272663f,0f,0f,0f,1f], start_interpolation: 0, interpolation_duration: 1 }
$data merge entity $(bone_hand_left) { transformation: [-0.9455078464338247f,-0.18818752932741692f,0.26570729409956656f,0.5325961026795057f,-0.1850918606700759f,0.9820288847457848f,0.03688187412048496f,0.7602093918743311f,-0.2678729464611165f,-0.014308156086396576f,-0.9633479959099136f,-0.42401291781138906f,0f,0f,0f,1f], start_interpolation: 0, interpolation_duration: 1 }
$data merge entity $(bone_lowerarm_left) { transformation: [-0.9455078464338247f,-0.1981479298088411f,0.25836468459242173f,0.4449775649671588f,-0.1850918606700759f,0.9799182522091675f,0.0741702238167013f,1.1935169940230723f,-0.2678729464611165f,0.022307328387795533f,-0.9631959653437294f,-0.41414889603991073f,0f,0f,0f,1f], start_interpolation: 0, interpolation_duration: 1 }
$data merge entity $(bone_arm_left) { transformation: [-0.9455078464338247f,-0.30857158248444383f,0.1039157871312972f,0.2921382030178327f,-0.1850918606700759f,0.7719484453756253f,0.6081419248792541f,1.5758727083731867f,-0.2678729464611165f,0.5557689953255771f,-0.786997400497002f,-0.1388695655427108f,0f,0f,0f,1f], start_interpolation: 0, interpolation_duration: 1 }
$data merge entity $(bone_bread) { transformation: [-0.0000020456008872140324f,-0.0000034224678769428097f,-0.000009170726832782873f,-0.6588613534711204f,0.00000888047132527599f,0.0000032919580360846197f,-0.0000032093989047185838f,1.1208035058561898f,0.000004117371254961121f,-0.000008800552591738344f,0.0000023659095563582734f,0.43784503114335005f,0f,0f,0f,1f], start_interpolation: 0, interpolation_duration: 1 }
$data merge entity $(bone_hand_right) { transformation: [-0.20456008872140324f,-0.34224678769428096f,-0.9170726832782872f,-0.6318787584145462f,0.8880471325275989f,0.32919580360846196f,-0.32093989047185834f,1.2884355199874982f,0.4117371254961121f,-0.8800552591738343f,0.23659095563582733f,0.24149264408810237f,0f,0f,0f,1f], start_interpolation: 0, interpolation_duration: 1 }
$data merge entity $(bone_lowerarm_right) { transformation: [-0.20456008872140324f,-0.18741166395417325f,-0.9607455637764974f,-0.7147498535692822f,0.8880471325275989f,0.3773184266392411f,-0.26268440252134717f,1.4552810117670376f,0.4117371254961121f,-0.9069220876858253f,0.08924609994718596f,-0.15953696656047348f,0f,0f,0f,1f], start_interpolation: 0, interpolation_duration: 1 }
$data merge entity $(bone_arm_right) { transformation: [-0.20456008872140324f,0.9659041670724959f,-0.15869565253742723f,-0.2363254458161865f,0.8880471325275989f,0.25132262979511255f,0.3849795139515586f,1.5797642518374293f,0.4117371254961121f,-0.06217777565060481f,-0.9091790053137732f,-0.19033439606241367f,0f,0f,0f,1f], start_interpolation: 0, interpolation_duration: 1 }
$data merge entity $(bone_uppertail) { transformation: [-0.9999862464179797f,0.0017961854555368585f,-0.0049275442858268655f,0.019147652052054834f,0.003304787056813657f,0.9453389261512413f,-0.32607268067982526f,0.21131052767120462f,0.004072512417241236f,-0.3260844804970447f,-0.9453318603652285f,-0.2683995021284567f,0f,0f,0f,1f], start_interpolation: 0, interpolation_duration: 1 }
$data merge entity $(bone_middletail) { transformation: [-0.9999862464179797f,-0.0013668873475750003f,-0.005063456710440657f,0.020924653973009032f,0.003304787056813657f,0.5854435434021977f,-0.8107064424754427f,0.5169131893445906f,0.004072512417241236f,-0.8107120260040911f,-0.585430974184791f,-0.08005734834170142f,0f,0f,0f,1f], start_interpolation: 0, interpolation_duration: 1 }
$data merge entity $(bone_tail) { transformation: [-0.9999862464179797f,-0.003157699353374518f,-0.004187589960008655f,0.021875000000000002f,0.003304787056813657f,0.240616487743411f,-0.9706146424861589f,0.8560968042022453f,0.004072512417241236f,-0.9706151321511625f,-0.2406027428808591f,-0.013668540290342583f,0f,0f,0f,1f], start_interpolation: 0, interpolation_duration: 1 }
$data merge entity $(bone_hair) { transformation: [-0.6893654271085455f,0.12155372436685122f,1.2230734164990278e-16f,0.12499999999999999f,0.12139755646530499f,0.6884797549276985f,0.050674236479230805f,2.0420012400095664f,0.0061596421734969745f,0.034933066673904396f,-0.9987152355688016f,0.0695701065645031f,0f,0f,0f,1f], start_interpolation: 0, interpolation_duration: 1 }
$data merge entity $(bone_ear_left) { transformation: [-0.3207365048238787f,-0.1259848517336734f,-0.9421975749767593f,0.14264437500000002f,-0.058701528504456216f,1.2933354634341236f,-0.08234671848057419f,2.116535656705593f,0.9453476741520032f,0.03756589087569832f,-0.324781076516774f,-0.16067087183139306f,0f,0f,0f,1f], start_interpolation: 0, interpolation_duration: 1 }
$data merge entity $(bone_ear_right) { transformation: [-0.3207365048238785f,0.1259848517336734f,0.9421975749767593f,-0.14264437499999996f,0.058701528504456216f,1.2933354634341236f,-0.08234671848057419f,2.116535656705593f,-0.9453476741520033f,0.037565890875698345f,-0.32478107651677374f,-0.1606708718313931f,0f,0f,0f,1f], start_interpolation: 0, interpolation_duration: 1 }
$data merge entity $(bone_head) { transformation: [-1f,-6.205804150352608e-18f,1.2230734164990278e-16f,2.848751573481413e-17f,0f,0.9987152355688016f,0.050674236479230805f,1.6984818111379387f,-1.2246467991473532e-16f,0.050674236479230805f,-0.9987152355688016f,-0.2326182190215844f,0f,0f,0f,1f], start_interpolation: 0, interpolation_duration: 1 }
$data merge entity $(bone_body) { transformation: [-1f,3.820041406249239e-17f,1.163543131648875e-16f,-6.403984274441296e-18f,0f,0.9501050690362143f,-0.3119300527228668f,0.8080253900891632f,-1.2246467991473532e-16f,-0.3119300527228668f,-0.9501050690362143f,0.0522925f,0f,0f,0f,1f], start_interpolation: 0, interpolation_duration: 1 }
$data merge entity $(bone_shoe_right) { transformation: [-0.975866598644233f,-1.3877787807814457e-17f,0.21836753799623165f,-0.17734293236537968f,-1.387417952081365e-17f,1f,3.1644440737468998e-19f,0.2549352543711471f,-0.21836753799623168f,-5.551115123125783e-17f,-0.975866598644233f,0.31752009644452067f,0f,0f,0f,1f], start_interpolation: 0, interpolation_duration: 1 }
$data merge entity $(bone_lowerleg_right) { transformation: [-0.980592134176038f,-1.3877787807814457e-17f,0.19605883400674218f,-0.17509508971017962f,-1.3877787807814457e-17f,1f,0f,0.7027386918711471f,-0.1960588340067422f,-5.551115123125783e-17f,-0.980592134176038f,0.3130515815163719f,0f,0f,0f,1f], start_interpolation: 0, interpolation_duration: 1 }
$data merge entity $(bone_leg_right) { transformation: [-0.980592134176038f,0.1396431536263036f,0.13761851633186523f,-0.125f,-1.3877787807814457e-17f,0.7019245882444283f,-0.712251270562496f,0.89140625f,-0.1960588340067422f,-0.6984279934704726f,-0.6883017300172405f,0.062499999999999986f,0f,0f,0f,1f], start_interpolation: 0, interpolation_duration: 1 }
$data merge entity $(bone_shoe_left) { transformation: [-0.9989431812135129f,-0.02328528950657041f,-0.03962721286719556f,0.22675723964503477f,0.008721517790815522f,0.7504745616885428f,-0.660841786954952f,0.22901766940352014f,0.04512710753473256f,-0.6604890063816239f,-0.7494783630062737f,0.5044017365538265f,0f,0f,0f,1f], start_interpolation: 0, interpolation_duration: 1 }
$data merge entity $(bone_lowerleg_left) { transformation: [-0.9916014410902632f,-0.12348095421805572f,-0.03845823673950496f,0.17130535783177087f,-0.08249392053651826f,0.8328984324424025f,-0.5472430486625693f,0.5901665171893802f,0.09960589893288446f,-0.5394744249548694f,-0.8360897139167452f,0.26480290935807604f,0f,0f,0f,1f], start_interpolation: 0, interpolation_duration: 1 }
$data merge entity $(bone_leg_left) { transformation: [-0.9916014410902632f,-0.12348095421805572f,-0.03845823673950496f,0.12499999999999999f,-0.08249392053651826f,0.8328984324424025f,-0.5472430486625693f,0.9025034293552812f,0.09960589893288446f,-0.5394744249548694f,-0.8360897139167452f,0.06250000000000001f,0f,0f,0f,1f], start_interpolation: 0, interpolation_duration: 1 }