# This file was generated by Animated Java via MC-Build. It is not recommended to edit this file directly.
$data merge entity $(bone_hammer) { transformation: [-0.000019454974687633288f,-0.000006621613348873758f,-0.0000034184754407985367f,0.650252385461866f,-0.000003609097100289579f,1.1095228423576311e-8f,0.000020518335039529048f,0.7111357868503647f,-0.000006519674516569615f,0.000019753022334106267f,-0.0000011574673403900754f,-0.7894950907912979f,0f,0f,0f,1f], start_interpolation: 0, interpolation_duration: 1 }
$data merge entity $(bone_hand_left) { transformation: [-0.9338387850063977f,-0.16408682115832982f,0.3178374407459403f,0.5356650171642381f,-0.17323666081389977f,0.9848800818973942f,-0.0005325709643314441f,0.7802946712717553f,-0.3129443767953415f,-0.0555584323387234f,-0.9481450720371006f,-0.3500391210318548f,0f,0f,0f,1f], start_interpolation: 0, interpolation_duration: 1 }
$data merge entity $(bone_lowerarm_left) { transformation: [-0.9338387850063977f,-0.1842754031833022f,0.30657413361111574f,0.4541807373191217f,-0.17323666081389977f,0.9828575077717637f,0.06308865798800206f,1.214901975489582f,-0.3129443767953415f,0.005804756524495969f,-0.9497537164096104f,-0.34747233025617924f,0f,0f,0f,1f], start_interpolation: 0, interpolation_duration: 1 }
$data merge entity $(bone_arm_left) { transformation: [-0.9338387850063977f,-0.31174706634822097f,0.17538212634431358f,0.2997685185185185f,-0.17323666081389977f,0.8231479566550073f,0.5407554907763175f,1.6226174477702653f,-0.3129443767953415f,0.4745958365577643f,-0.8226935085159061f,-0.11239907996116161f,0f,0f,0f,1f], start_interpolation: 0, interpolation_duration: 1 }
$data merge entity $(bone_bread) { transformation: [-0.000003367296062692704f,-0.0000023488277301417123f,-0.000009118351030767106f,-0.7062434117648662f,0.000008282380588921873f,0.0000038678062597576544f,-0.0000040549040083865935f,1.0364614038538786f,0.000004479228617342989f,-0.000008917571588223826f,6.429836409106996e-7f,0.4558280828001655f,0f,0f,0f,1f], start_interpolation: 0, interpolation_duration: 1 }
$data merge entity $(bone_hand_right) { transformation: [-0.33672960626927034f,-0.2348827730141712f,-0.9118351030767106f,-0.6646902308689567f,0.8282380588921873f,0.3867806259757654f,-0.40549040083865934f,1.2235208445716714f,0.44792286173429885f,-0.8917571588223825f,0.06429836409106995f,0.2807140876547793f,0f,0f,0f,1f], start_interpolation: 0, interpolation_duration: 1 }
$data merge entity $(bone_lowerarm_right) { transformation: [-0.33672960626927034f,-0.07904268064433556f,-0.9382779049398423f,-0.6996419162163738f,0.8282380588921873f,0.4491606302248393f,-0.33507677636405475f,1.4221340607492177f,0.44792286173429885f,-0.8899477416638476f,-0.08577952578076792f,-0.11280967936220326f,0f,0f,0f,1f], start_interpolation: 0, interpolation_duration: 1 }
$data merge entity $(bone_arm_right) { transformation: [-0.33672960626927034f,0.9054576833998063f,-0.2583787062317605f,-0.25115740740740733f,0.8282380588921873f,0.41535462667496637f,0.37616785070258324f,1.627864399274162f,0.44792286173429885f,-0.08733222585022951f,-0.8897967140104533f,-0.15606642247864508f,0f,0f,0f,1f], start_interpolation: 0, interpolation_duration: 1 }
$data merge entity $(bone_uppertail) { transformation: [-0.9999602155680116f,0.0015694865275879622f,-0.008780887951426551f,0.017029711686864964f,0.0053097403517815426f,0.8957298553234259f,-0.4445670173772127f,0.24379528861856287f,0.0071675615499590195f,-0.44459595476602587f,-0.8957025527858637f,-0.2697381303189767f,0f,0f,0f,1f], start_interpolation: 0, interpolation_duration: 1 }
$data merge entity $(bone_middletail) { transformation: [-0.9999602155680116f,-0.003081498830576962f,-0.008370880845702018f,0.019982610224731738f,0.0053097403517815426f,0.5484351772568954f,-0.8361762152827561f,0.5580090156014477f,0.0071675615499590195f,-0.8361873956907953f,-0.548396996116201f,-0.09054361007961068f,0f,0f,0f,1f], start_interpolation: 0, interpolation_duration: 1 }
$data merge entity $(bone_tail) { transformation: [-0.9999602155680116f,-0.005405459102578126f,-0.007095653110612397f,0.021875000000000002f,0.0053097403517815426f,0.27848240683106845f,-0.9604266529740684f,0.8971103526265563f,0.0071675615499590195f,-0.960426119020857f,-0.278442625982377f,-0.011484533327034079f,0f,0f,0f,1f], start_interpolation: 0, interpolation_duration: 1 }
$data merge entity $(bone_hair) { transformation: [-0.6893654271085455f,0.12155372436685122f,1.2233021636077948e-16f,0.12499999999999999f,0.12142026102226634f,0.688608518868816f,0.046848168883259766f,2.0930055706076947f,0.0056945694075273695f,0.032295507951461654f,-0.9989020217580329f,0.10779628224895896f,0f,0f,0f,1f], start_interpolation: 0, interpolation_duration: 1 }
$data merge entity $(bone_ear_left) { transformation: [-0.31431641540345345f,-0.1389954840626463f,-0.9432780022217694f,0.14264437500000002f,-0.056037573759726254f,1.29219256156935f,-0.09399556038137312f,2.166751609430418f,0.9476629049060891f,0.03030906192927278f,-0.3184202335799337f,-0.1231467268244553f,0f,0f,0f,1f], start_interpolation: 0, interpolation_duration: 1 }
$data merge entity $(bone_ear_right) { transformation: [-0.31431641540345323f,0.1389954840626463f,0.9432780022217694f,-0.14264437499999996f,0.056037573759726254f,1.29219256156935f,-0.09399556038137312f,2.166751609430418f,-0.9476629049060892f,0.030309061929272806f,-0.3184202335799335f,-0.12314672682445534f,0f,0f,0f,1f], start_interpolation: 0, interpolation_duration: 1 }
$data merge entity $(bone_head) { transformation: [-1f,-5.737246006879871e-18f,1.2233021636077948e-16f,2.364473762272894e-17f,0f,0.9989020217580329f,0.046848168883259766f,1.7483310942714385f,-1.2246467991473532e-16f,0.046848168883259766f,-0.9989020217580329f,-0.19307393478014503f,0f,0f,0f,1f], start_interpolation: 0, interpolation_duration: 1 }
$data merge entity $(bone_body) { transformation: [-1f,3.3032289508776054e-17f,1.1792567861338336e-16f,-6.403984274441296e-18f,0f,0.9629362416615779f,-0.269729113175933f,0.8461769675925924f,-1.2246467991473532e-16f,-0.269729113175933f,-0.9629362416615779f,0.0522925f,0f,0f,0f,1f], start_interpolation: 0, interpolation_duration: 1 }
$data merge entity $(bone_shoe_right) { transformation: [-0.9683899605278059f,2.7755575615628914e-17f,0.2494411440579813f,-0.17645753434357853f,0f,1f,0f,0.2551532977722966f,-0.2494411440579813f,-5.551115123125783e-17f,-0.968389960527806f,0.2937809164067431f,0f,0f,0f,1f], start_interpolation: 0, interpolation_duration: 1 }
$data merge entity $(bone_lowerleg_right) { transformation: [-0.9773338582506356f,2.7755575615628914e-17f,0.21170387222941078f,-0.17413857088926304f,0f,1f,0f,0.7087135712097966f,-0.21170387222941078f,-5.551115123125783e-17f,-0.9773338582506357f,0.28934889308063405f,0f,0f,0f,1f], start_interpolation: 0, interpolation_duration: 1 }
$data merge entity $(bone_leg_right) { transformation: [-0.9773338582506356f,0.13237697128389994f,0.1652115824953814f,-0.125f,0f,0.7803899888819773f,-0.6252931034745125f,0.9371093749999999f,-0.21170387222941078f,-0.6111201213562593f,-0.7627015587741934f,0.062499999999999986f,0f,0f,0f,1f], start_interpolation: 0, interpolation_duration: 1 }
$data merge entity $(bone_shoe_left) { transformation: [-0.9959191914738537f,-0.03426878297985817f,-0.08349020641455457f,0.2193192123660434f,0.020375198201701424f,0.8158442797527033f,-0.5779125907029836f,0.21629265968761707f,0.08791936847081494f,-0.577255369579073f,-0.811816742214535f,0.44513647966527337f,0f,0f,0f,1f], start_interpolation: 0, interpolation_duration: 1 }
$data merge entity $(bone_lowerleg_left) { transformation: [-0.9913802679896813f,-0.11416677494072043f,-0.06427372511643102f,0.16781254060277015f,-0.07023799228402351f,0.8772553841828673f,-0.47485746847036037f,0.5971866383388321f,0.11059741715165458f,-0.46624986694025417f,-0.87771252292398f,0.2373437001025953f,0f,0f,0f,1f], start_interpolation: 0, interpolation_duration: 1 }
$data merge entity $(bone_leg_left) { transformation: [-0.9913802679896813f,-0.11416677494072043f,-0.06427372511643102f,0.12499999999999999f,-0.07023799228402351f,0.8772553841828673f,-0.47485746847036037f,0.9261574074074074f,0.11059741715165458f,-0.46624986694025417f,-0.87771252292398f,0.06250000000000001f,0f,0f,0f,1f], start_interpolation: 0, interpolation_duration: 1 }