# This file was generated by Animated Java via MC-Build. It is not recommended to edit this file directly.
$data merge entity $(bone_hammer) { transformation: [-0.000019115894729702843f,-0.000007799458829436762f,-0.0000027890479430475802f,0.6724751639098596f,-0.000003327047485261573f,8.057082422278633e-7f,0.00002055016708051296f,0.7194391694530166f,-0.000007585585112007618f,0.000019301478025635884f,-0.000001984848183655702f,-0.701690546356924f,0f,0f,0f,1f], start_interpolation: 0, interpolation_duration: 1 }
$data merge entity $(bone_hand_left) { transformation: [-0.9175629470257364f,-0.1338743012662839f,0.3743740238129645f,0.5334662157890611f,-0.15969827929255548f,0.986408019864622f,-0.03867399562693721f,0.8054010018329449f,-0.36410808537636563f,-0.09527271281547349f,-0.9264709452305223f,-0.27236335022181507f,0f,0f,0f,1f], start_interpolation: 0, interpolation_duration: 1 }
$data merge entity $(bone_lowerarm_left) { transformation: [-0.9175629470257364f,-0.16841185283831844f,0.36016063925561104f,0.45899659961211714f,-0.15969827929255548f,0.9856849003147325f,0.05405309318191298f,1.2412585436908656f,-0.36410808537636563f,-0.007919918882175025f,-0.9313230250823056f,-0.27586543935252683f,0f,0f,0f,1f], start_interpolation: 0, interpolation_duration: 1 }
$data merge entity $(bone_arm_left) { transformation: [-0.9175629470257364f,-0.30450707513870773f,0.2556436571400027f,0.308170438957476f,-0.15969827929255548f,0.8711023569907215f,0.4644105330805994f,1.6727264298878324f,-0.36410808537636563f,0.38530004520591354f,-0.8479205017735318f,-0.08502151071147279f,0f,0f,0f,1f], start_interpolation: 0, interpolation_duration: 1 }
$data merge entity $(bone_bread) { transformation: [-0.0000047336250975851665f,-0.0000013128717414527578f,-0.000008710290536256907f,-0.7282707050760728f,0.000007342413531443816f,0.000004874760432452912f,-0.0000047250052126386335f,0.9292009497056727f,0.000004866390548320444f,-0.00000863209583569867f,-0.0000013435641088281282f,0.43470017562817176f,0f,0f,0f,1f], start_interpolation: 0, interpolation_duration: 1 }
$data merge entity $(bone_hand_right) { transformation: [-0.4733625097585166f,-0.13128717414527577f,-0.8710290536256906f,-0.6776962995770479f,0.7342413531443815f,0.48747604324529115f,-0.4725005212638633f,1.1407889838950869f,0.4866390548320444f,-0.8632095835698669f,-0.1343564108828128f,0.29308257150961775f,0f,0f,0f,1f], start_interpolation: 0, interpolation_duration: 1 }
$data merge entity $(bone_lowerarm_right) { transformation: [-0.4733625097585166f,0.022697866410105183f,-0.8805752331377183f,-0.6676595867738295f,0.7342413531443815f,0.5624378285257988f,-0.3802016890755373f,1.3894919611963386f,0.4866390548320444f,-0.8265279764796912f,-0.2829026942405484f,-0.07239776808999564f,0f,0f,0f,1f], start_interpolation: 0, interpolation_duration: 1 }
$data merge entity $(bone_arm_right) { transformation: [-0.4733625097585166f,0.8062695832638718f,-0.35476371496902065f,-0.26830418381344306f,0.7342413531443815f,0.5836506118797499f,0.34675870369047834f,1.6785814048930272f,0.4866390548320444f,-0.09633961986584683f,-0.8682747882763143f,-0.1201159860547979f,0f,0f,0f,1f], start_interpolation: 0, interpolation_duration: 1 }
$data merge entity $(bone_uppertail) { transformation: [-0.9999159262677144f,-0.0001109877489314107f,-0.012966421167704316f,0.014799570998201067f,0.007234204190232626f,0.8251043674452666f,-0.5649340219109487f,0.2797100507054765f,0.01076135149099425f,-0.5649803275375753f,-0.8250341949335319f,-0.2685950738076146f,0f,0f,0f,1f], start_interpolation: 0, interpolation_duration: 1 }
$data merge entity $(bone_middletail) { transformation: [-0.9999159262677144f,-0.005647541344578704f,-0.011672432177570259f,0.018943011169872633f,0.007234204190232626f,0.504097260123585f,-0.8636165923751282f,0.603545180545863f,0.01076135149099425f,-0.8636284256627127f,-0.504014023318232f,-0.10129244778869248f,0f,0f,0f,1f], start_interpolation: 0, interpolation_duration: 1 }
$data merge entity $(bone_tail) { transformation: [-0.9999159262677144f,-0.007913488126411104f,-0.010272151763474579f,0.021875000000000002f,0.007234204190232626f,0.3169925905894896f,-0.9484004237668275f,0.9419820983302698f,0.01076135149099425f,-0.9483949990468302f,-0.3169086920503284f,-0.00908958859110897f,0f,0f,0f,1f], start_interpolation: 0, interpolation_duration: 1 }
$data merge entity $(bone_hair) { transformation: [-0.6893654271085455f,0.12155372436685122f,1.2236768554932985e-16f,0.12499999999999997f,0.12145745149563775f,0.6888194365243102f,0.03979209598770747f,2.147404687644384f,0.004836877467668996f,0.027431295246110217f,-0.9992079809013262f,0.14685037615341387f,0f,0f,0f,1f], start_interpolation: 0, interpolation_duration: 1 }
$data merge entity $(bone_ear_left) { transformation: [-0.3194538163267169f,-0.1285853601995191f,-0.9424254410727964f,0.14264437500000002f,-0.04859249791939346f,1.2934204464518018f,-0.08795193872167678f,2.219444873001312f,0.946355128046681f,0.02300769094850216f,-0.32264337044768737f,-0.0842726269265802f,0f,0f,0f,1f], start_interpolation: 0, interpolation_duration: 1 }
$data merge entity $(bone_ear_right) { transformation: [-0.31945381632671666f,0.1285853601995191f,0.9424254410727964f,-0.14264437499999996f,0.04859249791939346f,1.2934204464518018f,-0.08795193872167678f,2.219444873001312f,-0.9463551280466811f,0.023007690948502187f,-0.32264337044768715f,-0.08427262692658025f,0f,0f,0f,1f], start_interpolation: 0, interpolation_duration: 1 }
$data merge entity $(bone_head) { transformation: [-1f,-4.8731262982710126e-18f,1.2236768554932985e-16f,1.856295352704671e-17f,0f,0.9992079809013262f,0.03979209598770747f,1.800613864017366f,-1.2246467991473532e-16f,0.03979209598770747f,-0.9992079809013262f,-0.15157801857622102f,0f,0f,0f,1f], start_interpolation: 0, interpolation_duration: 1 }
$data merge entity $(bone_body) { transformation: [-1f,2.7607120591831897e-17f,1.1931238292502009e-16f,-6.403984274441296e-18f,0f,0.9742595416743017f,-0.22542924711886766f,0.88818656978738f,-1.2246467991473532e-16f,-0.22542924711886766f,-0.9742595416743017f,0.0522925f,0f,0f,0f,1f], start_interpolation: 0, interpolation_duration: 1 }
$data merge entity $(bone_shoe_right) { transformation: [-0.9590133039461485f,0f,0.283361046818881f,-0.17309221011930226f,-6.927867682714034e-18f,1f,3.9102171357531255e-19f,0.2507485474469833f,-0.283361046818881f,-5.551115123125783e-17f,-0.9590133039461486f,0.2612500836794735f,0f,0f,0f,1f], start_interpolation: 0, interpolation_duration: 1 }
$data merge entity $(bone_lowerleg_right) { transformation: [-0.9734573970046475f,0f,0.22886829447727375f,-0.1706956196637888f,-6.938893903907228e-18f,1f,0f,0.7064035474469833f,-0.22886829447727375f,-5.551115123125783e-17f,-0.9734573970046476f,0.2568595510860212f,0f,0f,0f,1f], start_interpolation: 0, interpolation_duration: 1 }
$data merge entity $(bone_leg_right) { transformation: [-0.9734573970046475f,0.118935629490764f,0.19553775148183483f,-0.125f,-6.938893903907228e-18f,0.8543680195128619f,-0.519668439712929f,0.9750000000000001f,-0.22886829447727375f,-0.5058750866284145f,-0.8316908683590064f,0.062499999999999986f,0f,0f,0f,1f], start_interpolation: 0, interpolation_duration: 1 }
$data merge entity $(bone_shoe_left) { transformation: [-0.9905831373725663f,-0.04006242316347715f,-0.13092001452564056f,0.20787934644687023f,0.027743683084119137f,0.87765647242971f,-0.478486577085675f,0.20820226068071263f,0.1340721298482701f,-0.47761293811255584f,-0.8682802228229322f,0.376837599482547f,0f,0f,0f,1f], start_interpolation: 0, interpolation_duration: 1 }
$data merge entity $(bone_lowerleg_left) { transformation: [-0.9908215151441832f,-0.09991852722887665f,-0.09104401706755556f,0.16246944771082872f,-0.056755404094024284f,0.9187780599945214f,-0.39067339374319765f,0.6076615882702301f,0.12268475550576413f,-0.3819203639361428f,-0.9160159858743597f,0.20572013647605358f,0f,0f,0f,1f], start_interpolation: 0, interpolation_duration: 1 }
$data merge entity $(bone_leg_left) { transformation: [-0.9908215151441832f,-0.09991852722887665f,-0.09104401706755556f,0.12499999999999999f,-0.056755404094024284f,0.9187780599945214f,-0.39067339374319765f,0.9522033607681757f,0.12268475550576413f,-0.3819203639361428f,-0.9160159858743597f,0.06250000000000001f,0f,0f,0f,1f], start_interpolation: 0, interpolation_duration: 1 }