# This file was generated by Animated Java via MC-Build. It is not recommended to edit this file directly.
$data merge entity $(bone_hammer) { transformation: [-0.0000186976487362481f,-0.000008963909666865992f,-0.0000020184233941183343f,0.6858578050050415f,-0.000002988585443959122f,0.000001605358792471629f,0.000020555265942560016f,0.7312942961800334f,-0.000008688732160552164f,0.000018737633906378856f,-0.0000027266805479348202f,-0.6126024865264738f,0f,0f,0f,1f], start_interpolation: 0, interpolation_duration: 1 }
$data merge entity $(bone_hand_left) { transformation: [-0.8974871393399086f,-0.09688432291768012f,0.43026766400956756f,0.5229807029902972f,-0.14345210131003783f,0.9866527652428806f,-0.07705722203863795f,0.8339733620496479f,-0.41705914370650377f,-0.13088066630087117f,-0.8994064275061848f,-0.19551397709901183f,0f,0f,0f,1f], start_interpolation: 0, interpolation_duration: 1 }
$data merge entity $(bone_lowerarm_left) { transformation: [-0.8974871393399086f,-0.14943837293429818f,0.41495181336417497f,0.4569009224584122f,-0.14345210131003783f,0.9885987666422603f,0.045759952175854435f,1.2711193791742723f,-0.41705914370650377f,-0.01845674099486294f,-0.9086919276425023f,-0.2036753172576778f,0f,0f,0f,1f], start_interpolation: 0, interpolation_duration: 1 }
$data merge entity $(bone_arm_left) { transformation: [-0.8974871393399086f,-0.28279391579232943f,0.33844414001472733f,0.31682956104252397f,-0.14345210131003783f,0.91282549717842f,0.3823233007948967f,1.7232532582454585f,-0.41705914370650377f,0.29457972247222197f,-0.8598165256372936f,-0.057766298470655335f,0f,0f,0f,1f], start_interpolation: 0, interpolation_duration: 1 }
$data merge entity $(bone_bread) { transformation: [-0.000005980242116224659f,-5.383073657778373e-7f,-0.0000079966824003009f,-0.711779989926758f,0.000006078121177994267f,0.000006198990045907948f,-0.000004962757837770425f,0.8191553027179428f,0.000005224284369839605f,-0.000007828329808502164f,-0.0000033799563950391534f,0.367843536129885f,0f,0f,0f,1f], start_interpolation: 0, interpolation_duration: 1 }
$data merge entity $(bone_hand_right) { transformation: [-0.5980242116224659f,-0.05383073657778373f,-0.7996682400300898f,-0.6609734467757911f,0.6078121177994267f,0.6198990045907947f,-0.4962757837770425f,1.0547809403067736f,0.5224284369839605f,-0.7828329808502164f,-0.3379956395039153f,0.27150005381838715f,0f,0f,0f,1f], start_interpolation: 0, interpolation_duration: 1 }
$data merge entity $(bone_lowerarm_right) { transformation: [-0.5980242116224659f,0.09418982449808655f,-0.7959241919142475f,-0.6193238837555434f,0.6078121177994267f,0.7006121400871684f,-0.3737740742997751f,1.3645828710015684f,0.5224284369839605f,-0.707298314803236f,-0.4762327394320956f,-0.04125841975866874f,0f,0f,0f,1f], start_interpolation: 0, interpolation_duration: 1 }
$data merge entity $(bone_arm_right) { transformation: [-0.5980242116224659f,0.6719881225523331f,-0.43680545493608314f,-0.28647976680384085f,0.6078121177994267f,0.7354955630008949f,0.2993504739635007f,1.7288830170504492f,0.5224284369839605f,-0.08647681744020891f,-0.848286678120026f,-0.08409146839702222f,0f,0f,0f,1f], start_interpolation: 0, interpolation_duration: 1 }
$data merge entity $(bone_uppertail) { transformation: [-0.9998531443486665f,-0.0033449112314578866f,-0.016807775133504965f,0.01264780600446929f,0.008905840280445396f,0.7365168692497857f,-0.6763605453597905f,0.31717032286828684f,0.014641575905072418f,-0.6764109053521739f,-0.7363789183400543f,-0.2657259788827857f,0f,0f,0f,1f], start_interpolation: 0, interpolation_duration: 1 }
$data merge entity $(bone_middletail) { transformation: [-0.9998531443486665f,-0.00897395800063043f,-0.01459992513294921f,0.017872163165884098f,0.008905840280445396f,0.45577695014819547f,-0.8900494692557871f,0.6506943442936335f,0.014641575905072418f,-0.8900487850626009f,-0.45563009609068184f,-0.11183009464573021f,0f,0f,0f,1f], start_interpolation: 0, interpolation_duration: 1 }
$data merge entity $(bone_tail) { transformation: [-0.9998531443486665f,-0.010534159335777383f,-0.013517441443307795f,0.021875f,0.008905840280445396f,0.3545063682906998f,-0.9350111875535168f,0.9880062411122359f,0.014641575905072418f,-0.9349942600510588f,-0.3543604914865496f,-0.006586615401236472f,0f,0f,0f,1f], start_interpolation: 0, interpolation_duration: 1 }
$data merge entity $(bone_hair) { transformation: [-0.6893654271085455f,0.12155372436685122f,1.2240673003542044e-16f,0.12499999999999997f,0.12149620554867248f,0.6890392216807225f,0.03075986727031249f,2.2016906010020048f,0.003738976427736408f,0.021204789038601155f,-0.9995268033252099f,0.18529545662290414f,0f,0f,0f,1f], start_interpolation: 0, interpolation_duration: 1 }
$data merge entity $(bone_ear_left) { transformation: [-0.33224992204753045f,-0.10262098227616792f,-0.9398822209710332f,0.142644375f,-0.0380719727069398f,1.295842370189296f,-0.0702612988382068f,2.2714642320458394f,0.942422683403584f,0.01617051696337311f,-0.3341926997828141f,-0.04562985220996993f,0f,0f,0f,1f], start_interpolation: 0, interpolation_duration: 1 }
$data merge entity $(bone_ear_right) { transformation: [-0.33224992204753023f,0.10262098227616792f,0.9398822209710332f,-0.142644375f,0.0380719727069398f,1.295842370189296f,-0.0702612988382068f,2.2714642320458394f,-0.942422683403584f,0.016170516963373138f,-0.33419269978281385f,-0.04562985220996996f,0f,0f,0f,1f], start_interpolation: 0, interpolation_duration: 1 }
$data merge entity $(bone_head) { transformation: [-1f,-3.766997299478564e-18f,1.2240673003542044e-16f,1.346946605752637e-17f,0f,0.9995268033252099f,0.03075986727031249f,1.852216816102451f,-1.2246467991473532e-16f,0.03075986727031249f,-0.9995268033252099f,-0.10998653707260198f,0f,0f,0f,1f], start_interpolation: 0, interpolation_duration: 1 }
$data merge entity $(bone_body) { transformation: [-1f,2.2167488196461875e-17f,1.2044168835448258e-16f,-6.403984274441296e-18f,0f,0.9834810203100091f,-0.181011277797776f,0.9314821802126199f,-1.2246467991473532e-16f,-0.181011277797776f,-0.9834810203100091f,0.0522925f,0f,0f,0f,1f], start_interpolation: 0, interpolation_duration: 1 }
$data merge entity $(bone_shoe_right) { transformation: [-0.9481069278629035f,-1.3877787807814457e-17f,0.31795165251711954f,-0.1667786548146644f,0f,0.9999999999999999f,0f,0.2497935848344588f,-0.3179516525171195f,0f,-0.9481069278629034f,0.22138064224477494f,0f,0f,0f,1f], start_interpolation: 0, interpolation_duration: 1 }
$data merge entity $(bone_lowerleg_right) { transformation: [-0.9691468743689439f,-1.3877787807814457e-17f,0.24648394653791683f,-0.16430283778996402f,0f,0.9999999999999999f,0f,0.6932610848344587f,-0.24648394653791683f,0f,-0.9691468743689438f,0.2170342929346264f,0f,0f,0f,1f], start_interpolation: 0, interpolation_duration: 1 }
$data merge entity $(bone_leg_right) { transformation: [-0.9691468743689439f,0.0990342273388086f,0.2257134415942299f,-0.125f,0f,0.9157328287078046f,-0.40178773802444806f,0.9983f,-0.24648394653791683f,-0.38939133046616187f,-0.8874796086992003f,0.062499999999999986f,0f,0f,0f,1f], start_interpolation: 0, interpolation_duration: 1 }
$data merge entity $(bone_shoe_left) { transformation: [-0.983272062298392f,-0.03939378255052842f,-0.17783189084027837f,0.19272982922920107f,0.029460179755040963f,0.9290798705594752f,-0.3687040709430658f,0.20676440169644345f,0.17974467811945832f,-0.3677753716843345f,-0.9123777324497687f,0.30376244064751196f,0f,0f,0f,1f], start_interpolation: 0, interpolation_duration: 1 }
$data merge entity $(bone_lowerleg_left) { transformation: [-0.9899004133569923f,-0.08111098802779777f,-0.11626770513263864f,0.15541662051042415f,-0.042882686103122604f,0.9530484638088754f,-0.2997660769068503f,0.6216534653034962f,0.135123080442376f,-0.29175269193736175f,-0.9469013253127625f,0.17190725947651067f,0f,0f,0f,1f], start_interpolation: 0, interpolation_duration: 1 }
$data merge entity $(bone_leg_left) { transformation: [-0.9899004133569923f,-0.08111098802779777f,-0.11626770513263864f,0.12499999999999999f,-0.042882686103122604f,0.9530484638088754f,-0.2997660769068503f,0.9790466392318244f,0.135123080442376f,-0.29175269193736175f,-0.9469013253127625f,0.06250000000000001f,0f,0f,0f,1f], start_interpolation: 0, interpolation_duration: 1 }