# This file was generated by Animated Java via MC-Build. It is not recommended to edit this file directly.
$data merge entity $(bone_hammer) { transformation: [-0.000018230909096967085f,-0.000010018315002231264f,-0.0000011380227554705317f,0.6879369178761114f,-0.0000025965571417319755f,0.00000239279684037752f,0.000020531931036027226f,0.7453518888631613f,-0.000009742670182533195f,0.00001810899405197664f,-0.000003342527474476645f,-0.5278756801995245f,0f,0f,0f,1f], start_interpolation: 0, interpolation_duration: 1 }
$data merge entity $(bone_hand_left) { transformation: [-0.8750836366544199f,-0.05462509226258562f,0.48087912010710054f,0.5038155528689827f,-0.12463474280313482f,0.9855326897293067f,-0.11485424833812072f,0.8642879898185871f,-0.46764816876159326f,-0.16044131877487874f,-0.8692317144948787f,-0.12415759482009484f,0f,0f,0f,1f], start_interpolation: 0, interpolation_duration: 1 }
$data merge entity $(bone_lowerarm_left) { transformation: [-0.8750836366544199f,-0.1275195818068079f,0.46686977318679784f,0.44742798778878484f,-0.12463474280313482f,0.9915048552162463f,0.03720622218134012f,1.302719042984521f,-0.46764816876159326f,-0.02562963789107492f,-0.8835430447440017f,-0.13549070032505453f,0f,0f,0f,1f], start_interpolation: 0, interpolation_duration: 1 }
$data merge entity $(bone_arm_left) { transformation: [-0.8750836366544199f,-0.2467058802418743f,0.41637103347105836f,0.32523148148148145f,-0.12463474280313482f,0.9461795192063026f,0.2986812654334494f,1.7713735860913928f,-0.46764816876159326f,0.20947679128870625f,-0.8587343385269488f,-0.03173422713986721f,0f,0f,0f,1f], start_interpolation: 0, interpolation_duration: 1 }
$data merge entity $(bone_bread) { transformation: [-0.0000069742395241958635f,-1.6413264028926402e-7f,-0.00000716470819611908f,-0.6565692970852435f,0.000004596283269920166f,0.000007568040249859121f,-0.000004647466716305161f,0.7320960011438624f,0.0000054985600989528384f,-0.000006534357447592224f,-0.0000052026925322663256f,0.2626132550413903f,0f,0f,0f,1f], start_interpolation: 0, interpolation_duration: 1 }
$data merge entity $(bone_hand_right) { transformation: [-0.6974239524195863f,-0.0164132640289264f,-0.716470819611908f,-0.6141898431663068f,0.4596283269920166f,0.756804024985912f,-0.4647466716305161f,0.9844669860003462f,0.5498560098952838f,-0.6534357447592224f,-0.5202692532266325f,0.21907384314709474f,0f,0f,0f,1f], start_interpolation: 0, interpolation_duration: 1 }
$data merge entity $(bone_lowerarm_right) { transformation: [-0.6974239524195863f,0.12310820661050198f,-0.7060058073816309f,-0.5597529330557254f,0.4596283269920166f,0.8326805441549565f,-0.30884447932952486f,1.352667914118866f,0.5498560098952838f,-0.5398958055504334f,-0.6373153752508143f,-0.019661333369737487f,0f,0f,0f,1f], start_interpolation: 0, interpolation_duration: 1 }
$data merge entity $(bone_arm_right) { transformation: [-0.6974239524195863f,0.5155427834096197f,-0.4978106759258028f,-0.30439814814814814f,0.4596283269920166f,0.8547207328885641f,0.2412348851160538f,1.776021777127733f,0.5498560098952838f,-0.06056490109541857f,-0.833060778777479f,-0.049659885943562f,0f,0f,0f,1f], start_interpolation: 0, interpolation_duration: 1 }
$data merge entity $(bone_uppertail) { transformation: [-0.9997756009072537f,-0.0077882165168912405f,-0.01970003842701047f,0.01072857763739675f,0.010219471801872073f,0.6372674816084415f,-0.770574927752341f,0.3540314743311166f,0.018555598255793542f,-0.7706033354248611f,-0.6370448879046505f,-0.26208254827591815f,0f,0f,0f,1f], start_interpolation: 0, interpolation_duration: 1 }
$data merge entity $(bone_middletail) { transformation: [-0.9997756009072537f,-0.01278551504444518f,-0.016890187553367565f,0.016835096587887274f,0.010219471801872073f,0.40730145541529134f,-0.9132365995801287f,0.6965622705497061f,0.018555598255793542f,-0.9132042789111503f,-0.4070793961277526f,-0.12171171225955374f,0f,0f,0f,1f], start_interpolation: 0, interpolation_duration: 1 }
$data merge entity $(bone_tail) { transformation: [-0.9997756009072537f,-0.013111494667359712f,-0.0166384055163788f,0.021875f,0.010219471801872073f,0.3894683701131316f,-0.9209831437531913f,1.0324965733174352f,0.018555598255793542f,-0.9209465116873014f,-0.3892469812141912f,-0.004100357177833545f,0f,0f,0f,1f], start_interpolation: 0, interpolation_duration: 1 }
$data merge entity $(bone_hair) { transformation: [-0.6893654271085455f,0.12155372436685122f,1.2243765534355257e-16f,0.12499999999999997f,0.12152690081838838f,0.6892133032058106f,0.02100704748668497f,2.2526933462955627f,0.002553484859957775f,0.0144815322629481f,-0.9997793276297986f,0.22163349917193956f,0f,0f,0f,1f], start_interpolation: 0, interpolation_duration: 1 }
$data merge entity $(bone_ear_left) { transformation: [-0.34877809121927617f,-0.0690249039179844f,-0.9357000851665942f,0.142644375f,-0.026108549522970072f,1.2981239308612156f,-0.04693102631326516f,2.319994201028792f,0.9368416017274452f,0.01047963570643222f,-0.34966102068776866f,-0.008868226716750124f,0f,0f,0f,1f], start_interpolation: 0, interpolation_duration: 1 }
$data merge entity $(bone_ear_right) { transformation: [-0.34877809121927594f,0.0690249039179844f,0.9357000851665942f,-0.142644375f,0.026108549522970072f,1.2981239308612156f,-0.04693102631326516f,2.319994201028792f,-0.9368416017274454f,0.010479635706432233f,-0.34966102068776844f,-0.008868226716750159f,0f,0f,0f,1f], start_interpolation: 0, interpolation_duration: 1 }
$data merge entity $(bone_head) { transformation: [-1f,-2.572621346410522e-18f,1.2243765534355257e-16f,8.600080342933691e-18f,0f,0.9997793276297986f,0.02100704748668497f,1.9003554300945167f,-1.2246467991473532e-16f,0.02100704748668497f,-0.9997793276297986f,-0.07022498526858031f,0f,0f,0f,1f], start_interpolation: 0, interpolation_duration: 1 }
$data merge entity $(bone_body) { transformation: [-1f,1.6965392716108456e-17f,1.2128385414640644e-16f,-6.403984274441296e-18f,0f,0.9903578258715001f,-0.13853294458386226f,0.9734917824074074f,-1.2246467991473532e-16f,-0.13853294458386226f,-0.9903578258715001f,0.0522925f,0f,0f,0f,1f], start_interpolation: 0, interpolation_duration: 1 }
$data merge entity $(bone_shoe_right) { transformation: [-0.9363321783233931f,0f,0.3511154394727889f,-0.1577527149994118f,6.909476111473879e-18f,1f,-6.382699073688951e-19f,0.25332764237312955f,-0.35111543947278884f,-5.551115123125783e-17f,-0.9363321783233931f,0.1773661187299765f,0f,0f,0f,1f], start_interpolation: 0, interpolation_duration: 1 }
$data merge entity $(bone_lowerleg_right) { transformation: [-0.9646596893185995f,0f,0.2634989256216108f,-0.1552008027807253f,6.938893903907228e-18f,1f,0f,0.6846076423731295f,-0.26349892562161076f,-5.551115123125783e-17f,-0.9646596893185995f,0.17306400688882875f,0f,0f,0f,1f], start_interpolation: 0, interpolation_duration: 1 }
$data merge entity $(bone_leg_right) { transformation: [-0.9646596893185995f,0.07393902769118577f,0.25291244332342616f,-0.125f,6.938893903907228e-18f,0.9598234327779118f,-0.28060466476953894f,1.01915f,-0.26349892562161076f,-0.2706880087379332f,-0.9259029744642521f,0.062499999999999986f,0f,0f,0f,1f], start_interpolation: 0, interpolation_duration: 1 }
$data merge entity $(bone_shoe_left) { transformation: [-0.9748382396647255f,-0.03272382734440216f,-0.22049842995203583f,0.17502867396847677f,0.02564960077545961f,0.9661293670663816f,-0.2567803420668577f,0.21241033762372524f,0.2214328441479237f,-0.255974993340847f,-0.9409804983721579f,0.23092423782132107f,0f,0f,0f,1f], start_interpolation: 0, interpolation_duration: 1 }
$data merge entity $(bone_lowerleg_left) { transformation: [-0.9886723669330617f,-0.059182331668508115f,-0.1379289762205752f,0.14719337437569052f,-0.029452620778936654f,0.9776096525168055f,-0.20835525055832624f,0.6384889728987906f,0.14717164805841326f,-0.20193270890137996f,-0.968278723861844f,0.13822476583801752f,0f,0f,0f,1f], start_interpolation: 0, interpolation_duration: 1 }
$data merge entity $(bone_leg_left) { transformation: [-0.9886723669330617f,-0.059182331668508115f,-0.1379289762205752f,0.12499999999999999f,-0.029452620778936654f,0.9776096525168055f,-0.20835525055832624f,1.0050925925925926f,0.14717164805841326f,-0.20193270890137996f,-0.968278723861844f,0.06250000000000001f,0f,0f,0f,1f], start_interpolation: 0, interpolation_duration: 1 }