# This file was generated by Animated Java via MC-Build. It is not recommended to edit this file directly.
$data merge entity $(bone_hammer) { transformation: [-0.000017760997916109826f,-0.000010887012485078705f,-2.1838029091630118e-7f,0.6794035971127259f,-0.000002176287685894067f,0.000003139574814078739f,0.000020480103019096516f,0.7600759974803012f,-0.000010669512768160791f,0.000017482671618328842f,-0.0000038138521410132065f,-0.4528943592518181f,0f,0f,0f,1f], start_interpolation: 0, interpolation_duration: 1 }
$data merge entity $(bone_hand_left) { transformation: [-0.8525278999732715f,-0.010482253963982571f,0.5225765992837778f,0.47818837043837925f,-0.1044618089229152f,0.9830449449166326f,-0.15069959107577924f,0.8942416856230271f,-0.5121366128717179f,-0.18306490276863369f,-0.8391682376797842f,-0.062322001929157454f,0f,0f,0f,1f], start_interpolation: 0, interpolation_duration: 1 }
$data merge entity $(bone_lowerarm_left) { transformation: [-0.8525278999732715f,-0.10395109361512177f,0.5122405195837046f,0.4322224962304426f,-0.1044618089229152f,0.9941378263606806f,0.02788750034358886f,1.3338370057168905f,-0.5121366128717179f,-0.029734699175904072f,-0.8583891526698147f,-0.07547031422100253f,0f,0f,0f,1f], start_interpolation: 0, interpolation_duration: 1 }
$data merge entity $(bone_arm_left) { transformation: [-0.8525278999732715f,-0.20060204264636014f,0.48265412072546465f,0.33286179698216734f,-0.1044618089229152f,0.970181149661789f,0.21871503678869836f,1.8143798564087454f,-0.5121366128717179f,0.13604174847096467f,-0.8480617503632898f,-0.008087135681477849f,0f,0f,0f,1f], start_interpolation: 0, interpolation_duration: 1 }
$data merge entity $(bone_bread) { transformation: [-0.000007650705875624839f,-1.6787313803301314e-7f,-0.000006437275682632096f,-0.5769676883762481f,0.0000030717607188947857f,0.000008690789391670393f,-0.000003877430313427228f,0.6858747492284301f,0.000005659592360809616f,-0.000004943884945986945f,-0.000006597500735150326f,0.13893151273365656f,0f,0f,0f,1f], start_interpolation: 0, interpolation_duration: 1 }
$data merge entity $(bone_hand_right) { transformation: [-0.7650705875624838f,-0.016787313803301313f,-0.6437275682632095f,-0.5479908789604744f,0.30717607188947854f,0.8690789391670392f,-0.38774303134272275f,0.9436521505821527f,0.5659592360809615f,-0.4943884945986945f,-0.6597500735150326f,0.14862524098463128f,0f,0f,0f,1f], start_interpolation: 0, interpolation_duration: 1 }
$data merge entity $(bone_lowerarm_right) { transformation: [-0.7650705875624838f,0.11494628850726257f,-0.6336042509368137f,-0.49716306701116925f,0.30717607188947854f,0.9299217616780542f,-0.20220874861423305f,1.3548519295741672f,0.5659592360809615f,-0.3493320310478119f,-0.7467645379761045f,-0.005845016494323041f,0f,0f,0f,1f], start_interpolation: 0, interpolation_duration: 1 }
$data merge entity $(bone_arm_right) { transformation: [-0.7650705875624838f,0.35611810199673344f,-0.5365136470557295f,-0.3207733196159122f,0.30717607188947854f,0.9340908809697847f,0.18198100710689946f,1.8175188190545137f,0.5659592360809615f,-0.02557583858518908f,-0.8240364188404046f,-0.018513049043549508f,0f,0f,0f,1f], start_interpolation: 0, interpolation_duration: 1 }
$data merge entity $(bone_uppertail) { transformation: [-0.9996909914427659f,-0.012745880284982258f,-0.021341606404877447f,0.009140033400495573f,0.01113968594217286f,0.5377989239772027f,-0.8429995401932748f,0.38786302854301485f,0.02222226418008664f,-0.8429767849144624f,-0.5374907544041911f,-0.2588023648107223f,0f,0f,0f,1f], start_interpolation: 0, interpolation_duration: 1 }
$data merge entity $(bone_middletail) { transformation: [-0.9996909914427659f,-0.01666671608966077f,-0.01844294453080766f,0.015895365061512172f,0.01113968594217286f,0.36289290358410725f,-0.9317642662848826f,0.7381952135873274f,0.02222226418008664f,-0.9316817917631977f,-0.36259510458861405f,-0.1305231910147403f,0f,0f,0f,1f], start_interpolation: 0, interpolation_duration: 1 }
$data merge entity $(bone_tail) { transformation: [-0.9996909914427659f,-0.015481336981554808f,-0.019448646056817138f,0.021875f,0.01113968594217286f,0.4204238815945045f,-0.9072594266151881f,1.0727871944464837f,0.02222226418008664f,-0.9071957274978061f,-0.42012150978548674f,-0.0017736741691886729f,0f,0f,0f,1f], start_interpolation: 0, interpolation_duration: 1 }
$data merge entity $(bone_hair) { transformation: [-0.6893654271085455f,0.12155372436685122f,1.2245616681007682e-16f,0.12499999999999996f,0.12154527458706259f,0.6893175060260505f,0.01179087433198868f,2.2975685452213015f,0.0014332246885946486f,0.008128221119854577f,-0.9999304852250916f,0.2543493939132136f,0f,0f,0f,1f], start_interpolation: 0, interpolation_duration: 1 }
$data merge entity $(bone_ear_left) { transformation: [-0.365177265996966f,-0.03564816711255515f,-0.9305340491230789f,0.142644375f,-0.014462739061530297f,1.299496324780599f,-0.023781589940336172f,2.3625354657404505f,0.9308256515469582f,0.006205647688322409f,-0.36543237322727323f,0.024332378946700713f,0f,0f,0f,1f], start_interpolation: 0, interpolation_duration: 1 }
$data merge entity $(bone_ear_right) { transformation: [-0.36517726599696576f,0.03564816711255515f,0.9305340491230789f,-0.142644375f,0.014462739061530297f,1.299496324780599f,-0.023781589940336172f,2.3625354657404505f,-0.9308256515469582f,0.00620564768832242f,-0.365432373227273f,0.02433237894670067f,0f,0f,0f,1f], start_interpolation: 0, interpolation_duration: 1 }
$data merge entity $(bone_head) { transformation: [-1f,-1.4439656509818606e-18f,1.2245616681007682e-16f,4.194302962058601e-18f,0f,0.9999304852250916f,0.01179087433198868f,1.9425554449368345f,-1.2246467991473532e-16f,0.01179087433198868f,-0.9999304852250916f,-0.034249082796597656f,0f,0f,0f,1f], start_interpolation: 0, interpolation_duration: 1 }
$data merge entity $(bone_body) { transformation: [-1f,1.2257100623895566e-17f,1.218497489160904e-16f,-6.403984274441296e-18f,0f,0.9949787073377152f,-0.1000868220325194f,1.0116433599108368f,-1.2246467991473532e-16f,-0.1000868220325194f,-0.9949787073377152f,0.0522925f,0f,0f,0f,1f], start_interpolation: 0, interpolation_duration: 1 }
$data merge entity $(bone_shoe_right) { transformation: [-0.9246335934913987f,0f,0.3808578708484085f,-0.14704355862701576f,-3.4491970688080994e-18f,1f,3.7430166035677695e-19f,0.24835787130345005f,-0.38085787084840855f,-2.7755575615628914e-17f,-0.9246335934913986f,0.1336446447236741f,0f,0f,0f,1f], start_interpolation: 0, interpolation_duration: 1 }
$data merge entity $(bone_lowerleg_right) { transformation: [-0.9603257406585889f,0f,0.2788807484006969f,-0.1444232235935412f,-3.469446951953614e-18f,1f,0f,0.6815128713034501f,-0.27888074840069693f,-2.7755575615628914e-17f,-0.9603257406585888f,0.12938386233331772f,0f,0f,0f,1f], start_interpolation: 0, interpolation_duration: 1 }
$data merge entity $(bone_leg_right) { transformation: [-0.9603257406585889f,0.046420374302951185f,0.2749902192408063f,-0.125f,-3.469446951953614e-18f,0.9860494882411149f,-0.16645241584139117f,1.0371f,-0.27888074840069693f,-0.1598485395272954f,-0.9469287051211711f,0.062499999999999986f,0f,0f,0f,1f], start_interpolation: 0, interpolation_duration: 1 }
$data merge entity $(bone_shoe_left) { transformation: [-0.9663962161434423f,-0.02199139260606759f,-0.25611468539481064f,0.1566465223010249f,0.017793257333359364f,0.9882213595371638f,-0.15199323849431026f,0.22377895974701767f,0.2564405455794889f,-0.1514428050643715f,-0.9546220840610847f,0.1636948243694492f,0f,0f,0f,1f], start_interpolation: 0, interpolation_duration: 1 }
$data merge entity $(bone_lowerleg_left) { transformation: [-0.9872725534952757f,-0.0364436122716198f,-0.1548055820683279f,0.13866635460185742f,-0.017289186165911165f,0.9922161944710136f,-0.12332115581351036f,0.6566654977180886f,0.1580948739100621f,-0.11907512987209157f,-0.980217896331885f,0.10715317370203435f,0f,0f,0f,1f], start_interpolation: 0, interpolation_duration: 1 }
$data merge entity $(bone_leg_left) { transformation: [-0.9872725534952757f,-0.0364436122716198f,-0.1548055820683279f,0.12499999999999999f,-0.017289186165911165f,0.9922161944710136f,-0.12332115581351036f,1.0287465706447187f,0.1580948739100621f,-0.11907512987209157f,-0.980217896331885f,0.06250000000000001f,0f,0f,0f,1f], start_interpolation: 0, interpolation_duration: 1 }