# This file was generated by Animated Java via MC-Build. It is not recommended to edit this file directly.
$data merge entity $(bone_hammer) { transformation: [-0.000017345527588567263f,-0.000011521540493385298f,6.438595431556684e-7f,0.6635646204670549f,-0.0000017700077487537521f,0.000003805089647804153f,0.000020406277051909867f,0.7735475871009447f,-0.00001140296115144577f,0.000016935264249761043f,-0.000004146936163863874f,-0.3920361893136675f,0f,0f,0f,1f], start_interpolation: 0, interpolation_duration: 1 }
$data merge entity $(bone_hand_left) { transformation: [-0.8325853242512286f,0.030905258071471958f,0.5530339436824943f,0.4502875696460688f,-0.08496037194018008f,0.9795012984916736f,-0.18264430309459911f,0.9211379339038722f,-0.5473421352693969f,-0.19905293586546574f,-0.8128926839885299f,-0.012872959624007158f,0f,0f,0f,1f], start_interpolation: 0, interpolation_duration: 1 }
$data merge entity $(bone_lowerarm_left) { transformation: [-0.8325853242512286f,-0.08084492878760109f,0.5479651223671121f,0.41453895269780144f,-0.08496037194018008f,0.9962237185579894f,0.017889599835612252f,1.361655609453733f,-0.5473421352693969f,-0.03166070232669818f,-0.8363098629616401f,-0.02687292643409401f,0f,0f,0f,1f], start_interpolation: 0, interpolation_duration: 1 }
$data merge entity $(bone_arm_left) { transformation: [-0.8325853242512286f,-0.15209155522099865f,0.5326066434733371f,0.33920610425240055f,-0.08496037194018008f,0.9852505477946677f,0.14853650484003475f,1.8496625214082796f,-0.5473421352693969f,0.07841885551807892f,-0.8332269019048604f,0.011968912939704458f,0f,0f,0f,1f], start_interpolation: 0, interpolation_duration: 1 }
$data merge entity $(bone_bread) { transformation: [-0.000008026599929577066f,-3.9238096982469456e-7f,-0.000005951447785626024f,-0.49512081627343196f,0.0000017057365755887695f,0.00000941055814141395f,-0.0000029209344740624235f,0.6803032747583861f,0.000005715256451395f,-0.0000033596774609457764f,-0.000007486548674335912f,0.021905854593375497f,0f,0f,0f,1f], start_interpolation: 0, interpolation_duration: 1 }
$data merge entity $(bone_hand_right) { transformation: [-0.8026599929577065f,-0.03923809698246945f,-0.5951447785626023f,-0.47947730222787854f,0.17057365755887693f,0.941055814141395f,-0.2920934474062423f,0.9333317686250264f,0.5715256451395f,-0.33596774609457764f,-0.7486548674335911f,0.07771512138560428f,0f,0f,0f,1f], start_interpolation: 0, interpolation_duration: 1 }
$data merge entity $(bone_lowerarm_right) { transformation: [-0.8026599929577065f,0.08778697618995641f,-0.589940999182595f,-0.4406589986938822f,0.17057365755887693f,0.9815836443118061f,-0.08601265352574985f,1.3673757863441531f,0.5715256451395f,-0.16966730984776568f,-0.802852066645469f,0.002690357812295402f,0f,0f,0f,1f], start_interpolation: 0, interpolation_duration: 1 }
$data merge entity $(bone_arm_right) { transformation: [-0.8026599929577065f,0.21469219072242635f,-0.5564568257717214f,-0.3343192729766804f,0.17057365755887693f,0.976630167978763f,0.13075986517567334f,1.8511129164211342f,0.5715256451395f,0.010038836415571364f,-0.8205227959729698f,0.007662718974383094f,0f,0f,0f,1f], start_interpolation: 0, interpolation_duration: 1 }
$data merge entity $(bone_uppertail) { transformation: [-0.9996103609386253f,-0.017373757774609457f,-0.021846712451540837f,0.00791949156320158f,0.0116922821118158f,0.450075690452805f,-0.8929138611324435f,0.4159938232942291f,0.025345943327657473f,-0.8928213849389025f,-0.4496971845059863f,-0.2571650020349391f,0f,0f,0f,1f], start_interpolation: 0, interpolation_duration: 1 }
$data merge entity $(bone_middletail) { transformation: [-0.9996103609386253f,-0.020131330375708495f,-0.019335352116141777f,0.01511525896848973f,0.0116922821118158f,0.32701149642507304f,-0.9449480259489683f,0.7725936759714942f,0.025345943327657473f,-0.9448059116787629f,-0.32664869877850833f,-0.13787579130760685f,0f,0f,0f,1f], start_interpolation: 0, interpolation_duration: 1 }
$data merge entity $(bone_tail) { transformation: [-0.9996103609386253f,-0.017472767904437175f,-0.021767606343114122f,0.021875f,0.0116922821118158f,0.446017013153992f,-0.8949481071638787f,1.1062301924661937f,0.025345943327657473f,-0.8948539134176869f,-0.4456389309720166f,0.00023796874502696186f,0f,0f,0f,1f], start_interpolation: 0, interpolation_duration: 1 }
$data merge entity $(bone_hair) { transformation: [-0.6893654271085455f,0.12155372436685122f,1.2246351093877187e-16f,0.12499999999999996f,0.1215525640863348f,0.6893588468307471f,0.004369294581779898f,2.3337393857322066f,0.0005311040292711657f,0.003012040625531768f,-0.9999904545868713f,0.2819462211834512f,0f,0f,0f,1f], start_interpolation: 0, interpolation_duration: 1 }
$data merge entity $(bone_ear_left) { transformation: [-0.3776986359032565f,-0.010150802834004685f,-0.9258956586644941f,0.142644375f,-0.005075908412698981f,1.2999569403266624f,-0.006362366537149041f,2.396844818825314f,0.9259146697134705f,0.0029857157211685063f,-0.37772575972296313f,0.052297028976482994f,0f,0f,0f,1f], start_interpolation: 0, interpolation_duration: 1 }
$data merge entity $(bone_ear_right) { transformation: [-0.37769863590325625f,0.010150802834004685f,0.9258956586644941f,-0.142644375f,0.005075908412698981f,1.2999569403266624f,-0.006362366537149041f,2.396844818825314f,-0.9259146697134706f,0.002985715721168508f,-0.3777257597229629f,0.05229702897648296f,0f,0f,0f,1f], start_interpolation: 0, interpolation_duration: 1 }
$data merge entity $(bone_head) { transformation: [-1f,-5.35084262410862e-19f,1.2246351093877187e-16f,4.910198219149151e-19f,0f,0.9999904545868713f,0.004369294581779898f,1.9765941513340983f,-1.2246467991473532e-16f,0.004369294581779898f,-0.9999904545868713f,-0.004009481119427914f,0f,0f,0f,1f], start_interpolation: 0, interpolation_duration: 1 }
$data merge entity $(bone_body) { transformation: [-1f,8.298463537318391e-18f,1.221831957739622e-16f,-6.403984274441296e-18f,0f,0.9977015075614528f,-0.06776209714585547f,1.0433648962620028f,-1.2246467991473532e-16f,-0.06776209714585547f,-0.9977015075614528f,0.0522925f,0f,0f,0f,1f], start_interpolation: 0, interpolation_duration: 1 }
$data merge entity $(bone_shoe_right) { transformation: [-0.9141870150822053f,0f,0.405292612139782f,-0.136345688184963f,-1.6803937095835696e-18f,1f,-1.3775676804408398e-17f,0.24817958065971807f,-0.40529261213978207f,0f,-0.9141870150822055f,0.09516084751215417f,0f,0f,0f,1f], start_interpolation: 0, interpolation_duration: 1 }
$data merge entity $(bone_lowerleg_right) { transformation: [-0.9565354506331956f,0f,0.2916160689707437f,-0.13366897104697936f,0f,1f,-1.3877787807814457e-17f,0.683209580659718f,-0.29161606897074377f,0f,-0.9565354506331957f,0.09093525789307737f,0f,0f,0f,1f], start_interpolation: 0, interpolation_duration: 1 }
$data merge entity $(bone_leg_right) { transformation: [-0.9565354506331956f,0.02033514395804606f,0.2909061938188239f,-0.125f,0f,0.9975657200427076f,-0.06973259062787167f,1.0516999999999999f,-0.29161606897074377f,-0.06670169500005137f,-0.9542069755572795f,0.062499999999999986f,0f,0f,0f,1f], start_interpolation: 0, interpolation_duration: 1 }
$data merge entity $(bone_shoe_left) { transformation: [-0.9590502062042907f,-0.010047494503281549f,-0.28305785598303745f,0.13988184419230676f,0.008310205988334228f,0.9979421661014625f,-0.06357966336142909f,0.23787216279782336f,0.28311418624989265f,-0.06332835834701324f,-0.9569931434305753f,0.10739248081032687f,0f,0f,0f,1f], start_interpolation: 0, interpolation_duration: 1 }
$data merge entity $(bone_lowerleg_left) { transformation: [-0.9859030412870072f,-0.01572736331281302f,-0.16657683879896504f,0.13089776124230487f,-0.007204555360304896f,0.9986394839206717f,-0.0516456729718462f,0.6739241167121898f,0.1671624585936983f,-0.04971751399538563f,-0.9846750130063364f,0.08114406774826963f,0f,0f,0f,1f], start_interpolation: 0, interpolation_duration: 1 }
$data merge entity $(bone_leg_left) { transformation: [-0.9859030412870072f,-0.01572736331281302f,-0.16657683879896504f,0.12499999999999999f,-0.007204555360304896f,0.9986394839206717f,-0.0516456729718462f,1.0484139231824416f,0.1671624585936983f,-0.04971751399538563f,-0.9846750130063364f,0.06250000000000001f,0f,0f,0f,1f], start_interpolation: 0, interpolation_duration: 1 }