# This file was generated by Animated Java via MC-Build. It is not recommended to edit this file directly.
$data merge entity $(bone_hammer) { transformation: [-0.00001809266425823715f,5.656287618793763e-7f,0.000010313260489303114f,0.1933691536474072f,0.000005905785060578066f,-0.000016499634857157017f,0.000011265501772070333f,1.8699403385119762f,0.000008473781955817532f,0.00001270708036733859f,0.000014168729854190789f,-0.7458622739162777f,0f,0f,0f,1f], start_interpolation: 0, interpolation_duration: 1 }
$data merge entity $(bone_hand_left) { transformation: [-0.8684478843953831f,0.4950365034865494f,-0.02715018057020995f,0.2735203957729967f,0.2834776829077471f,0.5407440850593758f,0.7919824731435369f,1.5328219841614428f,0.4067415338792415f,0.6800990330011579f,-0.609939857632252f,-0.44426360155395894f,0f,0f,0f,1f], start_interpolation: 0, interpolation_duration: 1 }
$data merge entity $(bone_lowerarm_left) { transformation: [-0.9851563219483996f,0.1694989351592108f,-0.02715018057020995f,0.34847070616371023f,0.08226150253626918f,0.6049766999099404f,0.7919824731435369f,1.8003351186528695f,0.15066541250591234f,0.7779931256418475f,-0.609939857632252f,-0.10024476630920454f,0f,0f,0f,1f], start_interpolation: 0, interpolation_duration: 1 }
$data merge entity $(bone_arm_left) { transformation: [-0.9944794162654808f,0.08939844664647445f,0.05494186346918237f,0.39275087426829214f,0.03810022965930851f,-0.180224268310471f,0.9828873717836969f,1.7110677857553394f,0.0977704614092455f,0.9795545573622496f,0.1758232237978545f,0.38494085038428477f,0f,0f,0f,1f], start_interpolation: 0, interpolation_duration: 1 }
$data merge entity $(bone_bread) { transformation: [0.0000024541897060952085f,-0.000009688451562213738f,3.3295527197280684e-7f,0.24042412200110092f,0.000009279111327130293f,0.0000022483026764416215f,-0.0000029737565559116856f,1.4034626903891985f,0.0000028062512120654076f,0.0000010387691763542198f,0.000009541798191800003f,1.2051011059454273f,0f,0f,0f,1f], start_interpolation: 0, interpolation_duration: 1 }
$data merge entity $(bone_hand_right) { transformation: [0.24541897060952084f,-0.9688451562213737f,0.03329552719728068f,0.03966598884111039f,0.9279111327130292f,0.22483026764416214f,-0.2973756555911685f,1.5478107141798194f,0.28062512120654076f,0.10387691763542196f,0.9541798191800003f,1.1260907743560846f,0f,0f,0f,1f], start_interpolation: 0, interpolation_duration: 1 }
$data merge entity $(bone_lowerarm_right) { transformation: [0.24541897060952084f,-0.9501906057340669f,-0.19211283569738366f,-0.38049641963192227f,0.9279111327130292f,0.28761917771220824f,-0.2371837650417415f,1.6749923193244365f,0.28062512120654076f,-0.12005424351883695f,0.9522796437816646f,1.073004288550099f,0f,0f,0f,1f], start_interpolation: 0, interpolation_duration: 1 }
$data merge entity $(bone_arm_right) { transformation: [0.40925861799091917f,0.4471690583858947f,-0.7953283704372898f,-0.15900799540015875f,0.8760082325125291f,0.05121367345034178f,0.47956932368740607f,1.7003590919553089f,0.25518025035342545f,-0.892982078696988f,-0.37076413925239465f,0.6306991026954971f,0f,0f,0f,1f], start_interpolation: 0, interpolation_duration: 1 }
$data merge entity $(bone_uppertail) { transformation: [-0.9572909758269861f,-0.20908187817222432f,-0.19969665951185023f,-0.08172171337869794f,-0.20835897205542078f,0.977736135238014f,-0.024871441732251393f,0.9111999739383074f,0.20045080784128802f,0.017799383972699423f,-0.9795420642146858f,-0.6338633626729389f,0f,0f,0f,1f], start_interpolation: 0, interpolation_duration: 1 }
$data merge entity $(bone_middletail) { transformation: [-0.9572909758269861f,-0.24938870282847964f,-0.14628486764441823f,-0.03039310873443367f,-0.20835897205542078f,0.9458339487144609f,-0.2489672272071552f,1.0139707187138316f,0.20045080784128802f,-0.2078543152324224f,-0.9574006774987346f,-0.2819085986771613f,0f,0f,0f,1f], start_interpolation: 0, interpolation_duration: 1 }
$data merge entity $(bone_tail) { transformation: [-0.9572909758269861f,-0.2629828929585781f,-0.12014152326050198f,0.0069956972474052165f,-0.20835897205542078f,0.9155811137251764f,-0.3439444184076468f,1.1255880468566635f,0.20045080784128802f,-0.30422232363997087f,-0.9312723830517429f,0.013008043787413485f,0f,0f,0f,1f], start_interpolation: 0, interpolation_duration: 1 }
$data merge entity $(bone_hair) { transformation: [-0.5075879019602616f,0.21691976399247365f,-0.614950367622327f,0.44270744536401174f,0.1084790308040148f,0.660485607659182f,0.29273886793140447f,2.0537075497700563f,0.4696667133823742f,0.08188148792328108f,-0.7322158155649225f,0.750564285068319f,0f,0f,0f,1f], start_interpolation: 0, interpolation_duration: 1 }
$data merge entity $(bone_ear_left) { transformation: [-0.07576171965435394f,0.7780104737270487f,-0.6955219251063879f,0.27164692817511416f,0.851993322312987f,0.44511136608806373f,0.3271234775304574f,2.1388246508072486f,0.5180420258715444f,-0.6182674072728646f,-0.6397182834222301f,0.49639862124451445f,0f,0f,0f,1f], start_interpolation: 0, interpolation_duration: 1 }
$data merge entity $(bone_ear_right) { transformation: [-0.5084556907106628f,-0.9069749478962984f,0.21838071395886866f,0.0018273472225057708f,-0.8605370099442746f,0.5450869754551827f,-0.09426360285228755f,2.1300863244303607f,-0.03080365400581743f,-0.2568183120871783f,-0.971300281554639f,0.6847931135090243f,0f,0f,0f,1f], start_interpolation: 0, interpolation_duration: 1 }
$data merge entity $(bone_head) { transformation: [-0.7679203184327142f,0.1792607874002665f,-0.614950367622327f,0.10758463546352412f,-0.011230187957440227f,0.95612647598562f,0.29273886793140447f,1.792889151886977f,0.6404469278688432f,0.23170613289241213f,-0.7322158155649225f,0.5393420141238994f,0f,0f,0f,1f], start_interpolation: 0, interpolation_duration: 1 }
$data merge entity $(bone_body) { transformation: [-0.8860094979677784f,0.0872041556591806f,-0.4553928026952717f,0.02284017468931137f,-0.1729767257299096f,0.8490836038400557f,0.49913533840607105f,1.0026078125f,0.4301932378206855f,0.521011006530335f,-0.7372118482550334f,0.04704074804264639f,0f,0f,0f,1f], start_interpolation: 0, interpolation_duration: 1 }
$data merge entity $(bone_shoe_right) { transformation: [-0.9850589754456909f,0.17182828966747893f,0.011569518738256686f,-0.12397097120725001f,0.11846739783216209f,0.6273262488611809f,0.7696929603034159f,0.5313752022423797f,0.12499716214683498f,0.7595635696633354f,-0.6383094023242405f,0.2719462828209801f,0f,0f,0f,1f], start_interpolation: 0, interpolation_duration: 1 }
$data merge entity $(bone_lowerleg_right) { transformation: [-0.9850589754456909f,0.1596248240168242f,-0.06464310057139755f,-0.05323354737092118f,0.11846739783216209f,0.9005080591610752f,0.4183906201587575f,0.9266720250831191f,0.12499716214683498f,0.40448133571717665f,-0.9059638836684861f,0.44413117811752567f,0f,0f,0f,1f], start_interpolation: 0, interpolation_duration: 1 }
$data merge entity $(bone_leg_right) { transformation: [-0.9850589754456909f,-0.06702994012001257f,-0.15863732858754728f,-0.08514763278192548f,0.11846739783216209f,0.4048374140007541f,-0.9066819419598354f,1.01298828125f,0.12499716214683498f,-0.911928536318877f,-0.3908478656748023f,0.11082026273039768f,0f,0f,0f,1f], start_interpolation: 0, interpolation_duration: 1 }
$data merge entity $(bone_shoe_left) { transformation: [-0.953207649219703f,0.08017450549851483f,-0.2914913826121042f,0.1444763461476601f,-0.17817588649948887f,0.6299495970657244f,0.7559211986886284f,0.5392164638847593f,0.24423048732533129f,0.7724866043012009f,-0.5861876109540622f,-0.6189768379275262f,0f,0f,0f,1f], start_interpolation: 0, interpolation_duration: 1 }
$data merge entity $(bone_lowerleg_left) { transformation: [-0.9511200437619661f,0.025649808562558253f,-0.3077543658097146f,0.15023398289077117f,-0.24230524996402114f,0.5558615571417383f,0.7951767697385501f,0.7662584593062226f,0.1914649529133434f,0.8308790625672704f,-0.5224759852789649f,-0.271365851419077f,0f,0f,0f,1f], start_interpolation: 0, interpolation_duration: 1 }
$data merge entity $(bone_leg_left) { transformation: [-0.9511200437619661f,-0.027971181432793923f,-0.3075520693532873f,0.13974478985347344f,-0.24230524996402114f,0.6850295251834065f,0.6870390931139726f,1.02314453125f,0.1914649529133434f,0.7279781333503434f,-0.6583228760795427f,0.0016259485873017787f,0f,0f,0f,1f], start_interpolation: 0, interpolation_duration: 1 }