# This file was generated by Animated Java via MC-Build. It is not recommended to edit this file directly.
$data merge entity $(bone_hammer) { transformation: [-0.000016804548750596504f,-0.000012149327481932837f,0.0000020071773223496765f,0.6236007844632236f,-0.000001093140352941476f,0.00000485423869945346f,0.000020230402581146955f,0.791780254485321f,-0.000012265396986456426f,0.00001621289567484038f,-0.000004553002128172775f,-0.31063279377878344f,0f,0f,0f,1f], start_interpolation: 0, interpolation_duration: 1 }
$data merge entity $(bone_hand_left) { transformation: [-0.8066183400286321f,0.09634451147278433f,0.5831677191327761f,0.3996557231494504f,-0.052470736941190844f,0.9710593238950538f,-0.23300345757376584f,0.960281160261875f,-0.5887390553499083f,-0.21854410215229297f,-0.7782189923923382f,0.05336009061684752f,0f,0f,0f,1f], start_interpolation: 0, interpolation_duration: 1 }
$data merge entity $(bone_lowerarm_left) { transformation: [-0.8066183400286321f,-0.04020415951438373f,0.5897037214459443f,0.3818779463641839f,-0.052470736941190844f,0.9986156486900563f,-0.0036888963372210676f,1.4018565174170092f,-0.5887390553499083f,-0.03391772028129839f,-0.8076112387508098f,0.03836209867996089f,0f,0f,0f,1f], start_interpolation: 0, interpolation_duration: 1 }
$data merge entity $(bone_arm_left) { transformation: [-0.8066183400286321f,-0.06909112199709046f,0.5870206728818306f,0.34765625f,-0.052470736941190844f,0.9975937779711113f,0.04531529452815865f,1.8959771855683254f,-0.5887390553499083f,0.0057507403443885115f,-0.8083026992972305f,0.04121051225679082f,0f,0f,0f,1f], start_interpolation: 0, interpolation_duration: 1 }
$data merge entity $(bone_bread) { transformation: [-0.000008240955356040255f,-8.980295701609865e-7f,-0.000005592870256931401f,-0.3754177864872911f,-2.1070882024721744e-7f,0.000009915297221889882f,-0.0000012815938493348245f,0.7286017115892638f,0.000005660588009458156f,-9.383090603310309e-7f,-0.000008190074449874023f,-0.14369255506641493f,0f,0f,0f,1f], start_interpolation: 0, interpolation_duration: 1 }
$data merge entity $(bone_hand_right) { transformation: [-0.8240955356040255f,-0.08980295701609864f,-0.55928702569314f,-0.3766572760981718f,-0.02107088202472174f,0.9915297221889882f,-0.12815938493348245f,0.9602018313082452f,0.5660588009458156f,-0.09383090603310308f,-0.8190074449874023f,-0.026463460078617475f,0f,0f,0f,1f], start_interpolation: 0, interpolation_duration: 1 }
$data merge entity $(bone_lowerarm_right) { transformation: [-0.8240955356040255f,0.03491954448864822f,-0.5653734815236913f,-0.36121629001959765f,-0.02107088202472174f,0.9955175421129738f,0.09220000691997733f,1.4004072444613258f,0.5660588009458156f,0.08789453201450548f,-0.819665776468517f,0.012402403296546662f,0f,0f,0f,1f], start_interpolation: 0, interpolation_duration: 1 }
$data merge entity $(bone_arm_right) { transformation: [-0.8240955356040255f,0.01949030161685335f,-0.5661154266935308f,-0.3515625f,-0.02107088202472174f,0.9976614379089481f,0.06502056013408747f,1.8945614254256018f,0.5660588009458156f,0.06551170469720896f,-0.821757659179062f,0.04485116952938298f,0f,0f,0f,1f], start_interpolation: 0, interpolation_duration: 1 }
$data merge entity $(bone_uppertail) { transformation: [-0.9994884721418602f,-0.023148308826400767f,-0.02206694029555543f,0.006119668004066294f,0.012046219932470379f,0.3666835688961748f,-0.9302677296815702f,0.4587473922248943f,0.029625709120096766f,-0.9300576950383463f,-0.3662171504163747f,-0.2710001140496349f,0f,0f,0f,1f], start_interpolation: 0, interpolation_duration: 1 }
$data merge entity $(bone_middletail) { transformation: [-0.9994884721418602f,-0.02413191278069966f,-0.020986777767793133f,0.014074894397943401f,0.012046219932470379f,0.3238174325241728f,-0.946042894893668f,0.8173807893375598f,0.029625709120096766f,-0.9458117789385991f,-0.3233610925577378f,-0.14843831198469884f,0f,0f,0f,1f], start_interpolation: 0, interpolation_duration: 1 }
$data merge entity $(bone_tail) { transformation: [-0.9994884721418602f,-0.020154584897380614f,-0.02483116515881421f,0.021875f,0.012046219932470379f,0.48199195450090576f,-0.8760928286327515f,1.1508079600962204f,0.029625709120096766f,-0.8759438044212717f,-0.48150261562645774f,0.0031836501283351026f,0f,0f,0f,1f], start_interpolation: 0, interpolation_duration: 1 }
$data merge entity $(bone_hair) { transformation: [-0.6893654271085455f,0.12155372436685122f,1.2246422453324496e-16f,0.12499999999999996f,0.12155327237272359f,0.689362863722467f,-0.0027270735760538158f,2.3796121180326377f,-0.0003314859497918532f,-0.0018799502405127523f,-0.9999962815279418f,0.3223751795234828f,0f,0f,0f,1f], start_interpolation: 0, interpolation_duration: 1 }
$data merge entity $(bone_ear_left) { transformation: [-0.38268343236508995f,4.341612503739723e-19f,-0.9238795325112866f,0.142644375f,0.002519487460568482f,1.2999951659863245f,-0.0010436058763964142f,2.441027667144701f,0.9238760970910599f,-0.0035451956488699605f,-0.38268200936743957f,0.09262184047096897f,0f,0f,0f,1f], start_interpolation: 0, interpolation_duration: 1 }
$data merge entity $(bone_ear_right) { transformation: [-0.3826834323650897f,4.341612503739723e-19f,0.9238795325112866f,-0.142644375f,-0.002519487460568482f,1.2999951659863245f,-0.0010436058763964142f,2.441027667144701f,-0.9238760970910599f,-0.0035451956488699605f,-0.38268200936743935f,0.09262184047096894f,0f,0f,0f,1f], start_interpolation: 0, interpolation_duration: 1 }
$data merge entity $(bone_head) { transformation: [-1f,3.3397019259536326e-19f,1.2246422453324496e-16f,-4.771358192014788e-18f,0f,0.9999962815279418f,-0.0027270735760538158f,2.020446641428509f,-1.2246467991473532e-16f,-0.0027270735760538158f,-0.9999962815279418f,0.03896109633681151f,0f,0f,0f,1f], start_interpolation: 0, interpolation_duration: 1 }
$data merge entity $(bone_body) { transformation: [-1f,2.6715529131342774e-18f,1.22435536637248e-16f,-6.403984274441296e-18f,0f,0.9997620270799091f,-0.02181488503456112f,1.085615625f,-1.2246467991473532e-16f,-0.02181488503456112f,-0.9997620270799091f,0.0522925f,0f,0f,0f,1f], start_interpolation: 0, interpolation_duration: 1 }
$data merge entity $(bone_shoe_right) { transformation: [-0.8992717002026431f,3.469446951953614e-18f,0.4373904539592144f,-0.11968160228174524f,0f,1f,0f,0.24689687253557713f,-0.43739045395921433f,-6.938893903907228e-18f,-0.8992717002026431f,0.04179609683428103f,0f,0f,0f,1f], start_interpolation: 0, interpolation_duration: 1 }
$data merge entity $(bone_lowerleg_right) { transformation: [-0.9512249174525192f,3.469446951953614e-18f,0.30849822757586154f,-0.116930523985769f,0f,1f,0f,0.6838018725355771f,-0.3084982275758615f,-6.938893903907228e-18f,-0.9512249174525192f,0.03761853887836546f,0f,0f,0f,1f], start_interpolation: 0, interpolation_duration: 1 }
$data merge entity $(bone_leg_right) { transformation: [-0.9512249174525192f,-0.01849746341765218f,0.30794317700601953f,-0.125f,0f,0.9982007981886848f,0.059959707266400895f,1.0625f,-0.3084982275758615f,0.057035167594959406f,-0.9495134718580706f,0.062499999999999986f,0f,0f,0f,1f], start_interpolation: 0, interpolation_duration: 1 }
$data merge entity $(bone_shoe_left) { transformation: [-0.9491419354963533f,0.00952247147654881f,-0.31470447854966177f,0.11576475829473672f,-0.008080351686817169f,0.998476567481692f,0.05458252565240499f,0.26330072499045276f,0.3147448080570251f,0.054349486906100704f,-0.9476190368888703f,0.032371372789374284f,0f,0f,0f,1f], start_interpolation: 0, interpolation_duration: 1 }
$data merge entity $(bone_lowerleg_left) { transformation: [-0.9837900193564584f,0.014045944151319106f,-0.1787733460768614f,0.11973277094325532f,0.006180235829487616f,0.9989911877323421f,0.04447933810452133f,0.6999876796003718f,0.1792177516311126f,0.04265346745602788f,-0.9828843671634352f,0.04650494970398956f,0f,0f,0f,1f], start_interpolation: 0, interpolation_duration: 1 }
$data merge entity $(bone_leg_left) { transformation: [-0.9837900193564584f,0.014045944151319106f,-0.1787733460768614f,0.12499999999999999f,0.006180235829487616f,0.9989911877323421f,0.04447933810452133f,1.074609375f,0.1792177516311126f,0.04265346745602788f,-0.9828843671634352f,0.06250000000000001f,0f,0f,0f,1f], start_interpolation: 0, interpolation_duration: 1 }