# This file was generated by Animated Java via MC-Build. It is not recommended to edit this file directly.
$data merge entity $(bone_hammer) { transformation: [-0.000020130803634464336f,-4.687155073607835e-7f,0.000005344046087149225f,0.31204084671090215f,0.000003851639970018986f,-0.000015708740580455253f,0.000013131188700764627f,1.8040759617894795f,0.0000037340852092269633f,0.000013676386691187694f,0.000015265674976925017f,-0.8870280870649596f,0f,0f,0f,1f], start_interpolation: 0, interpolation_duration: 1 }
$data merge entity $(bone_hand_left) { transformation: [-0.9662785744542881f,0.2565142121831628f,0.022498344353317663f,0.35894526210155997f,0.18487871856091131f,0.6302970576367019f,0.7540195478618522f,1.4939470747280328f,0.1792360900428942f,0.7327523988924008f,-0.6564665611770091f,-0.5513871854276753f,0f,0f,0f,1f], start_interpolation: 0, interpolation_duration: 1 }
$data merge entity $(bone_lowerarm_left) { transformation: [-0.9994087335480862f,-0.026000150175915657f,0.022498344353317663f,0.34744832069564724f,-0.00011412586413706016f,0.6568519684202031f,0.7540195478618522f,1.7843988045138413f,-0.03438270325465644f,0.7535711537561233f,-0.6564665611770091f,-0.21816744087613954f,0f,0f,0f,1f], start_interpolation: 0, interpolation_duration: 1 }
$data merge entity $(bone_arm_left) { transformation: [-0.9963753880668855f,-0.0708817790207611f,-0.047030409921829205f,0.3123396895244265f,-0.0401263329025314f,-0.09586206679389789f,0.9945855124411364f,1.7369171245549886f,-0.07500642280737385f,0.9928676838093053f,0.09267037814095305f,0.2736123337606571f,0f,0f,0f,1f], start_interpolation: 0, interpolation_duration: 1 }
$data merge entity $(bone_bread) { transformation: [0.0000019277509518188446f,-0.000009682812354296747f,-0.0000015896292584246562f,-0.011920453144513066f,0.000009461245710388538f,0.0000022637329070825964f,-0.000002315241441631048f,1.473385322196627f,0.0000026016544496562145f,-0.0000010576664109583686f,0.000009597538011787939f,1.113350114814599f,0f,0f,0f,1f], start_interpolation: 0, interpolation_duration: 1 }
$data merge entity $(bone_hand_right) { transformation: [0.19277509518188443f,-0.9682812354296747f,-0.1589629258424656f,-0.19181316421557842f,0.9461245710388537f,0.22637329070825962f,-0.2315241441631048f,1.6109777832493755f,0.26016544496562144f,-0.10576664109583686f,0.9597538011787938f,0.9865047772378869f,0f,0f,0f,1f], start_interpolation: 0, interpolation_duration: 1 }
$data merge entity $(bone_lowerarm_right) { transformation: [0.19277509518188443f,-0.8880896827955125f,-0.417294234311691f,-0.5845153208267191f,0.9461245710388537f,0.280985608975929f,-0.16092042637580437f,1.735226107218419f,0.26016544496562144f,-0.36379087792383036f,0.8944104976940107f,0.8256409984059432f,0f,0f,0f,1f], start_interpolation: 0, interpolation_duration: 1 }
$data merge entity $(bone_arm_right) { transformation: [0.32798208517632166f,0.6574699608622369f,-0.6783516804484238f,-0.2588622308371423f,0.9033143350379185f,-0.00809765002041532f,0.4289028330276564f,1.731215239942682f,0.2764976743453639f,-0.7534372426605651f,-0.5965579246424019f,0.4524541141506319f,0f,0f,0f,1f], start_interpolation: 0, interpolation_duration: 1 }
$data merge entity $(bone_uppertail) { transformation: [-0.9610404125251373f,-0.21432320113194003f,-0.1745476752926603f,-0.02776659702772404f,-0.21310484184100675f,0.9766854983320015f,-0.02591840527287581f,0.7245010424176729f,0.17603309881222207f,0.012288319841519735f,-0.9843075461043864f,-0.5979421370153701f,0f,0f,0f,1f], start_interpolation: 0, interpolation_duration: 1 }
$data merge entity $(bone_middletail) { transformation: [-0.9610404125251373f,-0.26507989190371756f,-0.07831970634410866f,-0.003607091996201822f,-0.21310484184100675f,0.8910296905468844f,-0.40081469153193794f,0.8860415029008871f,0.17603309881222207f,-0.36850880786249374f,-0.9128053498146962f,-0.27048488407235827f,0f,0f,0f,1f], start_interpolation: 0, interpolation_duration: 1 }
$data merge entity $(bone_tail) { transformation: [-0.9610404125251373f,-0.2746214158521886f,-0.03137520436353056f,0.005248307299860054f,-0.21310484184100675f,0.8084439573329403f,-0.548638947064255f,1.0648125404174282f,0.17603309881222207f,-0.5205779920503689f,-0.8354704676500375f,-0.005141991473852005f,0f,0f,0f,1f], start_interpolation: 0, interpolation_duration: 1 }
$data merge entity $(bone_hair) { transformation: [-0.5752475499954736f,0.19578920196706642f,-0.4964297936620188f,0.30729025528413123f,0.1383487237808024f,0.66994414967634f,0.21205730330030528f,2.1199970708625253f,0.374098766173357f,0.053305015782240346f,-0.841777381545553f,0.6114647168186533f,0f,0f,0f,1f], start_interpolation: 0, interpolation_duration: 1 }
$data merge entity $(bone_ear_left) { transformation: [-0.31096991386239026f,1.0354916100178952f,-0.3041842424872747f,0.19797056115341707f,0.8174402707414387f,0.47916763032542864f,0.39771798344417314f,2.185102826631728f,0.4848598936214264f,-0.14372024085305707f,-0.8656167467577919f,0.37028730021178674f,0f,0f,0f,1f], start_interpolation: 0, interpolation_duration: 1 }
$data merge entity $(bone_ear_right) { transformation: [-0.613463453968013f,-0.8845853270217553f,-0.17884860765107302f,-0.08297558707338597f,-0.7867868093695913f,0.7070361846946145f,0.054499279325474714f,2.1888388438717694f,0.06803754292781185f,0.20027139773391828f,-0.9823660234832414f,0.5154553289737528f,0f,0f,0f,1f], start_interpolation: 0, interpolation_duration: 1 }
$data merge entity $(bone_head) { transformation: [-0.8578666932360913f,0.1327486218416567f,-0.4964297936620188f,0.011300064017985518f,0.028446164383944282f,0.9768431377907325f,0.21205730330030528f,1.8337683148326078f,0.513084352098186f,0.1677953740431985f,-0.841777381545553f,0.3760686930021734f,0f,0f,0f,1f], start_interpolation: 0, interpolation_duration: 1 }
$data merge entity $(bone_body) { transformation: [-0.9224368150064748f,-0.01111584035159438f,-0.3859880314387849f,0.01896525077317587f,-0.14226115841995676f,0.9390604627439977f,0.31293323587634625f,0.9580521484375f,0.3589875835258408f,0.343572241900167f,-0.8678052946773087f,0.0487321743754632f,0f,0f,0f,1f], start_interpolation: 0, interpolation_duration: 1 }
$data merge entity $(bone_shoe_right) { transformation: [-0.9925264418552776f,0.1215182621017483f,0.011161281013982588f,-0.132031307462987f,0.0981886441721583f,0.7409586779231844f,0.6643336720097516f,0.4736845994341932f,0.07245862525424818f,0.660464646734477f,-0.7473527935588162f,0.282241338857685f,0f,0f,0f,1f], start_interpolation: 0, interpolation_duration: 1 }
$data merge entity $(bone_lowerleg_right) { transformation: [-0.9925264418552776f,0.11729264487117093f,-0.0336704273395463f,-0.07962974091080396f,0.0981886441721583f,0.9314487198794282f,0.350374474513495f,0.882198476503415f,0.07245862525424818f,0.34444987689662465f,-0.9360042894838486f,0.4281230975255031f,0f,0f,0f,1f], start_interpolation: 0, interpolation_duration: 1 }
$data merge entity $(bone_leg_right) { transformation: [-0.9925264418552776f,-0.02215479479567084f,-0.12000178034372658f,-0.09382212790762362f,0.0981886441721583f,0.43891997013693607f,-0.893145144962802f,0.9782348632812501f,0.07245862525424818f,-0.8982529849004415f,-0.4334643269563386f,0.10357923689082438f,0f,0f,0f,1f], start_interpolation: 0, interpolation_duration: 1 }
$data merge entity $(bone_shoe_left) { transformation: [-0.9698111164142353f,-0.01960950181674874f,-0.2430676159381854f,0.20845713684996786f,-0.10289182692623802f,0.9365953359098376f,0.33496633965776274f,0.3738064136168932f,0.2210874723523596f,0.3498637508951701f,-0.9103382258141239f,-0.44120673051927617f,0f,0f,0f,1f], start_interpolation: 0, interpolation_duration: 1 }
$data merge entity $(bone_lowerleg_left) { transformation: [-0.9598937642893077f,-0.062173020598747776f,-0.27338338791545247f,0.17681885604909656f,-0.21950673473262117f,0.773273267235661f,0.5948657391258205f,0.6767570008557239f,0.1744154657291771f,0.6310174083876877f,-0.7559075840512254f,-0.1809885179497073f,0f,0f,0f,1f], start_interpolation: 0, interpolation_duration: 1 }
$data merge entity $(bone_leg_left) { transformation: [-0.9598937642893077f,-0.10043250611163437f,-0.261758042846136f,0.13915666625723366f,-0.21950673473262117f,0.8500347164680695f,0.47880870314361607f,0.9955200195312499f,0.1744154657291771f,0.5170631417101642f,-0.8379886352447083f,0.012910160191604264f,0f,0f,0f,1f], start_interpolation: 0, interpolation_duration: 1 }