# This file was generated by Animated Java via MC-Build. It is not recommended to edit this file directly.
$data merge entity $(bone_hammer) { transformation: [-0.00002080135778196618f,-0.000001146527451137884f,-1.2948748279383467e-7f,0.44587474765766977f,7.227832420534049e-7f,-0.00001477068701291312f,0.00001467420073902985f,1.7058848109559264f,-8.993756664596767e-7f,0.000014647186001008f,0.00001478779373132562f,-1.0221302106283727f,0f,0f,0f,1f], start_interpolation: 0, interpolation_duration: 1 }
$data merge entity $(bone_hand_left) { transformation: [-0.9984651735343765f,-0.006215399174104075f,0.05503331765461841f,0.4629840830222503f,0.03469359561856343f,0.7043616354734326f,0.7089929766198299f,1.4271704928283666f,-0.04317003199006447f,0.7098140991036298f,-0.7030649280483837f,-0.6573558075528944f,0f,0f,0f,1f], start_interpolation: 0, interpolation_duration: 1 }
$data merge entity $(bone_lowerarm_left) { transformation: [-0.9734523035722088f,-0.2221754860867557f,0.05503331765461841f,0.364740860268263f,-0.1185805415796434f,0.6951745207229848f,0.7089929766198299f,1.7345679762105615f,-0.19577861943695166f,0.6836449656946814f,-0.7030649280483837f,-0.3550565492847775f,0f,0f,0f,1f], start_interpolation: 0, interpolation_duration: 1 }
$data merge entity $(bone_arm_left) { transformation: [-0.9630772315518931f,-0.2232632316400557f,-0.15045190415538195f,0.25415579084654794f,-0.15137054925934113f,-0.013095213970925085f,0.9883903440382149f,1.7280817530405876f,-0.22264142220904615f,0.9746702235980611f,-0.021183775585072534f,0.12770979584113723f,0f,0f,0f,1f], start_interpolation: 0, interpolation_duration: 1 }
$data merge entity $(bone_bread) { transformation: [0.0000013326848479302765f,-0.000009309937042498328f,-0.0000033983854049849383f,-0.24024312336561077f,0.000009626480292566683f,0.0000020314113701264727f,-0.0000017900405085210347f,1.5039881815632357f,0.000002356868318961078f,-0.0000030328930264746304f,0.000009232915661752749f,0.9415356367199609f,0f,0f,0f,1f], start_interpolation: 0, interpolation_duration: 1 }
$data merge entity $(bone_hand_right) { transformation: [0.13326848479302764f,-0.9309937042498327f,-0.3398385404984938f,-0.3930888983083857f,0.9626480292566683f,0.20314113701264727f,-0.17900405085210347f,1.630966313469807f,0.2356868318961078f,-0.303289302647463f,0.9232915661752747f,0.7745100829874257f,0f,0f,0f,1f], start_interpolation: 0, interpolation_duration: 1 }
$data merge entity $(bone_lowerarm_right) { transformation: [0.13326848479302764f,-0.7757243304348285f,-0.6168397475296226f,-0.7361045006725364f,0.9626480292566683f,0.2493273557623551f,-0.10556818382829929f,1.7412157535959734f,0.2356868318961078f,-0.5797306554254219f,0.7799769768594371f,0.518160433791497f,0f,0f,0f,1f], start_interpolation: 0, interpolation_duration: 1 }
$data merge entity $(bone_arm_right) { transformation: [0.2306748940158842f,0.8241511065485901f,-0.5172659343562996f,-0.3278921557101878f,0.9332827422679798f,-0.03700991051789553f,0.35723044314310287f,1.7228842822925783f,0.27526789906474913f,-0.5651594643091387f,-0.7777032619491103f,0.23822988662587677f,0f,0f,0f,1f], start_interpolation: 0, interpolation_duration: 1 }
$data merge entity $(bone_uppertail) { transformation: [-0.9689570835600027f,-0.19651692932171472f,-0.15001088863431894f,0.0208761460802675f,-0.19471005613193412f,0.9804950314724478f,-0.02678595338872508f,0.5374403190412993f,0.15234882428162333f,0.0032541892704763264f,-0.9883214284797223f,-0.5214541580315715f,0f,0f,0f,1f], start_interpolation: 0, interpolation_duration: 1 }
$data merge entity $(bone_middletail) { transformation: [-0.9689570835600027f,-0.24645112176680653f,-0.01959629553707947f,0.022411671607171422f,-0.19471005613193412f,0.8095645636687719f,-0.5537988906569696f,0.755575945545498f,0.15234882428162333f,-0.5327917621657393f,-0.8324198303190122f,-0.23289887298372608f,0f,0f,0f,1f], start_interpolation: 0, interpolation_duration: 1 }
$data merge entity $(bone_tail) { transformation: [-0.9689570835600027f,-0.24359656098815097f,0.04222423111958215f,0.007373264823904532f,-0.19471005613193412f,0.6466638978290702f,-0.7375051167860553f,0.9968557363495293f,0.15234882428162333f,-0.7228322894830168f,-0.6740202645475483f,-0.01928572037498403f,0f,0f,0f,1f], start_interpolation: 0, interpolation_duration: 1 }
$data merge entity $(bone_hair) { transformation: [-0.6290278815220389f,0.17273963743037768f,-0.36276979243411117f,0.1946530855864372f,0.1529264726768771f,0.6780961008294887f,0.11779584548347924f,2.1504091480408114f,0.2663407933879147f,0.01861976638589892f,-0.9244037086057931f,0.4205251030681125f,0f,0f,0f,1f], start_interpolation: 0, interpolation_duration: 1 }
$data merge entity $(bone_ear_left) { transformation: [-0.5388133242074055f,1.0167052276714001f,0.07036485774209883f,0.13671547734303502f,0.7391179208495762f,0.5219996704262118f,0.5176253715910244f,2.2013623377348583f,0.404208981512738f,0.40077044246970456f,-0.8527090720053282f,0.20437857955861058f,0f,0f,0f,1f], start_interpolation: 0, interpolation_duration: 1 }
$data merge entity $(bone_ear_right) { transformation: [-0.7307996949599354f,-0.6465863574586477f,-0.42532975391966055f,-0.14900804826455638f,-0.6748951085172222f,0.7974542112258752f,0.33310997558563626f,2.2113966961111795f,0.1022174072552831f,0.6424818960898944f,-0.8415059979560322f,0.306206162958212f,0f,0f,0f,1f], start_interpolation: 0, interpolation_duration: 1 }
$data merge entity $(bone_head) { transformation: [-0.9278106540491143f,0.08697969837994564f,-0.36276979243411117f,-0.055665017191531746f,0.046932891058437703f,0.9919281438308569f,0.11779584548347924f,1.834277647032056f,0.37008741395763683f,0.0922664052946931f,-0.9244037086057931f,0.17082507578657244f,0f,0f,0f,1f], start_interpolation: 0, interpolation_duration: 1 }
$data merge entity $(bone_body) { transformation: [-0.9543436427617474f,-0.07737339914813413f,-0.28851614967710504f,0.014632958716215644f,-0.10886687485196458f,0.9895317178917384f,0.09473638607310106f,0.909834375f,0.27816580501600996f,0.12182091934675462f,-0.9527767044430224f,0.050203407010476174f,0f,0f,0f,1f], start_interpolation: 0, interpolation_duration: 1 }
$data merge entity $(bone_shoe_right) { transformation: [-0.997018839186875f,0.0720267018119166f,0.027669270546106697f,-0.14080627417776279f,0.0757194863046445f,0.8444151971785269f,0.5303107901671529f,0.4149226594121381f,0.014832184607034615f,0.5308249513729046f,-0.8473516845441074f,0.2944686845523766f,0f,0f,0f,1f], start_interpolation: 0, interpolation_duration: 1 }
$data merge entity $(bone_lowerleg_right) { transformation: [-0.997018839186875f,0.07689188928230303f,0.006408718206821713f,-0.1058567516015307f,0.0757194863046445f,0.9590770326349807f,0.2728329248200089f,0.8351633821927205f,0.014832184607034615f,0.27250483084649707f,-0.9620400841259709f,0.40886827037248674f,0f,0f,0f,1f], start_interpolation: 0, interpolation_duration: 1 }
$data merge entity $(bone_leg_right) { transformation: [-0.997018839186875f,0.022899256827309894f,-0.07368214399169787f,-0.10251691842130409f,0.0757194863046445f,0.47394795779304444f,-0.8772912245643195f,0.940625f,0.014832184607034615f,-0.8802550524368262f,-0.47426896267753327f,0.09498174265299453f,0f,0f,0f,1f], start_interpolation: 0, interpolation_duration: 1 }
$data merge entity $(bone_shoe_left) { transformation: [-0.9865412654426887f,-0.026158235575962696f,-0.1614065621041809f,0.25375361073883695f,-0.021490715797036455f,0.9993007589307149f,-0.030596443176100885f,0.25483059515456646f,0.1620940489754925f,-0.026715911215038357f,-0.9864135944798618f,-0.21427983219247823f,0f,0f,0f,1f], start_interpolation: 0, interpolation_duration: 1 }
$data merge entity $(bone_lowerleg_left) { transformation: [-0.96888589929654f,-0.12947437686988517f,-0.2109419348505407f,0.19437157549541548f,-0.19314710930075774f,0.9284568782096777f,0.31727278401070086f,0.6065703971170253f,0.15477179430728308f,0.3481439516052155f,-0.9245763790231771f,-0.06700762114002726f,0f,0f,0f,1f], start_interpolation: 0, interpolation_duration: 1 }
$data merge entity $(bone_leg_left) { transformation: [-0.96888589929654f,-0.1516694141872997f,-0.1955926965518297f,0.1374955451751781f,-0.19314710930075774f,0.9574789410212657f,0.2143088231257795f,0.965625f,0.15477179430728308f,0.2454189607607302f,-0.9569823537485043f,0.025024489145246555f,0f,0f,0f,1f], start_interpolation: 0, interpolation_duration: 1 }