# This file was generated by Animated Java via MC-Build. It is not recommended to edit this file directly.
$data merge entity $(bone_hammer) { transformation: [-0.000020144652896729247f,-0.000001428499047299722f,-0.0000051166520225572785f,0.5778706246649935f,-0.000002971874067857778f,-0.00001360182381223093f,0.000015497939581879898f,1.5745986048029883f,-0.000004403260379862874f,0.000015715519629674007f,0.000012948417608890996f,-1.1404915561544113f,0f,0f,0f,1f], start_interpolation: 0, interpolation_duration: 1 }
$data merge entity $(bone_hand_left) { transformation: [-0.9669433390430038f,-0.24559929708274936f,0.06856795427038659f,0.5725459062278804f,-0.14264995525717333f,0.7439010999302348f,0.6528875429870847f,1.331315378731035f,-0.21135649823341796f,0.6215240452267679f,-0.754344942224352f,-0.7508511002074085f,0f,0f,0f,1f], start_interpolation: 0, interpolation_duration: 1 }
$data merge entity $(bone_lowerarm_left) { transformation: [-0.91905745720752f,-0.3881131613311015f,0.06856795427038659f,0.4009271177017839f,-0.25281623689910243f,0.7140180716007569f,0.6528875429870847f,1.6470452447669948f,-0.3023530067841632f,0.5827060729296666f,-0.754344942224352f,-0.4931857585838216f,0f,0f,0f,1f], start_interpolation: 0, interpolation_duration: 1 }
$data merge entity $(bone_arm_left) { transformation: [-0.907239412515392f,-0.34671380610317815f,-0.23813060499686722f,0.22919543561630348f,-0.2763410601341711f,0.06450829197389472f,0.9588922247836471f,1.6789970081353145f,-0.3170997743024245f,0.9357500825135191f,-0.15433572565447348f,-0.029697045838844097f,0f,0f,0f,1f], start_interpolation: 0, interpolation_duration: 1 }
$data merge entity $(bone_bread) { transformation: [7.577018212200954e-7f,-0.000008707643702479443f,-0.000004858274292461259f,-0.4067312895553151f,0.000009754491203736255f,0.0000016576916567226445f,-0.0000014498136871557559f,1.4822248308017594f,0.0000020677981783413436f,-0.000004629146737996358f,0.00000861946698884252f,0.7251694607188116f,0f,0f,0f,1f], start_interpolation: 0, interpolation_duration: 1 }
$data merge entity $(bone_hand_right) { transformation: [0.07577018212200953f,-0.8707643702479442f,-0.4858274292461258f,-0.5317469305086616f,0.9754491203736254f,0.16576916567226443f,-0.14498136871557557f,1.5975750769053658f,0.20677981783413432f,-0.46291467379963575f,0.861946698884252f,0.5290872770792432f,0f,0f,0f,1f], start_interpolation: 0, interpolation_duration: 1 }
$data merge entity $(bone_lowerarm_right) { transformation: [0.07577018212200953f,-0.6399842434394488f,-0.7646430851387034f,-0.8147399631545429f,0.9754491203736254f,0.206600082053459f,-0.07625889887629071f,1.6889310506883797f,0.20677981783413432f,-0.7400922741420428f,0.6399261931596032f,0.20182772460705864f,0f,0f,0f,1f], start_interpolation: 0, interpolation_duration: 1 }
$data merge entity $(bone_arm_right) { transformation: [0.13601034547965307f,0.9287212116275543f,-0.34493201793332157f,-0.35473273802026983f,0.958857955821544f,-0.03583012295371877f,0.2816160912427617f,1.6711839429128659f,0.24918388085956822f,-0.3690435114755024f,-0.8953849899108177f,0.01903586032934885f,0f,0f,0f,1f], start_interpolation: 0, interpolation_duration: 1 }
$data merge entity $(bone_uppertail) { transformation: [-0.9805358969888468f,-0.15515349534202974f,-0.12031935671133091f,0.05048573755836215f,-0.15331145289703654f,0.9878747708352604f,-0.024475202916047767f,0.37366446083478283f,0.1226578702198823f,-0.005552479656219911f,-0.9924334823265435f,-0.4127574754165019f,0f,0f,0f,1f], start_interpolation: 0, interpolation_duration: 1 }
$data merge entity $(bone_middletail) { transformation: [-0.9805358969888468f,-0.19560140333234452f,0.017013104675373508f,0.03892560864834124f,-0.15331145289703654f,0.7086358795601875f,-0.6887167695145512f,0.6391121695669058f,0.1226578702198823f,-0.6779198191632819f,-0.7248308531366097f,-0.17338390345423732f,0f,0f,0f,1f], start_interpolation: 0, interpolation_duration: 1 }
$data merge entity $(bone_tail) { transformation: [-0.9805358969888468f,-0.179658895105353f,0.07919618757112933f,0.011828049746645641f,-0.15331145289703654f,0.4486097357905599f,-0.8804799278600983f,0.9282707320550203f,0.1226578702198823f,-0.8754838584254124f,-0.467421715915804f,-0.02719848258093456f,0f,0f,0f,1f], start_interpolation: 0, interpolation_duration: 1 }
$data merge entity $(bone_hair) { transformation: [-0.6636030053060462f,0.15131631721641883f,-0.23358092376000752f,0.12464023549287823f,0.15209067019420375f,0.6831149156597802f,0.021306319988382283f,2.133342173742765f,0.1627866069081277f,-0.021386541262938f,-0.9721039001999601f,0.2046203674143164f,0f,0f,0f,1f], start_interpolation: 0, interpolation_duration: 1 }
$data merge entity $(bone_ear_left) { transformation: [-0.7151048952219001f,0.8209605055992677f,0.25827943653277097f,0.10174656325891163f,0.6240035149770412f,0.5392640313822076f,0.6546540665633972f,2.1769233412042275f,0.31503111294913816f,0.7953824716200338f,-0.7104363347945551f,0.015409159978412842f,0f,0f,0f,1f], start_interpolation: 0, interpolation_duration: 1 }
$data merge entity $(bone_ear_right) { transformation: [-0.8310672822299053f,-0.4102845659287332f,-0.45160661812191716f,-0.18351956052777624f,-0.5531349250952284f,0.716827360527996f,0.6102222258429066f,2.1878065438474463f,0.05804245900110554f,0.9566818873669178f,-0.6509072879879387f,0.07971923589117688f,0f,0f,0f,1f], start_interpolation: 0, interpolation_duration: 1 }
$data merge entity $(bone_head) { transformation: [-0.971138838976426f,0.048262899694700975f,-0.23358092376000752f,-0.08047778318980148f,0.044512015609507044f,0.9987816183705684f,0.021306319988382283f,1.7870109406163983f,0.2343246378379752f,0.010294237131889233f,-0.9721039001999601f,-0.04623747580704804f,0f,0f,0f,1f], start_interpolation: 0, interpolation_duration: 1 }
$data merge entity $(bone_body) { transformation: [-0.9780468128963847f,-0.09836814654915907f,-0.1837066670747347f,0.010188647936032743f,-0.0753492399736f,0.9888632049043659f,-0.12834350011460222f,0.8616166015625f,0.19428567579372674f,-0.11168379350088906f,-0.9745664710273104f,0.05129032081675426f,0f,0f,0f,1f], start_interpolation: 0, interpolation_duration: 1 }
$data merge entity $(bone_shoe_right) { transformation: [-0.9976675377382853f,0.032327124384929594f,0.06012022265617735f,-0.1501122689807412f,0.052773843421862296f,0.9239041396047664f,0.3789670991941926f,0.3602143944331342f,-0.04329440603255591f,0.3812559479538352f,-0.9234551946662658f,0.30783319003562376f,0f,0f,0f,1f], start_interpolation: 0, interpolation_duration: 1 }
$data merge entity $(bone_lowerleg_right) { transformation: [-0.9976675377382853f,0.04342137712417363f,0.0526694233105636f,-0.12956222671583026f,0.052773843421862296f,0.9800354176466035f,0.19169116205170256f,0.7892511089482231f,-0.04329440603255591f,0.19402361754922415f,-0.9800410349773119f,0.38793433115280146f,0f,0f,0f,1f], start_interpolation: 0, interpolation_duration: 1 }
$data merge entity $(bone_leg_right) { transformation: [-0.9976675377382853f,0.06411962352146627f,-0.023412774775589465f,-0.1104269179345458f,0.052773843421862296f,0.5069883371616115f,-0.8603358340977021f,0.90301513671875f,-0.04329440603255591f,-0.8595647153423467f,-0.5091896449700432f,0.08565714094853438f,0f,0f,0f,1f], start_interpolation: 0, interpolation_duration: 1 }
$data merge entity $(bone_shoe_left) { transformation: [-0.9967577161012277f,0.005292473120677946f,-0.08028726624397811f,0.27296137721031205f,0.026851946192231226f,0.9625093483096453f,-0.26991614883558024f,0.20217694513630596f,0.0758487203475052f,-0.2711968734052966f,-0.9595307329506634f,0.02708677637513726f,0f,0f,0f,1f], start_interpolation: 0, interpolation_duration: 1 }
$data merge entity $(bone_lowerleg_left) { transformation: [-0.9770885094043302f,-0.1629453075038713f,-0.13691921542461805f,0.19958143086838723f,-0.16538282242295488f,0.9862077488042096f,0.006542036834972731f,0.5667685679225102f,0.13396479700817493f,0.029036235310411634f,-0.9905606140976718f,0.054078861590823396f,0f,0f,0f,1f], start_interpolation: 0, interpolation_duration: 1 }
$data merge entity $(bone_leg_left) { transformation: [-0.9770885094043302f,-0.17279884626355263f,-0.12425217712382046f,0.13478186351955498f,-0.16538282242295488f,0.9838971001233061f,-0.06778656516129307f,0.93572998046875f,0.13396479700817493f,-0.04568429816615301f,-0.9899325118732207f,0.03694724977851602f,0f,0f,0f,1f], start_interpolation: 0, interpolation_duration: 1 }