# This file was generated by Animated Java via MC-Build. It is not recommended to edit this file directly.
$data merge entity $(bone_hammer) { transformation: [-0.000018766006681141432f,-0.0000014696103810368203f,-0.000008927766593559769f,0.6938270927907915f,-0.00000647332895844728f,-0.000012181474579361006f,0.000015612029562036052f,1.4170633131919326f,-0.0000063214542011202555f,0.000016836855412401346f,0.000010516049371451653f,-1.2339953678630784f,0f,0f,0f,1f], start_interpolation: 0, interpolation_duration: 1 }
$data merge entity $(bone_hand_left) { transformation: [-0.9007683206947885f,-0.4285327964908689f,0.07054129828976727f,0.6733624208520899f,-0.31071979000546934f,0.7493774189777301f,0.5847107798093283f,1.2121579208521713f,-0.3034298016537722f,0.5047703698296795f,-0.8081690597952642f,-0.823349847958709f,0f,0f,0f,1f], start_interpolation: 0, interpolation_duration: 1 }
$data merge entity $(bone_lowerarm_left) { transformation: [-0.8593015869299833f,-0.5065813931987694f,0.07054129828976727f,0.44935846104700905f,-0.3758305948379146f,0.7189330065858339f,0.5847107798093283f,1.5300611097018448f,-0.34691806912207906f,0.47593132288834206f,-0.8081690597952642f,-0.6128989661190203f,0f,0f,0f,1f], start_interpolation: 0, interpolation_duration: 1 }
$data merge entity $(bone_arm_left) { transformation: [-0.850443179142698f,-0.43335014254108006f,-0.29825166053064395f,0.2347147185696303f,-0.3898270499026919f,0.13843412788788062f,0.9104234527955036f,1.5986292636713106f,-0.35324392452500186f,0.8905299805147202f,-0.28666196746451617f,-0.17180833514532295f,0f,0f,0f,1f], start_interpolation: 0, interpolation_duration: 1 }
$data merge entity $(bone_bread) { transformation: [3.010340524634293e-7f,-0.000008064210714793463f,-0.00000590575008332285f,-0.5028267436269751f,0.00000983653503868005f,0.0000012884517341899974f,-0.0000012579628617262447f,1.4169809489621503f,0.000001775375152489507f,-0.0000057713427966178884f,0.00000797117591023117f,0.5136644007812362f,0f,0f,0f,1f], start_interpolation: 0, interpolation_duration: 1 }
$data merge entity $(bone_hand_right) { transformation: [0.03010340524634293f,-0.8064210714793463f,-0.5905750083322849f,-0.6035280141436501f,0.9836535038680049f,0.12884517341899973f,-0.12579628617262445f,1.522368710410885f,0.17753751524895067f,-0.5771342796617888f,0.7971175910231171f,0.2988726729303897f,0f,0f,0f,1f], start_interpolation: 0, interpolation_duration: 1 }
$data merge entity $(bone_lowerarm_right) { transformation: [0.03010340524634293f,-0.511441376095257f,-0.858790721777061f,-0.8296809976357715f,0.9836535038680049f,0.1677640554417187f,-0.06542939729162166f,1.5965518786765198f,0.17753751524895067f,-0.8427828549036451f,0.5081313709659054f,-0.07379537072231585f,0f,0f,0f,1f], start_interpolation: 0, interpolation_duration: 1 }
$data merge entity $(bone_arm_right) { transformation: [0.06089529224221675f,0.9794770125083428f,-0.19213678812363616f,-0.34453378987773287f,0.9761042274685143f,-0.018208815555705873f,0.21653862508604127f,1.5875328247215843f,0.2085960222555308f,-0.20073171399604572f,-0.9571804837622736f,-0.17322029781098225f,0f,0f,0f,1f], start_interpolation: 0, interpolation_duration: 1 }
$data merge entity $(bone_uppertail) { transformation: [-0.9917032264871095f,-0.09914921059711002f,-0.08181775243201664f,0.05551462881191657f,-0.09794498109954801f,0.9950177576310035f,-0.018612970648945848f,0.2486314976839073f,0.08325557790602395f,-0.010444904831508117f,-0.9964734882126041f,-0.29276653381767664f,0f,0f,0f,1f], start_interpolation: 0, interpolation_duration: 1 }
$data merge entity $(bone_middletail) { transformation: [-0.9917032264871095f,-0.1256568750563872f,0.02711199598185892f,0.04173570133367263f,-0.09794498109954801f,0.6020149704499829f,-0.7924548921115417f,0.5478730670470242f,0.08325557790602395f,-0.7885355572865245f,-0.609327648841216f,-0.1048559648054448f,0f,0f,0f,1f], start_interpolation: 0, interpolation_duration: 1 }
$data merge entity $(bone_tail) { transformation: [-0.9917032264871095f,-0.10517997866727019f,0.0739045510277238f,0.016489896040875952f,-0.09794498109954801f,0.24589918073080025f,-0.9643341607520343f,0.8657077723069635f,0.08325557790602395f,-0.9635718784831124f,-0.25416086194388815f,-0.029215502976995697f,0f,0f,0f,1f], start_interpolation: 0, interpolation_duration: 1 }
$data merge entity $(bone_hair) { transformation: [-0.681184347402349f,0.13511795644641617f,-0.12560890631834246f,0.09986921494824837f,0.141616404495656f,0.6839764619962837f,-0.06579177748961182f,2.0742983434726385f,0.07702388481346883f,-0.06260461069913714f,-0.9898958756698947f,0.0001911177817576215f,0f,0f,0f,1f], start_interpolation: 0, interpolation_duration: 1 }
$data merge entity $(bone_ear_left) { transformation: [-0.8207266634905909f,0.6637476511336212f,0.25636067267646445f,0.09734399075198229f,0.5048506596025163f,0.5694865961308145f,0.7437899263851347f,2.113776875343955f,0.26745757670050496f,0.9618337031118946f,-0.6172971334072974f,-0.1718618741753361f,0f,0f,0f,1f], start_interpolation: 0, interpolation_duration: 1 }
$data merge entity $(bone_ear_right) { transformation: [-0.889435182382979f,-0.3724275119120851f,-0.35613581411777373f,-0.18562112862025176f,-0.4538790475155063f,0.6003699412319802f,0.7620454695109872f,2.122210690151365f,-0.05384112337027874f,1.0912624258335313f,-0.5407901481170398f,-0.13651667841956f,0f,0f,0f,1f], start_interpolation: 0, interpolation_duration: 1 }
$data merge entity $(bone_head) { transformation: [-0.9918551620848494f,0.021112557854201984f,-0.12560890631834246f,-0.06740146720256178f,0.029562381297579786f,0.9973953617431625f,-0.06579177748961182f,1.7018251826157873f,0.12389270784696595f,-0.06896921250876412f,-0.9898958756698947f,-0.24112329427629053f,0f,0f,0f,1f], start_interpolation: 0, interpolation_duration: 1 }
$data merge entity $(bone_body) { transformation: [-0.9923943912086891f,-0.07923719354979354f,-0.09420636632355527f,0.006011767545818324f,-0.04430049752103526f,0.9439007968123535f,-0.32724417748279777f,0.8170609375f,0.1148513744668477f,-0.32058189739184695f,-0.9402321037104187f,0.05194578141894725f,0f,0f,0f,1f], start_interpolation: 0, interpolation_duration: 1 }
$data merge entity $(bone_shoe_right) { transformation: [-0.9947785043040952f,0.008126067159317192f,0.10173344782828109f,-0.15962288775759337f,0.031208764708159878f,0.9732953367218677f,0.22742515366787502f,0.3134566315187856f,-0.09716861828748019f,0.22941262944308025f,-0.9684668838283081f,0.32109698707652473f,0f,0f,0f,1f], start_interpolation: 0, interpolation_duration: 1 }
$data merge entity $(bone_lowerleg_right) { transformation: [-0.9947785043040952f,0.019767896895957145f,0.10012471037070785f,-0.14918215314747357f,0.031208764708159878f,0.9929877893647863f,0.114023081776566f,0.747806388802447f,-0.09716861828748019f,0.11655247927326778f,-0.9884198395395329f,0.36738174542839547f,0f,0f,0f,1f], start_interpolation: 0, interpolation_duration: 1 }
$data merge entity $(bone_leg_right) { transformation: [-0.9947785043040952f,0.09872099119360758f,0.025882296502802354f,-0.11698593882018954f,0.031208764708159878f,0.535711021825369f,-0.8438244569222971f,0.86826171875f,-0.09716861828748019f,-0.8386106766507153f,-0.5359947692165765f,0.07645613198664232f,0f,0f,0f,1f], start_interpolation: 0, interpolation_duration: 1 }
$data merge entity $(bone_shoe_left) { transformation: [-0.9999059892010557f,0.01026320260154303f,-0.00909282311595827f,0.26974877034289774f,0.01257392584017121f,0.950810950295754f,-0.3095164505913237f,0.25626135563503005f,0.005468925746826253f,-0.30960168518605513f,-0.9508506125470662f,0.2420262469334971f,0f,0f,0f,1f], start_interpolation: 0, interpolation_duration: 1 }
$data merge entity $(bone_lowerleg_left) { transformation: [-0.983757864144136f,-0.1648531872457051f,-0.07102035897895931f,0.19429556139573562f,-0.13879885862010477f,0.949503283571576f,-0.28138655144223146f,0.557065889191336f,0.11382153390428336f,-0.26695868808062406f,-0.9569627564738078f,0.16362401982225885f,0f,0f,0f,1f], start_interpolation: 0, interpolation_duration: 1 }
$data merge entity $(bone_leg_left) { transformation: [-0.983757864144136f,-0.16783758003815483f,-0.06364755660277722f,0.13135646888142757f,-0.13879885862010477f,0.9361055454897705f,-0.32317376834925104f,0.90810546875f,0.11382153390428336f,-0.309090527888247f,-0.9441968565873543f,0.047715071864166236f,0f,0f,0f,1f], start_interpolation: 0, interpolation_duration: 1 }