# This file was generated by Animated Java via MC-Build. It is not recommended to edit this file directly.
$data merge entity $(bone_hammer) { transformation: [-0.00001739202827611349f,-0.0000014845572771664433f,-0.000011372828140416913f,0.7840186468917587f,-0.00000915287345919881f,-0.000010652368312056762f,0.000015387648766525728f,1.2520453150594526f,-0.0000069115872027010375f,0.00001784239100605294f,0.000008240559647521407f,-1.295339905647968f,0f,0f,0f,1f], start_interpolation: 0, interpolation_duration: 1 }
$data merge entity $(bone_hand_left) { transformation: [-0.8348173572534474f,-0.5458957507400117f,0.07125874930398915f,0.7530907793754094f,-0.4393379260415428f,0.7386071407932348f,0.5113136789787247f,1.0851911124285607f,-0.33175618572964977f,0.3955468630810277f,-0.8564347682905409f,-0.8684465844302423f,0f,0f,0f,1f], start_interpolation: 0, interpolation_duration: 1 }
$data merge entity $(bone_lowerarm_left) { transformation: [-0.8142569716378908f,-0.5761143764798118f,0.07125874930398915f,0.49834020352574265f,-0.4661032464056046f,0.7220152944220765f,0.5113136789787247f,1.4044572504308226f,-0.34602506820929546f,0.3831267934168526f,-0.8564347682905409f,-0.6990327054662278f,0f,0f,0f,1f], start_interpolation: 0, interpolation_duration: 1 }
$data merge entity $(bone_arm_left) { transformation: [-0.8101475118793585f,-0.48633189162469936f,-0.32732598458482703f,0.2574539384553837f,-0.4719107952078552f,0.2097731540467312f,0.8563267047147228f,1.508360515794594f,-0.3477947819648456f,0.8482196148581027f,-0.399452468521597f,-0.2788989274818237f,0f,0f,0f,1f], start_interpolation: 0, interpolation_duration: 1 }
$data merge entity $(bone_bread) { transformation: [1.3443469726951406e-8f,-0.000007507506187849813f,-0.000006605843633671518f,-0.5448018627429415f,0.000009878922475239246f,0.0000010347748505186885f,-0.000001155911647552229f,1.3332455421948726f,0.0000015513574705188303f,-0.000006524307767735273f,0.000007417998257652437f,0.34536226021024485f,0f,0f,0f,1f], start_interpolation: 0, interpolation_duration: 1 }
$data merge entity $(bone_hand_right) { transformation: [0.0013443469726951405f,-0.7507506187849813f,-0.6605843633671518f,-0.6263714934954687f,0.9878922475239246f,0.10347748505186885f,-0.1155911647552229f,1.432073403114617f,0.15513574705188302f,-0.6524307767735272f,0.7417998257652436f,0.119614033761123f,0f,0f,0f,1f], start_interpolation: 0, interpolation_duration: 1 }
$data merge entity $(bone_lowerarm_right) { transformation: [0.0013443469726951405f,-0.40988273265449654f,-0.9121372364961865f,-0.8076165143411289f,0.9878922475239246f,0.1420497012608749f,-0.06237619460840026f,1.49488600539091f,0.15513574705188302f,-0.9010094493640889f,0.40511093806916054f,-0.27880108212956f,0f,0f,0f,1f], start_interpolation: 0, interpolation_duration: 1 }
$data merge entity $(bone_arm_right) { transformation: [0.012442785193672586f,0.9970374904262632f,-0.07590401689715458f,-0.3137713823643704f,0.9854437823176958f,0.0006439559264755403f,0.17000040356469326f,1.4952049648107426f,0.16954565458311793f,-0.07691442000863133f,-0.9825163830729327f,-0.3168977557900852f,0f,0f,0f,1f], start_interpolation: 0, interpolation_duration: 1 }
$data merge entity $(bone_uppertail) { transformation: [-0.9983577856898443f,-0.04285482139299535f,-0.038015734056375566f,0.04163515062013455f,-0.0424076209646616f,0.9990222773586367f,-0.012493319225922284f,0.16625378726595552f,0.038513964176493186f,-0.010860645677751968f,-0.9991990397007363f,-0.18574628987562933f,0f,0f,0f,1f], start_interpolation: 0, interpolation_duration: 1 }
$data merge entity $(bone_middletail) { transformation: [-0.9983577856898443f,-0.05472437445036317f,0.01694032447998103f,0.033596724207413345f,-0.0424076209646616f,0.5071957331432935f,-0.8607868969526399f,0.4853163958647567f,0.038513964176493186f,-0.8600916992520351f,-0.5086835395814948f,-0.04279916164988134f,0f,0f,0f,1f], start_interpolation: 0, interpolation_duration: 1 }
$data merge entity $(bone_tail) { transformation: [-0.9983577856898443f,-0.041523174570619076f,0.039465905868844554f,0.019947855017486287f,-0.0424076209646616f,0.07252841120225034f,-0.9964643612556321f,0.8149142384422201f,0.038513964176493186f,-0.9965016083991309f,-0.07417020305592142f,-0.027520320544589853f,0f,0f,0f,1f], start_interpolation: 0, interpolation_duration: 1 }
$data merge entity $(bone_hair) { transformation: [-0.6878303783566304f,0.12563772485526495f,-0.04747787246078883f,0.10690734452078565f,0.12902104974924805f,0.6816285009193817f,-0.13352486167643485f,1.9949379787572092f,0.015586511199647851f,-0.0979681010716708f,-0.9899075527244381f,-0.16113790967472624f,0f,0f,0f,1f], start_interpolation: 0, interpolation_duration: 1 }
$data merge entity $(bone_ear_left) { transformation: [-0.8585785389970862f,0.6681873845105419f,0.07931569055037103f,0.11577749201359433f,0.3856910294397263f,0.7073660340296473f,0.7508149256025474f,2.0305515714534366f,0.3377651879388301f,0.8907567305848044f,-0.6557331535960027f,-0.3317422709659757f,0f,0f,0f,1f], start_interpolation: 0, interpolation_duration: 1 }
$data merge entity $(bone_ear_right) { transformation: [-0.8954113048014413f,-0.5505482207305649f,-0.15514562001542545f,-0.16519120828609363f,-0.36387298428888104f,0.6399509153151748f,0.7951536308173076f,2.0355347664663754f,-0.2565834104896191f,1.013729807511686f,-0.5862256732590975f,-0.316602982804928f,0f,0f,0f,1f], start_interpolation: 0, interpolation_duration: 1 }
$data merge entity $(bone_head) { transformation: [-0.9988535019003801f,0.006126448232422062f,-0.04747787246078883f,-0.0336473595006448f,0.01242483294905872f,0.9909675750701821f,-0.13352486167643485f,1.6033635057126547f,0.046230998989157286f,-0.1339616803103728f,-0.9899075527244381f,-0.38887062443073145f,0f,0f,0f,1f], start_interpolation: 0, interpolation_duration: 1 }
$data merge entity $(bone_body) { transformation: [-0.9986978324963498f,-0.038903355986461344f,-0.033002549296735684f,0.002490200685718986f,-0.01832152312219967f,0.8772549558664932f,-0.4796749568178017f,0.7798294921875f,0.04761261552966304f,-0.47844568270668697f,-0.8768253917067848f,0.05223317391079011f,0f,0f,0f,1f], start_interpolation: 0, interpolation_duration: 1 }
$data merge entity $(bone_shoe_right) { transformation: [-0.9897664193237365f,-0.0007343938186184749f,0.14269511499973841f,-0.16853635143545834f,0.012964215405306984f,0.9953884922604105f,0.09504566583738491f,0.27729548234346063f,-0.1421068763219929f,0.09592293855625042f,-0.9851925829809823f,0.3327176433787211f,0f,0f,0f,1f], start_interpolation: 0, interpolation_duration: 1 }
$data merge entity $(bone_lowerleg_right) { transformation: [-0.9897664193237365f,0.006061667603847416f,0.14256819899588358f,-0.1638859098856774f,0.012964215405306984f,0.9987853517670804f,0.04753683008399484f,0.7138818247217518f,-0.1421068763219929f,0.04889864293996565f,-0.9886427860560334f,0.34950271083176676f,0f,0f,0f,1f], start_interpolation: 0, interpolation_duration: 1 }
$data merge entity $(bone_leg_right) { transformation: [-0.9897664193237365f,0.12506302864522495f,0.06871443840382481f,-0.12188189885722286f,0.012964215405306984f,0.5583588597009854f,-0.8294982296016913f,0.8392211914062501f,-0.1421068763219929f,-0.8201186637673228f,-0.5542661933065256f,0.06838166955374586f,0f,0f,0f,1f], start_interpolation: 0, interpolation_duration: 1 }
$data merge entity $(bone_shoe_left) { transformation: [-0.9990504693770841f,0.023530188632461684f,0.0366672859692236f,0.25384066395597016f,0.010766375928142918f,0.9488474647143403f,-0.31555122223585597f,0.30634178930461725f,-0.042216641112267056f,-0.3148568229022351f,-0.9481998398465953f,0.4086298937108984f,0f,0f,0f,1f], start_interpolation: 0, interpolation_duration: 1 }
$data merge entity $(bone_lowerleg_left) { transformation: [-0.9885435619357366f,-0.148842365270076f,-0.025051476128483876f,0.1838131110084847f,-0.11612333728024488f,0.8560207641994607f,-0.5037299095728481f,0.567528980457713f,0.09642093493793355f,-0.4950498980508739f,-0.8634978875165326f,0.24802179192503296f,0f,0f,0f,1f], start_interpolation: 0, interpolation_duration: 1 }
$data merge entity $(bone_leg_left) { transformation: [-0.9885435619357366f,-0.1492763628030781f,-0.022320252321390163f,0.1278344749573304f,-0.11612333728024488f,0.8466479791960986f,-0.5193289611239307f,0.88502197265625f,0.09642093493793355f,-0.5107873988573391f,-0.8542828784859546f,0.056476517353530785f,0f,0f,0f,1f], start_interpolation: 0, interpolation_duration: 1 }