# This file was generated by Animated Java via MC-Build. It is not recommended to edit this file directly.
$data merge entity $(bone_hammer) { transformation: [-0.000016528194315907787f,-0.0000016554050551023528f,-0.000012574028969940896f,0.8424488521765265f,-0.00001069633652125847f,-0.000009278476128172841f,0.000015281558936859058f,1.108859954572378f,-0.000006814319882230623f,0.000018579485800749335f,0.000006511184968972094f,-1.3205641511313821f,0f,0f,0f,1f], start_interpolation: 0, interpolation_duration: 1 }
$data merge entity $(bone_hand_left) { transformation: [-0.7933533271635738f,-0.6035533905571628f,0.07945944264491278f,0.8024392217226797f,-0.5134241530204064f,0.7335148289692346f,0.4453668541522965f,0.9747183020985631f,-0.32708735434706987f,0.3125368785106607f,-0.891815318435968f,-0.8830255674984173f,0f,0f,0f,1f], start_interpolation: 0, interpolation_duration: 1 }
$data merge entity $(bone_lowerarm_left) { transformation: [-0.7933533271635738f,-0.6035533905571628f,0.07945944264491278f,0.5355554568356843f,-0.5134241530204064f,0.7335148289692346f,0.4453668541522965f,1.2990693905333965f,-0.32708735434706987f,0.3125368785106607f,-0.891815318435968f,-0.7448256665319846f,0f,0f,0f,1f], start_interpolation: 0, interpolation_duration: 1 }
$data merge entity $(bone_arm_left) { transformation: [-0.7933533271635738f,-0.513424266166681f,-0.32708717674297844f,0.28125000000000006f,-0.5134241530204064f,0.2756286630630814f,0.812665047355512f,1.4355917127068292f,-0.32708735434706987f,0.8126649758721384f,-0.48227533589949517f,-0.3423025456703159f,0f,0f,0f,1f], start_interpolation: 0, interpolation_duration: 1 }
$data merge entity $(bone_bread) { transformation: [-1.2465561829717608e-7f,-0.000007081203601834916f,-0.000007059817032061608f,-0.5572372525809349f,0.000009891894252543513f,9.443580192918697e-7f,-0.0000011218805764856324f,1.2605296234847507f,0.00000146112596079994f,-0.000006997481224037643f,0.00000699287976772925f,0.23897689240981873f,0f,0f,0f,1f], start_interpolation: 0, interpolation_duration: 1 }
$data merge entity $(bone_hand_right) { transformation: [-0.012465561829717605f,-0.7081203601834916f,-0.7059817032061607f,-0.624669966084661f,0.9891894252543513f,0.09443580192918696f,-0.11218805764856324f,1.3570353014412277f,0.146112596079994f,-0.6997481224037643f,0.699287976772925f,0.007628030792379281f,0f,0f,0f,1f], start_interpolation: 0, interpolation_duration: 1 }
$data merge entity $(bone_lowerarm_right) { transformation: [-0.012465561829717605f,-0.3434142363637697f,-0.9391013108450857f,-0.7765234487267654f,0.9891894252543513f,0.13300062457497402f,-0.061766615802007485f,1.415846515120474f,0.146112596079994f,-0.9297190414987506f,0.3380438035838089f,-0.4034821078703495f,0f,0f,0f,1f], start_interpolation: 0, interpolation_duration: 1 }
$data merge entity $(bone_arm_right) { transformation: [-0.012465561829717605f,0.9999211583127123f,-0.00151225885130284f,-0.28124999999999994f,0.9891894252543513f,0.012552740400528686f,0.14610513226236416f,1.422064044350111f,0.146112596079994f,0.0003253720958995166f,-0.9892679128526123f,-0.40332094700409926f,0f,0f,0f,1f], start_interpolation: 0, interpolation_duration: 1 }
$data merge entity $(bone_uppertail) { transformation: [-1f,1.3251695046597443e-18f,1.2245750998776065e-16f,0.022146363636363645f,0f,0.9999414531032157f,-0.010820830182076802f,0.12119759700867178f,-1.2246467991473532e-16f,-0.010820830182076802f,-0.9999414531032157f,-0.11114797767526596f,0f,0f,0f,1f], start_interpolation: 0, interpolation_duration: 1 }
$data merge entity $(bone_middletail) { transformation: [-1f,1.0982577801219645e-16f,5.4183911917047135e-17f,0.02214636363636363f,0f,0.4424452173048758f,-0.8967955339340405f,0.44866461500369426f,-1.2246467991473532e-16f,-0.8967955339340405f,-0.4424452173048758f,0.000307155802616612f,0f,0f,0f,1f], start_interpolation: 0, interpolation_duration: 1 }
$data merge entity $(bone_tail) { transformation: [-1f,1.2234812067540777e-16f,-5.341834311772719e-18f,0.021875f,0f,-0.04361938736533599f,-0.9990482215818576f,0.7805064054210266f,-1.2246467991473532e-16f,-0.9990482215818576f,0.04361938736533599f,-0.02475893716391634f,0f,0f,0f,1f], start_interpolation: 0, interpolation_duration: 1 }
$data merge entity $(bone_hair) { transformation: [-0.6893654271085455f,0.12155372436685123f,1.2060416625018979e-16f,0.12500000000000003f,0.11970705016398404f,0.6788924172750679f,-0.1736481776669303f,1.9257921477374498f,-0.02110758272493214f,-0.11970705016398399f,-0.9848077530122081f,-0.26031849122216744f,0f,0f,0f,1f], start_interpolation: 0, interpolation_duration: 1 }
$data merge entity $(bone_ear_left) { transformation: [-0.8156434831316909f,0.7033202018632638f,-0.22697425513323527f,0.14113723500000006f,0.2927074457306372f,0.9488750950905356f,0.6315338257200674f,1.9556385314446438f,0.4990471517188024f,0.5929614722458324f,-0.7413822998143998f,-0.4440759043692376f,0f,0f,0f,1f], start_interpolation: 0, interpolation_duration: 1 }
$data merge entity $(bone_ear_right) { transformation: [-0.8156434831316905f,-0.7276945795971338f,0.17761569189519008f,-0.13978610999999994f,-0.2927074457306372f,0.8690045545987222f,0.6942361323704384f,1.9574072435556211f,-0.49904715171880276f,0.6796456745331553f,-0.6974875328663073f,-0.4417465600295989f,0f,0f,0f,1f], start_interpolation: 0, interpolation_duration: 1 }
$data merge entity $(bone_head) { transformation: [-1f,2.1265768495757707e-17f,1.2060416625018979e-16f,5.855727570031144e-17f,0f,0.9848077530122081f,-0.1736481776669303f,1.5234614267585709f,-1.2246467991473532e-16f,-0.1736481776669303f,-0.9848077530122081f,-0.4781564426664186f,0f,0f,0f,1f], start_interpolation: 0, interpolation_duration: 1 }
$data merge entity $(bone_body) { transformation: [-1f,7.024285468436541e-17f,1.0031719290535247e-16f,-6.403984274441296e-18f,0f,0.8191520442889918f,-0.573576436351046f,0.753584375f,-1.2246467991473532e-16f,-0.573576436351046f,-0.8191520442889918f,0.0522925f,0f,0f,0f,1f], start_interpolation: 0, interpolation_duration: 1 }
$data merge entity $(bone_shoe_right) { transformation: [-0.984807753012208f,1.3877787807814457e-17f,0.17364817766693047f,-0.17547556341398263f,0f,1f,0f,0.25344181013202904f,-0.17364817766693041f,-1.6653345369377348e-16f,-0.9848077530122081f,0.34111277807675516f,0f,0f,0f,1f], start_interpolation: 0, interpolation_duration: 1 }
$data merge entity $(bone_lowerleg_right) { transformation: [-0.984807753012208f,1.3877787807814457e-17f,0.17364817766693047f,-0.1733301972802145f,0f,1f,0f,0.690346810132029f,-0.17364817766693041f,-1.6653345369377348e-16f,-0.9848077530122081f,0.3365941691738176f,0f,0f,0f,1f], start_interpolation: 0, interpolation_duration: 1 }
$data merge entity $(bone_leg_right) { transformation: [-0.984807753012208f,0.14224425972292412f,0.09960050292505129f,-0.125f,0f,0.5735764363510463f,-0.8191520442889917f,0.81875f,-0.17364817766693041f,-0.8067072841115988f,-0.5648625214636236f,0.062499999999999986f,0f,0f,0f,1f], start_interpolation: 0, interpolation_duration: 1 }
$data merge entity $(bone_shoe_left) { transformation: [-0.9997411681913707f,0.0019661130769760547f,0.022665635281677386f,0.2322916097758147f,-0.01607518868388215f,0.6439408781134137f,-0.7649063562314693f,0.2553482187000465f,-0.0160992214759305f,-0.7650727284996468f,-0.6437426000925949f,0.5835004938740689f,0f,0f,0f,1f], start_interpolation: 0, interpolation_duration: 1 }
$data merge entity $(bone_lowerleg_left) { transformation: [-0.9914448648197001f,-0.13052616604591064f,-4.5872670276781334e-8f,0.1739473122672165f,-0.09998881772664966f,0.7594908543164748f,-0.6427875843070229f,0.583940929631322f,0.0839006338013818f,-0.6372884450443038f,-0.7660444644149188f,0.3014831668916139f,0f,0f,0f,1f], start_interpolation: 0, interpolation_duration: 1 }
$data merge entity $(bone_leg_left) { transformation: [-0.9914448648197001f,-0.13052616604591064f,-4.5872670276781334e-8f,0.12499999999999999f,-0.09998881772664966f,0.7594908543164748f,-0.6427875843070229f,0.86875f,0.0839006338013818f,-0.6372884450443038f,-0.7660444644149188f,0.06250000000000001f,0f,0f,0f,1f], start_interpolation: 0, interpolation_duration: 1 }