# This file was generated by Animated Java via MC-Build. It is not recommended to edit this file directly.
$data merge entity $(bone_hammer) { transformation: [-0.000017047537369116186f,-0.0000027929251513948036f,-0.000011645119858767928f,0.8413681610717905f,-0.000010413651634502204f,-0.000006545915457536143f,0.000016814714634384867f,0.86594714779756f,-0.000005913130056204955f,0.000019580049481532816f,0.00000396034506285878f,-1.2731990523427938f,0f,0f,0f,1f], start_interpolation: 0, interpolation_duration: 1 }
$data merge entity $(bone_hand_left) { transformation: [-0.8182817937175768f,-0.5589657532208605f,0.13406040726695043f,0.7804636556856468f,-0.4998552784561057f,0.8071063024504735f,0.31420394196173496f,0.7952614798336879f,-0.2838302426978378f,0.1900965630172216f,-0.9398423751135749f,-0.8233891556162207f,0f,0f,0f,1f], start_interpolation: 0, interpolation_duration: 1 }
$data merge entity $(bone_lowerarm_left) { transformation: [-0.8358819686298522f,-0.5311299108690761f,0.1385725524759124f,0.5456046482232272f,-0.4734311551962572f,0.8253488884505688f,0.30767215282333826f,1.1602204414454238f,-0.27778458526170896f,0.1915730411973917f,-0.9413477009465538f,-0.7386779514617491f,0f,0f,0f,1f], start_interpolation: 0, interpolation_duration: 1 }
$data merge entity $(bone_arm_left) { transformation: [-0.839106904072967f,-0.49011658819055337f,-0.2359774004381178f,0.30284377563509374f,-0.4678315815505476f,0.42887966623208457f,0.7727844739618989f,1.3726499011260032f,-0.2775485810466226f,0.7588464679189771f,-0.5891679075491969f,-0.3628118103206307f,0f,0f,0f,1f], start_interpolation: 0, interpolation_duration: 1 }
$data merge entity $(bone_bread) { transformation: [1.4769997019393558e-7f,-0.000006429263776244481f,-0.000007657855575438552f,-0.5375763278092763f,0.000009822371170206512f,0.0000015260981215674995f,-0.0000010918100192084886f,1.183733301300185f,0.0000018706173615949904f,-0.00000750570395224983f,0.0000063376019808505414f,0.15223907489921995f,0f,0f,0f,1f], start_interpolation: 0, interpolation_duration: 1 }
$data merge entity $(bone_hand_right) { transformation: [0.014769997019393556f,-0.642926377624448f,-0.765785557543855f,-0.5815701534079304f,0.9822371170206512f,0.15260981215674993f,-0.10918100192084884f,1.2921541427633707f,0.18706173615949903f,-0.7505703952249829f,0.6337601980850541f,-0.07947686530690812f,0f,0f,0f,1f], start_interpolation: 0, interpolation_duration: 1 }
$data merge entity $(bone_lowerarm_right) { transformation: [0.014769997019393556f,-0.31630260362863755f,-0.9485433622801818f,-0.7214352109499685f,0.9822371170206512f,0.1820646901749823f,-0.045416897058766614f,1.3726608729501206f,0.18706173615949903f,-0.9310236901009731f,0.31337325242554037f,-0.4911639032734321f,0f,0f,0f,1f], start_interpolation: 0, interpolation_duration: 1 }
$data merge entity $(bone_arm_right) { transformation: [0.0073521998828994205f,0.99524533635992f,0.09712191107423289f,-0.22847775528419564f,0.9849076545609845f,-0.02400285649723972f,0.17140821120107563f,1.3607719580913316f,0.17292442610591935f,0.09439588621228265f,-0.9804012237457356f,-0.44440844088391085f,0f,0f,0f,1f], start_interpolation: 0, interpolation_duration: 1 }
$data merge entity $(bone_uppertail) { transformation: [-0.9985685561839204f,0.037593411984523865f,0.038046996939607475f,0.001466890313957813f,0.03747859674564749f,0.9992904814620389f,-0.003726720454182042f,0.082646884888323f,-0.038160102027350276f,-0.002295437807551093f,-0.999269001609944f,-0.09331812735198097f,0f,0f,0f,1f], start_interpolation: 0, interpolation_duration: 1 }
$data merge entity $(bone_middletail) { transformation: [-0.9985685561839204f,0.050886859649418026f,-0.01647319385489876f,0.009262556348085886f,0.03747859674564749f,0.44595991186719186f,-0.8942679194701013f,0.41042580272828066f,-0.038160102027350276f,-0.8936052173764581f,-0.44722871340158327f,0.024610983634981327f,0f,0f,0f,1f], start_interpolation: 0, interpolation_duration: 1 }
$data merge entity $(bone_tail) { transformation: [-0.9985685561839204f,0.03419162238856758f,-0.04113115071570751f,0.023148650865637402f,0.03747859674564749f,-0.10135112466653035f,-0.9941445087686229f,0.7424041952286098f,-0.038160102027350276f,-0.9942629845706151f,0.09992459219829303f,-0.020709050947377003f,0f,0f,0f,1f], start_interpolation: 0, interpolation_duration: 1 }
$data merge entity $(bone_hair) { transformation: [-0.6894471055703171f,0.11821116068383743f,0.037493131629285914f,0.14632350121640592f,0.11296752649003251f,0.6825425854292412f,-0.1523553648968029f,1.8571645038109463f,-0.043600763518952326f,-0.10080545900568462f,-0.9876143517931435f,-0.28796687567107926f,0f,0f,0f,1f], start_interpolation: 0, interpolation_duration: 1 }
$data merge entity $(bone_ear_left) { transformation: [-0.706889166147942f,0.5607168943791164f,-0.5642022119689653f,0.1700138628960342f,0.19950782720374194f,1.1639287891955945f,0.41958217697520556f,1.888704244605929f,0.6786046961723069f,0.24189604800309494f,-0.7110743004595749f,-0.49057229296323374f,0f,0f,0f,1f], start_interpolation: 0, interpolation_duration: 1 }
$data merge entity $(bone_ear_right) { transformation: [-0.6514511717744051f,-0.6480460483479255f,0.5766517373024679f,-0.11223214726537882f,-0.21362714902643704f,1.1152848242911984f,0.4841383954131649f,1.8869164532675406f,-0.7279936895280007f,0.2526330143239184f,-0.658090258211449f,-0.49925568966917727f,0f,0f,0f,1f], start_interpolation: 0, interpolation_duration: 1 }
$data merge entity $(bone_head) { transformation: [-0.9992857249858796f,-0.004722808494300412f,0.037493131629285914f,0.033768164269835574f,-0.01038711459123833f,0.9882711928603557f,-0.1523553648968029f,1.4583496432274137f,-0.03633383670785787f,-0.1526359867210077f,-0.9876143517931435f,-0.5186753177259678f,0f,0f,0f,1f], start_interpolation: 0, interpolation_duration: 1 }
$data merge entity $(bone_body) { transformation: [-0.9989869458304778f,0.03864332694417588f,0.023060254616537088f,-0.0021965372393292844f,0.016159752634472595f,0.786313533816698f,-0.6176162958759176f,0.7188621527777778f,-0.04199933874582606f,-0.6166179691019245f,-0.7861414222171043f,0.05224634705322698f,0f,0f,0f,1f], start_interpolation: 0, interpolation_duration: 1 }
$data merge entity $(bone_shoe_right) { transformation: [-0.981365094959454f,0.005125247382619408f,0.19208404992213343f,-0.18150516524145768f,-0.011298076106110172f,0.9963756950550869f,-0.08430793426358632f,0.24145037773742928f,-0.19181997776958015f,-0.0849070441292098f,-0.9777504231580358f,0.352108887490557f,0f,0f,0f,1f], start_interpolation: 0, interpolation_duration: 1 }
$data merge entity $(bone_lowerleg_right) { transformation: [-0.980422093845872f,-0.002947732758027885f,0.19688531882916865f,-0.1805393948420236f,-0.01150341111650846f,0.9990376416585403f,-0.04232566694131157f,0.6770523048652778f,-0.19657107984533415f,-0.04376187177132035f,-0.979512485447485f,0.32855686909738746f,0f,0f,0f,1f], start_interpolation: 0, interpolation_duration: 1 }
$data merge entity $(bone_leg_right) { transformation: [-0.980422093845872f,0.15693803797002065f,0.1189242201445799f,-0.1275149774654387f,-0.01150341111650846f,0.5572783304693172f,-0.8302460682966317f,0.7949074074074074f,-0.19657107984533415f,-0.8153596228827197f,-0.5445626648430725f,0.05719423504155521f,0f,0f,0f,1f], start_interpolation: 0, interpolation_duration: 1 }
$data merge entity $(bone_shoe_left) { transformation: [-0.9985690286243447f,0.028957273782910735f,0.0449596637809277f,0.21279258232419207f,-0.026047061165707864f,0.4708953172674998f,-0.8818044855749889f,0.3235160456041296f,-0.04670594905215379f,-0.8817137157096979f,-0.4694672276661441f,0.693453845710555f,0f,0f,0f,1f], start_interpolation: 0, interpolation_duration: 1 }
$data merge entity $(bone_lowerleg_left) { transformation: [-0.9935732865310255f,-0.1105933252218234f,0.024108934201174118f,0.1638775540077246f,-0.08942966253473342f,0.6364230750668977f,-0.7661383719546474f,0.603952005015864f,0.06938630809360188f,-0.7633706740101913f,-0.6422232900715806f,0.35003025054883785f,0f,0f,0f,1f], start_interpolation: 0, interpolation_duration: 1 }
$data merge entity $(bone_leg_left) { transformation: [-0.9935732865310255f,-0.11096847865391263f,0.022318625342361023f,0.12226437451250738f,-0.08942966253473342f,0.6487205792169553f,-0.7557538921893434f,0.8472222222222222f,0.06938630809360188f,-0.7528928256037868f,-0.6544753115309128f,0.06769544094741783f,0f,0f,0f,1f], start_interpolation: 0, interpolation_duration: 1 }