# This file was generated by Animated Java via MC-Build. It is not recommended to edit this file directly.
$data merge entity $(bone_hammer) { transformation: [-0.00001704942576938031f,-0.000011897230654737155f,0.0000013419245359375011f,0.6451850242146163f,-0.0000014286071474653313f,0.00000433992392261365f,0.000020326138830134825f,0.7833412230000409f,-0.000011887133394152664f,0.000016542331784596943f,-0.000004367504616564499f,-0.34846274125650806f,0f,0f,0f,1f], start_interpolation: 0, interpolation_duration: 1 }
$data merge entity $(bone_hand_left) { transformation: [-0.8183724369302547f,0.06441237772499991f,0.5710670714273833f,0.4252268596514316f,-0.0685731430783359f,0.9756546638464715f,-0.20831634828545495f,0.9416273433881215f,-0.5705824029193277f,-0.20964022159509574f,-0.7940319256606532f,0.022480213332853327f,0f,0f,0f,1f], start_interpolation: 0, interpolation_duration: 1 }
$data merge entity $(bone_lowerarm_left) { transformation: [-0.8183724369302547f,-0.0607159892904875f,0.5714718917998624f,0.39837900813704413f,-0.0685731430783359f,0.9976156626411501f,0.007791899730944754f,1.382760519212255f,-0.5705824029193277f,-0.032810947830509814f,-0.8205846471761883f,0.007971622339049772f,0f,0f,0f,1f], start_interpolation: 0, interpolation_duration: 1 }
$data merge entity $(bone_arm_left) { transformation: [-0.8183724369302547f,-0.1102920038098052f,0.5640055215762112f,0.34375f,-0.0685731430783359f,0.9931403250479314f,0.09471018325421628f,1.8746753364625586f,-0.5705824029193277f,0.03883257214384698f,-0.8203217373808271f,0.02720588072904898f,0f,0f,0f,1f], start_interpolation: 0, interpolation_duration: 1 }
$data merge entity $(bone_bread) { transformation: [-0.00000818372436930255f,-6.441237772499987e-7f,-0.00000571067071427383f,-0.43137175864436983f,6.85731430783359e-7f,0.000009756546638464716f,-0.0000020831634828545496f,0.697877520693628f,0.000005705824029193276f,-0.000002096402215950957f,-0.000007940319256606534f,-0.06657637908325922f,0f,0f,0f,1f], start_interpolation: 0, interpolation_duration: 1 }
$data merge entity $(bone_hand_right) { transformation: [-0.818372436930255f,-0.06441237772499986f,-0.571067071427383f,-0.4252268596514316f,0.0685731430783359f,0.9756546638464715f,-0.20831634828545495f,0.9416273433881215f,0.5705824029193276f,-0.2096402215950957f,-0.7940319256606533f,0.022480213332853223f,0f,0f,0f,1f], start_interpolation: 0, interpolation_duration: 1 }
$data merge entity $(bone_lowerarm_right) { transformation: [-0.818372436930255f,0.060715989290487486f,-0.571471891799862f,-0.39837900813704413f,0.0685731430783359f,0.9976156626411501f,0.007791899730944754f,1.382760519212255f,0.5705824029193276f,-0.0328109478305098f,-0.8205846471761884f,0.007971622339049675f,0f,0f,0f,1f], start_interpolation: 0, interpolation_duration: 1 }
$data merge entity $(bone_arm_right) { transformation: [-0.818372436930255f,0.11029200380980517f,-0.564005521576211f,-0.34375f,0.0685731430783359f,0.9931403250479314f,0.09471018325421628f,1.8746753364625586f,0.5705824029193276f,0.038832572143847006f,-0.8203217373808273f,0.027205880729048896f,0f,0f,0f,1f], start_interpolation: 0, interpolation_duration: 1 }
$data merge entity $(bone_uppertail) { transformation: [-0.9995468755281369f,-0.01891070590736423f,-0.023418557257530524f,0.006337907927918175f,0.011943779609438456f,0.46496687641529644f,-0.8852475077430285f,0.44137650397564643f,0.027629508692342295f,-0.8851260865202695f,-0.46453032324137034f,-0.28955544283292495f,0f,0f,0f,1f], start_interpolation: 0, interpolation_duration: 1 }
$data merge entity $(bone_middletail) { transformation: [-0.9995468755281369f,-0.02087980671394713f,-0.02168126595767102f,0.014556464782479472f,0.011943779609438456f,0.38604313302034127f,-0.9224034071795703f,0.7910498201592392f,0.027629508692342295f,-0.9222443998850994f,-0.38561882361989586f,-0.143392445636813f,0f,0f,0f,1f], start_interpolation: 0, interpolation_duration: 1 }
$data merge entity $(bone_tail) { transformation: [-0.9995468755281369f,-0.01891070590736423f,-0.023418557257530524f,0.021875f,0.011943779609438456f,0.46496687641529644f,-0.8852475077430285f,1.1301898921717402f,0.027629508692342295f,-0.8851260865202695f,-0.4645303232413704f,0.0017731734094827353f,0f,0f,0f,1f], start_interpolation: 0, interpolation_duration: 1 }
$data merge entity $(bone_hair) { transformation: [-0.6893654271085455f,0.12155372436685122f,1.2246467991473535e-16f,0.12499999999999996f,0.12155372436685125f,0.6893654271085456f,0f,2.358793353923476f,-8.442291637513283e-17f,1.48860379470304e-17f,-1.0000000000000002f,0.3029635376997403f,0f,0f,0f,1f], start_interpolation: 0, interpolation_duration: 1 }
$data merge entity $(bone_ear_left) { transformation: [-0.38268343236508995f,0f,-0.9238795325112866f,0.142644375f,0f,1.3000000000000003f,0f,2.420835228923476f,0.9238795325112868f,0f,-0.38268343236509006f,0.07337853769974034f,0f,0f,0f,1f], start_interpolation: 0, interpolation_duration: 1 }
$data merge entity $(bone_ear_right) { transformation: [-0.3826834323650897f,0f,0.9238795325112866f,-0.142644375f,0f,1.3000000000000003f,0f,2.420835228923476f,-0.9238795325112868f,0f,-0.38268343236508984f,0.07337853769974029f,0f,0f,0f,1f], start_interpolation: 0, interpolation_duration: 1 }
$data merge entity $(bone_head) { transformation: [-1f,0f,1.2246467991473535e-16f,-2.2742961875831784e-18f,0f,1.0000000000000002f,0f,2.0004021039234763f,-1.2246467991473532e-16f,0f,-1.0000000000000002f,0.0185710376997403f,0f,0f,0f,1f], start_interpolation: 0, interpolation_duration: 1 }
$data merge entity $(bone_body) { transformation: [-1f,5.341834311772723e-18f,1.223481206754078e-16f,-6.403984274441296e-18f,0f,0.9990482215818578f,-0.043619387365336f,1.066084375f,-1.2246467991473532e-16f,-0.043619387365336f,-0.9990482215818578f,0.0522925f,0f,0f,0f,1f], start_interpolation: 0, interpolation_duration: 1 }
$data merge entity $(bone_shoe_right) { transformation: [-0.9063077870366499f,0f,0.4226182617406995f,-0.12771680904332186f,0f,1f,0f,0.250595f,-0.4226182617406995f,0f,-0.9063077870366499f,0.06669992510501668f,0f,0f,0f,1f], start_interpolation: 0, interpolation_duration: 1 }
$data merge entity $(bone_lowerleg_right) { transformation: [-0.9537169507482269f,0f,0.3007057995042732f,-0.125f,0f,1f,0f,0.6875f,-0.3007057995042732f,0f,-0.9537169507482269f,0.062499999999999986f,0f,0f,0f,1f], start_interpolation: 0, interpolation_duration: 1 }
$data merge entity $(bone_leg_right) { transformation: [-0.9537169507482269f,0f,0.3007057995042732f,-0.125f,0f,1f,0f,1.0625f,-0.3007057995042732f,0f,-0.9537169507482269f,0.062499999999999986f,0f,0f,0f,1f], start_interpolation: 0, interpolation_duration: 1 }
$data merge entity $(bone_shoe_left) { transformation: [-0.9537169507482268f,0f,-0.30070579950427295f,0.12714536613376812f,0f,1f,0f,0.250595f,0.30070579950427295f,0f,-0.9537169507482268f,0.06701860890293748f,0f,0f,0f,1f], start_interpolation: 0, interpolation_duration: 1 }
$data merge entity $(bone_lowerleg_left) { transformation: [-0.984807753012208f,0f,-0.17364817766693022f,0.12499999999999999f,0f,1f,0f,0.6875f,0.17364817766693022f,0f,-0.984807753012208f,0.06250000000000001f,0f,0f,0f,1f], start_interpolation: 0, interpolation_duration: 1 }
$data merge entity $(bone_leg_left) { transformation: [-0.984807753012208f,0f,-0.17364817766693022f,0.12499999999999999f,0f,1f,0f,1.0625f,0.17364817766693022f,0f,-0.984807753012208f,0.06250000000000001f,0f,0f,0f,1f], start_interpolation: 0, interpolation_duration: 1 }
$data merge entity $(bone_string2) { transformation: [-0.00001f,0f,1.2246467991473532e-21f,1.164062734375f,0f,0.00001f,0f,-0.0007752815375f,-1.2246467991473532e-21f,0f,-0.00001f,0.22031097598750013f,0f,0f,0f,1f], start_interpolation: 0, interpolation_duration: 1 }
$data merge entity $(bone_string) { transformation: [-0.00001f,0f,1.2246467991473532e-21f,1.164062734375f,0f,0.00001f,0f,-0.00077696231875f,-1.2246467991473532e-21f,0f,-0.00001f,0.22031194351875014f,0f,0f,0f,1f], start_interpolation: 0, interpolation_duration: 1 }
$data merge entity $(bone_flame) { transformation: [-0.00001f,0f,1.2246467991473532e-21f,1.164062734375f,0f,0.00001f,0f,-0.00077432483125f,-1.2246467991473532e-21f,0f,-0.00001f,0.22030866628750012f,0f,0f,0f,1f], start_interpolation: 0, interpolation_duration: 1 }
$data merge entity $(bone_bomb) { transformation: [-0.00001f,0f,1.2246467991473532e-21f,1.1640625f,0f,0.00001f,0f,-0.000783125f,-1.2246467991473532e-21f,0f,-0.00001f,0.22031250000000013f,0f,0f,0f,1f], start_interpolation: 0, interpolation_duration: 1 }
$data merge entity $(bone_gg) { transformation: [-0.000010833333333333334f,0f,1.3267006990762992e-21f,-1.1481063742006437e-16f,0f,0.000010833333333333334f,0f,1.09375f,-1.3267006990762992e-21f,0f,-0.000010833333333333334f,0.9375f,0f,0f,0f,1f], start_interpolation: 0, interpolation_duration: 1 }