# This file was generated by Animated Java via MC-Build. It is not recommended to edit this file directly.
$data merge entity $(bone_hammer) { transformation: [-0.000017049245631307895f,-0.000011903430501902899f,0.0000012881550634432368f,0.6459863491404887f,-0.0000014447395722591356f,0.000004270239100229797f,0.0000203382149081864f,0.7847629261590842f,-0.000011888036646560095f,0.000016559596395207805f,-0.0000043209487655911385f,-0.3491992777356981f,0f,0f,0f,1f], start_interpolation: 0, interpolation_duration: 1 }
$data merge entity $(bone_hand_left) { transformation: [-0.8183637903027787f,0.06183144304527523f,0.571364664091339f,0.4257316620022984f,-0.0693474994684385f,0.9762343155929472f,-0.20497147681102998f,0.9416025400410499f,-0.5706257590348844f,-0.20740554074837445f,-0.7948606269699746f,0.02226069232228086f,0f,0f,0f,1f], start_interpolation: 0, interpolation_duration: 1 }
$data merge entity $(bone_lowerarm_left) { transformation: [-0.8184221229957137f,-0.06107772042268777f,0.5713621799341962f,0.39872385750289113f,-0.0684008345585974f,0.9975480815998574f,0.008658617556010634f,1.3827058323734869f,-0.5706563711887458f,-0.031985722435525825f,-0.8208303424559393f,0.008117005682821785f,0f,0f,0f,1f], start_interpolation: 0, interpolation_duration: 1 }
$data merge entity $(bone_arm_left) { transformation: [-0.8183209782715557f,-0.11098822965883386f,0.5639436048027162f,0.34375f,-0.06902629960595466f,0.9929833184154856f,0.09526447523147762f,1.8745428822761572f,-0.5707261355657536f,0.03905995661353575f,-0.8204756117557027f,0.027463890442963712f,0f,0f,0f,1f], start_interpolation: 0, interpolation_duration: 1 }
$data merge entity $(bone_bread) { transformation: [-0.000008184797185815347f,-6.334886947248966e-7f,-0.000005710322854333628f,-0.4320981500730157f,6.745410804394338e-7f,0.00000976361136741944f,-0.0000020499925584700205f,0.698182752645128f,0.000005706864693842727f,-0.0000020634749376483197f,-0.000007950923826782968f,-0.06765524558796637f,0f,0f,0f,1f], start_interpolation: 0, interpolation_duration: 1 }
$data merge entity $(bone_hand_right) { transformation: [-0.8184797185815347f,-0.06334886947248966f,-0.5710322854333627f,-0.4257316620022984f,0.06745410804394338f,0.976361136741944f,-0.20499925584700204f,0.9416025400410499f,0.5706864693842726f,-0.20634749376483194f,-0.7950923826782967f,0.022260692322280763f,0f,0f,0f,1f], start_interpolation: 0, interpolation_duration: 1 }
$data merge entity $(bone_lowerarm_right) { transformation: [-0.8184221229957139f,0.061077720422687755f,-0.571362179934196f,-0.39872385750289113f,0.0684008345585974f,0.9975480815998574f,0.008658617556010634f,1.3827058323734869f,0.5706563711887456f,-0.031985722435525825f,-0.8208303424559396f,0.008117005682821688f,0f,0f,0f,1f], start_interpolation: 0, interpolation_duration: 1 }
$data merge entity $(bone_arm_right) { transformation: [-0.8183209782715559f,0.11098822965883383f,-0.563943604802716f,-0.34375f,0.06902629960595466f,0.9929833184154856f,0.09526447523147762f,1.8745428822761572f,0.5707261355657534f,0.03905995661353578f,-0.8204756117557029f,0.02746389044296363f,0f,0f,0f,1f], start_interpolation: 0, interpolation_duration: 1 }
$data merge entity $(bone_uppertail) { transformation: [-0.9995468755281369f,-0.018910705907364236f,-0.023418557257530524f,0.00634775066116078f,0.011934438245141404f,0.46520498736112487f,-0.8850410780568089f,0.4412601748379746f,0.02763939688992033f,-0.88516669835781f,-0.46491957516570537f,-0.2893973666026149f,0f,0f,0f,1f], start_interpolation: 0, interpolation_duration: 1 }
$data merge entity $(bone_middletail) { transformation: [-0.9995468755281369f,-0.02089351987762142f,-0.021668051344375543f,0.014561297837903215f,0.011934438245141404f,0.3857147812185173f,-0.922462735108131f,0.7909559747650698f,0.02763939688992033f,-0.9225628152391141f,-0.3854194431940433f,-0.14330995695685814f,0f,0f,0f,1f], start_interpolation: 0, interpolation_duration: 1 }
$data merge entity $(bone_tail) { transformation: [-0.9995468755281369f,-0.01892551861774751f,-0.02340658811079369f,0.021875f,0.011934438245141404f,0.4646449448608899f,-0.88533522765608f,1.1301189501255424f,0.02763939688992033f,-0.8854606673568344f,-0.4643594532449142f,0.0017830955498662274f,0f,0f,0f,1f], start_interpolation: 0, interpolation_duration: 1 }
$data merge entity $(bone_hair) { transformation: [-0.6893654271085455f,0.12155372436685122f,1.2249124079034359e-16f,0.12499999999999996f,0.12154493769132217f,0.6893155953953628f,0.0006232272415110998f,2.3584513320668075f,0.00007806530287711078f,0.0004427303329504022f,-1.0002168860084943f,0.3035524874521839f,0f,0f,0f,1f], start_interpolation: 0, interpolation_duration: 1 }
$data merge entity $(bone_ear_left) { transformation: [-0.38268343236508984f,0.0015197563143811512f,-0.923878792878694f,0.142644375f,-0.0005757868925355736f,1.2999045947470969f,0.0015037704505091163f,2.420631805912121f,0.9240799090554227f,0.0014645369827154058f,-0.3827653119621525f,0.07395753875702904f,0f,0f,0f,1f], start_interpolation: 0, interpolation_duration: 1 }
$data merge entity $(bone_ear_right) { transformation: [-0.3826834323650896f,-0.0015197563143811512f,0.923878792878694f,-0.142644375f,0.0005757868925355736f,1.2999045947470969f,0.0015037704505091163f,2.420631805912121f,-0.9240799090554227f,0.0014645369827154054f,-0.3827653119621523f,0.073957538757029f,0f,0f,0f,1f], start_interpolation: 0, interpolation_duration: 1 }
$data merge entity $(bone_head) { transformation: [-1f,-7.865034476812566e-20f,1.2249124079034359e-16f,-2.3106804213112447e-18f,0f,0.9999277136461691f,0.0006232272415110998f,2.000263230016796f,-1.2246467991473532e-16f,0.0006422288028097994f,-1.0002168860084943f,0.01886813751458813f,0f,0f,0f,1f], start_interpolation: 0, interpolation_duration: 1 }
$data merge entity $(bone_body) { transformation: [-1f,5.303130327233478e-18f,1.223764154768681e-16f,-6.403984274441296e-18f,0f,0.9989895381980521f,-0.04330962364985538f,1.0660025526328125f,-1.2246467991473532e-16f,-0.04330334534761961f,-0.9992792661694075f,0.0522925f,0f,0f,0f,1f], start_interpolation: 0, interpolation_duration: 1 }
$data merge entity $(bone_shoe_right) { transformation: [-0.9063077870366499f,0f,0.4226182617406995f,-0.12771680904332186f,0f,0.9999275f,0f,0.25057230061249985f,-0.4226182617406995f,0f,-0.9063077870366499f,0.06669992510501668f,0f,0f,0f,1f], start_interpolation: 0, interpolation_duration: 1 }
$data merge entity $(bone_lowerleg_right) { transformation: [-0.9537169507482269f,0f,0.3007057995042732f,-0.125f,0f,0.9999275f,0f,0.6874456249999998f,-0.3007057995042732f,0f,-0.9537169507482269f,0.062499999999999986f,0f,0f,0f,1f], start_interpolation: 0, interpolation_duration: 1 }
$data merge entity $(bone_leg_right) { transformation: [-0.9537169507482269f,0f,0.3007057995042732f,-0.125f,0f,0.9999275f,0f,1.0624184374999999f,-0.3007057995042732f,0f,-0.9537169507482269f,0.062499999999999986f,0f,0f,0f,1f], start_interpolation: 0, interpolation_duration: 1 }
$data merge entity $(bone_shoe_left) { transformation: [-0.9537169507482268f,0f,-0.30070579950427295f,0.12714536613376812f,0f,0.9999275f,0f,0.25057230061249985f,0.30070579950427295f,0f,-0.9537169507482268f,0.06701860890293748f,0f,0f,0f,1f], start_interpolation: 0, interpolation_duration: 1 }
$data merge entity $(bone_lowerleg_left) { transformation: [-0.984807753012208f,0f,-0.17364817766693022f,0.12499999999999999f,0f,0.9999275f,0f,0.6874456249999998f,0.17364817766693022f,0f,-0.984807753012208f,0.06250000000000001f,0f,0f,0f,1f], start_interpolation: 0, interpolation_duration: 1 }
$data merge entity $(bone_leg_left) { transformation: [-0.984807753012208f,0f,-0.17364817766693022f,0.12499999999999999f,0f,0.9999275f,0f,1.0624184374999999f,0.17364817766693022f,0f,-0.984807753012208f,0.06250000000000001f,0f,0f,0f,1f], start_interpolation: 0, interpolation_duration: 1 }