# This file was generated by Animated Java via MC-Build. It is not recommended to edit this file directly.
$data merge entity $(bone_hammer) { transformation: [-0.000017048572489777667f,-0.000011920053991292746f,0.0000011341369772826732f,0.6482557947582062f,-0.0000014908927374857965f,0.000004070580863440889f,0.00002037139359831518f,0.7888437620171571f,-0.000011890722579086815f,0.00001660821561884164f,-0.000004187341621778624f,-0.3512917714637771f,0f,0f,0f,1f], start_interpolation: 0, interpolation_duration: 1 }
$data merge entity $(bone_hand_left) { transformation: [-0.8183314795093279f,0.054438574909568174f,0.5721625915820517f,0.42717611925858334f,-0.07156285139931823f,0.9778268927191285f,-0.19538788144516245f,0.941534497776413f,-0.570754683796167f,-0.20099239784537376f,-0.7971943497043986f,0.021631967442029748f,0f,0f,0f,1f], start_interpolation: 0, interpolation_duration: 1 }
$data merge entity $(bone_lowerarm_left) { transformation: [-0.8185646316932866f,-0.06211259568594705f,0.5710463809516596f,0.3997107058537036f,-0.06790783608528114f,0.9973502592835749f,0.01113930635076979f,1.3825503155533687f,-0.5708670897019421f,-0.02962239411760275f,-0.8215296488438447f,0.008533315043152283f,0f,0f,0f,1f], start_interpolation: 0, interpolation_duration: 1 }
$data merge entity $(bone_arm_left) { transformation: [-0.8181709919898509f,-0.11298060487813974f,0.5637655636767052f,0.34375f,-0.07032213753588762f,0.9925310030706201f,0.09685093162581487f,1.8741633280117853f,-0.5711394953761225f,0.03971034644363931f,-0.8209143983841122f,0.02820234601601738f,0f,0f,0f,1f], start_interpolation: 0, interpolation_duration: 1 }
$data merge entity $(bone_bread) { transformation: [-0.000008187867875966256f,-6.030913416010335e-7f,-0.000005709211896523523f,-0.4341744706428156f,6.42519085236426e-7f,0.000009783139122651473f,-0.000001954908677158783f,0.6990762267211996f,0.000005709718268000602f,-0.0000019689826899528734f,-0.000007980601035854233f,-0.07073978833843289f,0f,0f,0f,1f], start_interpolation: 0, interpolation_duration: 1 }
$data merge entity $(bone_hand_right) { transformation: [-0.8187867875966255f,-0.06030913416010335f,-0.5709211896523523f,-0.4271761192585833f,0.0642519085236426f,0.9783139122651472f,-0.19549086771587826f,0.941534497776413f,0.5709718268000601f,-0.19689826899528734f,-0.7980601035854231f,0.021631967442029644f,0f,0f,0f,1f], start_interpolation: 0, interpolation_duration: 1 }
$data merge entity $(bone_lowerarm_right) { transformation: [-0.8185646316932869f,0.062112595685947035f,-0.5710463809516594f,-0.3997107058537036f,0.06790783608528114f,0.9973502592835749f,0.01113930635076979f,1.3825503155533687f,0.5708670897019419f,-0.029622394117602736f,-0.8215296488438448f,0.008533315043152186f,0f,0f,0f,1f], start_interpolation: 0, interpolation_duration: 1 }
$data merge entity $(bone_arm_right) { transformation: [-0.8181709919898511f,0.11298060487813971f,-0.5637655636767049f,-0.34375f,0.07032213753588762f,0.9925310030706201f,0.09685093162581487f,1.8741633280117853f,0.5711394953761223f,0.03971034644363934f,-0.8209143983841123f,0.028202346016017298f,0f,0f,0f,1f], start_interpolation: 0, interpolation_duration: 1 }
$data merge entity $(bone_uppertail) { transformation: [-0.9995468755281369f,-0.01891070590736423f,-0.023418557257530528f,0.0063759572298370815f,0.011907681449168291f,0.4658866584331076f,-0.8844495048657747f,0.4409279658885204f,0.02766768322541973f,-0.8852824709893324f,-0.46603340023165124f,-0.28894373837395443f,0f,0f,0f,1f], start_interpolation: 0, interpolation_duration: 1 }
$data merge entity $(bone_middletail) { transformation: [-0.9995468755281369f,-0.020932721656578064f,-0.02163018229204932f,0.014575148199352909f,0.011907681449168291f,0.3847757022689723f,-0.922631542982734f,0.7906877395210754f,0.02766768322541973f,-0.9234743060972391f,-0.38484722884629863f,-0.14307326211854404f,0f,0f,0f,1f], start_interpolation: 0, interpolation_duration: 1 }
$data merge entity $(bone_tail) { transformation: [-0.9995468755281369f,-0.018967871727482526f,-0.023372279821806542f,0.021875f,0.011907681449168291f,0.4637241519659563f,-0.8855852392891019f,1.1299158974074692f,0.02766768322541973f,-0.8864185614835461f,-0.4638688580082665f,0.00181151976882208f,0f,0f,0f,1f], start_interpolation: 0, interpolation_duration: 1 }
$data merge entity $(bone_hair) { transformation: [-0.6893654271085455f,0.12155372436685122f,1.2256698877839198e-16f,0.12499999999999996f,0.12151952062113211f,0.6891714480272859f,0.0024072051557485416f,2.3574710447292966f,0.0003015857525834194f,0.0017103777956825649f,-1.0008354152701653f,0.3052377631402993f,0f,0f,0f,1f], start_interpolation: 0, interpolation_duration: 1 }
$data merge entity $(bone_ear_left) { transformation: [-0.38268343236508984f,0.005869381901048199f,-0.9238685004851064f,0.142644375f,-0.0022239675739517224f,1.2996128244982537f,0.005806713870274853f,2.420048120092835f,0.9246513555805398f,0.005658587356042754f,-0.38298643367001856f,0.07561489581267439f,0f,0f,0f,1f], start_interpolation: 0, interpolation_duration: 1 }
$data merge entity $(bone_ear_right) { transformation: [-0.3826834323650896f,-0.005869381901048199f,0.9238685004851064f,-0.142644375f,0.0022239675739517224f,1.2996128244982537f,0.005806713870274853f,2.420048120092835f,-0.9246513555805398f,0.005658587356042752f,-0.38298643367001833f,0.07561489581267436f,0f,0f,0f,1f], start_interpolation: 0, interpolation_duration: 1 }
$data merge entity $(bone_head) { transformation: [-1f,-3.0384591545313044e-19f,1.2256698877839198e-16f,-2.414816887261062e-18f,0f,0.9997186121124855f,0.0024072051557485416f,1.9998652327782942f,-1.2246467991473532e-16f,0.0024810901858779155f,-1.0008354152701653f,0.019718476289999308f,0f,0f,0f,1f], start_interpolation: 0, interpolation_duration: 1 }
$data merge entity $(bone_body) { transformation: [-1f,5.192353934521003e-18f,1.224573334723628e-16f,-6.403984274441296e-18f,0f,0.9988210188864566f,-0.042422520804364414f,1.065768371375f,-1.2246467991473532e-16f,-0.042398787455584105f,-0.99994001174561f,0.0522925f,0f,0f,0f,1f], start_interpolation: 0, interpolation_duration: 1 }
$data merge entity $(bone_shoe_right) { transformation: [-0.9063077870366499f,0f,0.4226182617406995f,-0.12771680904332186f,0f,0.9997199999999999f,0f,0.2505073334f,-0.4226182617406995f,0f,-0.9063077870366499f,0.06669992510501668f,0f,0f,0f,1f], start_interpolation: 0, interpolation_duration: 1 }
$data merge entity $(bone_lowerleg_right) { transformation: [-0.9537169507482269f,0f,0.3007057995042732f,-0.125f,0f,0.9997199999999999f,0f,0.68729f,-0.3007057995042732f,0f,-0.9537169507482269f,0.062499999999999986f,0f,0f,0f,1f], start_interpolation: 0, interpolation_duration: 1 }
$data merge entity $(bone_leg_right) { transformation: [-0.9537169507482269f,0f,0.3007057995042732f,-0.125f,0f,0.9997199999999999f,0f,1.062185f,-0.3007057995042732f,0f,-0.9537169507482269f,0.062499999999999986f,0f,0f,0f,1f], start_interpolation: 0, interpolation_duration: 1 }
$data merge entity $(bone_shoe_left) { transformation: [-0.9537169507482268f,0f,-0.30070579950427295f,0.12714536613376812f,0f,0.9997199999999999f,0f,0.2505073334f,0.30070579950427295f,0f,-0.9537169507482268f,0.06701860890293748f,0f,0f,0f,1f], start_interpolation: 0, interpolation_duration: 1 }
$data merge entity $(bone_lowerleg_left) { transformation: [-0.984807753012208f,0f,-0.17364817766693022f,0.12499999999999999f,0f,0.9997199999999999f,0f,0.68729f,0.17364817766693022f,0f,-0.984807753012208f,0.06250000000000001f,0f,0f,0f,1f], start_interpolation: 0, interpolation_duration: 1 }
$data merge entity $(bone_leg_left) { transformation: [-0.984807753012208f,0f,-0.17364817766693022f,0.12499999999999999f,0f,0.9997199999999999f,0f,1.062185f,0.17364817766693022f,0f,-0.984807753012208f,0.06250000000000001f,0f,0f,0f,1f], start_interpolation: 0, interpolation_duration: 1 }