# This file was generated by Animated Java via MC-Build. It is not recommended to edit this file directly.
$data merge entity $(bone_hammer) { transformation: [-0.000017047034973411572f,-0.0000119429069429496f,8.90702051814666e-7f,0.6517651087770758f,-0.0000015636773621425791f,0.000003754850058016449f,0.000020419580387165572f,0.7953193575204394f,-0.000011895266200316241f,0.000016682548150314653f,-0.000003975402096732172f,-0.35454722194080746f,0f,0f,0f,1f], start_interpolation: 0, interpolation_duration: 1 }
$data merge entity $(bone_hand_left) { transformation: [-0.8182576787237553f,0.042753698487103836f,0.5732595332615807f,0.4294549402691256f,-0.07505651338284379f,0.9801398585839473f,-0.18023280278478931f,0.9414359892625646f,-0.5709727776151795f,-0.19081930064314404f,-0.8007623112151031f,0.020638337086984766f,0f,0f,0f,1f], start_interpolation: 0, interpolation_duration: 1 }
$data merge entity $(bone_lowerarm_left) { transformation: [-0.8187904695978379f,-0.06374466071245566f,0.5705425357731062f,0.4012678481103366f,-0.06713022265623263f,0.997024759578229f,0.015054825801355573f,1.3823078751385627f,-0.5711967003017355f,-0.025887899789757723f,-0.8226216284215789f,0.009191031398701276f,0f,0f,0f,1f], start_interpolation: 0, interpolation_duration: 1 }
$data merge entity $(bone_arm_left) { transformation: [-0.8179261024207599f,-0.11612436211550609f,0.5634820525110373f,0.34375f,-0.07236395119320578f,0.9918082163391204f,0.09935495133977973f,1.8735628822940333f,-0.5717978955775025f,0.04073563612075944f,-0.8216020763733878f,0.02936790116476494f,0f,0f,0f,1f], start_interpolation: 0, interpolation_duration: 1 }
$data merge entity $(bone_bread) { transformation: [-0.000008192714830625828f,-5.552408950700815e-7f,-0.0000057071123392207215f,-0.4374434822383152f,5.919968685209983e-7f,0.000009811868653877691f,-0.0000018044173035345043f,0.7005461657365526f,0.00000571384502532006f,-0.0000018191054378412121f,-0.000008025400311912815f,-0.07559776676739939f,0f,0f,0f,1f], start_interpolation: 0, interpolation_duration: 1 }
$data merge entity $(bone_hand_right) { transformation: [-0.8192714830625828f,-0.05552408950700815f,-0.5707112339220721f,-0.4294549402691256f,0.05919968685209982f,0.981186865387769f,-0.1804417303534504f,0.9414359892625646f,0.571384502532006f,-0.1819105437841212f,-0.8025400311912815f,0.020638337086984662f,0f,0f,0f,1f], start_interpolation: 0, interpolation_duration: 1 }
$data merge entity $(bone_lowerarm_right) { transformation: [-0.8187904695978381f,0.06374466071245566f,-0.570542535773106f,-0.4012678481103366f,0.06713022265623263f,0.997024759578229f,0.015054825801355573f,1.3823078751385627f,0.5711967003017353f,-0.02588789978975771f,-0.8226216284215792f,0.009191031398701179f,0f,0f,0f,1f], start_interpolation: 0, interpolation_duration: 1 }
$data merge entity $(bone_arm_right) { transformation: [-0.8179261024207601f,0.11612436211550606f,-0.5634820525110371f,-0.34375f,0.07236395119320578f,0.9918082163391204f,0.09935495133977973f,1.8735628822940333f,0.5717978955775023f,0.04073563612075947f,-0.821602076373388f,0.029367901164764856f,0f,0f,0f,1f], start_interpolation: 0, interpolation_duration: 1 }
$data merge entity $(bone_uppertail) { transformation: [-0.9995468755281369f,-0.01891070590736423f,-0.023418557257530524f,0.006420584374431765f,0.01186538709800449f,0.4669630932123948f,-0.8835135358059532f,0.44040583794510924f,0.027712284491245742f,-0.8854638035413636f,-0.4677906361230668f,-0.2882241383339106f,0f,0f,0f,1f], start_interpolation: 0, interpolation_duration: 1 }
$data merge entity $(bone_middletail) { transformation: [-0.9995468755281369f,-0.02099445463885446f,-0.021570268805838705f,0.014597062068626484f,0.01186538709800449f,0.3832956182178489f,-0.9228949926344936f,0.7902654517243368f,0.027712284491245742f,-0.9249134051475645f,-0.3839393436530034f,-0.1426978522149752f,0f,0f,0f,1f], start_interpolation: 0, interpolation_duration: 1 }
$data merge entity $(bone_tail) { transformation: [-0.9995468755281369f,-0.019034591601514952f,-0.023317974708421663f,0.021875f,0.01186538709800449f,0.4622726612315728f,-0.8859766842602036f,1.1295953812904092f,0.027712284491245742f,-0.8879313117358604f,-0.46308985333884833f,0.0018564616613660281f,0f,0f,0f,1f], start_interpolation: 0, interpolation_duration: 1 }
$data merge entity $(bone_hair) { transformation: [-0.6893654271085455f,0.12155372436685122f,1.2268572462380652e-16f,0.12499999999999996f,0.12147859305842731f,0.688939336284997f,0.005223647716765895f,2.3559196346436293f,0.0006546475602850795f,0.0037126908069023534f,-1.0018049670257996f,0.30789662605415585f,0f,0f,0f,1f], start_interpolation: 0, interpolation_duration: 1 }
$data merge entity $(bone_ear_left) { transformation: [-0.38268343236509017f,0.01273427460198075f,-0.9238276012846024f,0.142644375f,-0.004826021210569325f,1.2990959002164175f,0.012595014193663035f,2.4191224332569616f,0.9255471046032806f,0.01228520003582529f,-0.38329551144036716f,0.07823136941411243f,0f,0f,0f,1f], start_interpolation: 0, interpolation_duration: 1 }
$data merge entity $(bone_ear_right) { transformation: [-0.38268343236508995f,-0.01273427460198075f,0.9238276012846024f,-0.142644375f,0.004826021210569325f,1.2990959002164175f,0.012595014193663035f,2.4191224332569616f,-0.9255471046032806f,0.012285200035825287f,-0.38329551144036694f,0.0782313694141124f,0f,0f,0f,1f], start_interpolation: 0, interpolation_duration: 1 }
$data merge entity $(bone_head) { transformation: [-1f,-6.595536611064838e-19f,1.2268572462380652e-16f,-2.5791835554272266e-18f,0f,0.9993819086266978f,0.005223647716765895f,1.9992354694168117f,-1.2246467991473532e-16f,0.005385664352903136f,-1.0018049670257996f,0.02106063198975374f,0f,0f,0f,1f], start_interpolation: 0, interpolation_duration: 1 }
$data merge entity $(bone_body) { transformation: [-1f,5.017505461077152e-18f,1.225848550043945e-16f,-6.403984274441296e-18f,0f,0.9985533444642453f,-0.04102077577375563f,1.0653987599921875f,-1.2246467991473532e-16f,-0.040971041320407936f,-1.000981304076758f,0.0522925f,0f,0f,0f,1f], start_interpolation: 0, interpolation_duration: 1 }
$data merge entity $(bone_shoe_right) { transformation: [-0.9063077870366499f,0f,0.4226182617406995f,-0.12771680904332186f,0f,0.9993925f,0f,0.25040479478749994f,-0.4226182617406995f,0f,-0.9063077870366499f,0.06669992510501668f,0f,0f,0f,1f], start_interpolation: 0, interpolation_duration: 1 }
$data merge entity $(bone_lowerleg_right) { transformation: [-0.9537169507482269f,0f,0.3007057995042732f,-0.125f,0f,0.9993925f,0f,0.6870443749999999f,-0.3007057995042732f,0f,-0.9537169507482269f,0.062499999999999986f,0f,0f,0f,1f], start_interpolation: 0, interpolation_duration: 1 }
$data merge entity $(bone_leg_right) { transformation: [-0.9537169507482269f,0f,0.3007057995042732f,-0.125f,0f,0.9993925f,0f,1.0618165625f,-0.3007057995042732f,0f,-0.9537169507482269f,0.062499999999999986f,0f,0f,0f,1f], start_interpolation: 0, interpolation_duration: 1 }
$data merge entity $(bone_shoe_left) { transformation: [-0.9537169507482268f,0f,-0.30070579950427295f,0.12714536613376812f,0f,0.9993925f,0f,0.25040479478749994f,0.30070579950427295f,0f,-0.9537169507482268f,0.06701860890293748f,0f,0f,0f,1f], start_interpolation: 0, interpolation_duration: 1 }
$data merge entity $(bone_lowerleg_left) { transformation: [-0.984807753012208f,0f,-0.17364817766693022f,0.12499999999999999f,0f,0.9993925f,0f,0.6870443749999999f,0.17364817766693022f,0f,-0.984807753012208f,0.06250000000000001f,0f,0f,0f,1f], start_interpolation: 0, interpolation_duration: 1 }
$data merge entity $(bone_leg_left) { transformation: [-0.984807753012208f,0f,-0.17364817766693022f,0.12499999999999999f,0f,0.9993925f,0f,1.0618165625f,0.17364817766693022f,0f,-0.984807753012208f,0.06250000000000001f,0f,0f,0f,1f], start_interpolation: 0, interpolation_duration: 1 }