# This file was generated by Animated Java via MC-Build. It is not recommended to edit this file directly.
$data merge entity $(bone_hammer) { transformation: [-0.000017044113595216995f,-0.000011966728086989862f,5.686725095913873e-7f,0.6562628116315887f,-0.0000016596787034913622f,0.000003336879187607209f,0.000020475358571013657f,0.8039336125345843f,-0.000011901839056668642f,0.000016776169388027913f,-0.0000036935836190616548f,-0.3587569266263919f,0f,0f,0f,1f], start_interpolation: 0, interpolation_duration: 1 }
$data merge entity $(bone_hand_left) { transformation: [-0.8181174525704157f,0.027296280460386457f,0.5744029481755133f,0.432462485002576f,-0.07966457776758537f,0.9828172114086554f,-0.16017020100514578f,0.9413225551332043f,-0.5712882747200947f,-0.17729201371495923f,-0.8052561306253397f,0.019323758381634228f,0f,0f,0f,1f], start_interpolation: 0, interpolation_duration: 1 }
$data merge entity $(bone_lowerarm_left) { transformation: [-0.8190904247669256f,-0.06589751967722834f,0.5698669958468612f,0.4033234255203016f,-0.06610424875113392f,0.9965699906444394f,0.020226006179974984f,1.3819933478712922f,-0.5716264100513447f,-0.02094788161083342f,-0.8240416375750028f,0.010060866981843827f,0f,0f,0f,1f], start_interpolation: 0, interpolation_duration: 1 }
$data merge entity $(bone_arm_left) { transformation: [-0.8175873899532441f,-0.12027442376338494f,0.5631029415460619f,0.34375f,-0.07505389341883484f,0.9908370448231036f,0.10266193535529781f,1.8727673216352358f,-0.5726786105729634f,0.04208727197981774f,-0.8225010987220496f,0.030907218884347304f,0f,0f,0f,1f], start_interpolation: 0, interpolation_duration: 1 }
$data merge entity $(bone_bread) { transformation: [-0.000008199115979034203f,-4.922930239067432e-7f,-0.000005703695709008218f,-0.44174529659825496f,5.253166887382508e-7f,0.000009845873040549666f,-0.0000016049571253184843f,0.7025988890000853f,0.000005718586079316097f,-0.0000016198540749848996f,-0.000008080709419113717f,-0.08199196446271827f,0f,0f,0f,1f], start_interpolation: 0, interpolation_duration: 1 }
$data merge entity $(bone_hand_right) { transformation: [-0.8199115979034203f,-0.049229302390674315f,-0.5703695709008217f,-0.432462485002576f,0.05253166887382508f,0.9845873040549665f,-0.1604957125318484f,0.9413225551332043f,0.5718586079316097f,-0.16198540749848994f,-0.8080709419113716f,0.019323758381634124f,0f,0f,0f,1f], start_interpolation: 0, interpolation_duration: 1 }
$data merge entity $(bone_lowerarm_right) { transformation: [-0.8190904247669258f,0.06589751967722832f,-0.569866995846861f,-0.4033234255203016f,0.06610424875113392f,0.9965699906444394f,0.020226006179974984f,1.3819933478712922f,0.5716264100513445f,-0.020947881610833406f,-0.8240416375750029f,0.01006086698184373f,0f,0f,0f,1f], start_interpolation: 0, interpolation_duration: 1 }
$data merge entity $(bone_arm_right) { transformation: [-0.8175873899532443f,0.12027442376338492f,-0.5631029415460617f,-0.34375f,0.07505389341883484f,0.9908370448231036f,0.10266193535529781f,1.8727673216352358f,0.5726786105729632f,0.04208727197981777f,-0.8225010987220497f,0.03090721888434722f,0f,0f,0f,1f], start_interpolation: 0, interpolation_duration: 1 }
$data merge entity $(bone_uppertail) { transformation: [-0.9995468755281369f,-0.01891070590736423f,-0.02341855725753053f,0.006479722161321446f,0.011809413403130697f,0.4683856598302925f,-0.8822732120507897f,0.439720414352267f,0.02777110361255361f,-0.8857006543218662f,-0.4701098846093544f,-0.2872669995421093f,0f,0f,0f,1f], start_interpolation: 0, interpolation_duration: 1 }
$data merge entity $(bone_middletail) { transformation: [-0.9995468755281369f,-0.021075717026859273f,-0.021490876523371737f,0.014626102155379465f,0.011809413403130697f,0.38134491783675073f,-0.9232373479648438f,0.789709770823248f,0.02777110361255361f,-0.9268147548020883f,-0.3827314501772063f,-0.14219864003049543f,0f,0f,0f,1f], start_interpolation: 0, interpolation_duration: 1 }
$data merge entity $(bone_tail) { transformation: [-0.9995468755281369f,-0.01912246425494646f,-0.023245967021342673f,0.021875f,0.011809413403130697f,0.46035922208745744f,-0.8864877515657547f,1.1291720378102728f,0.02777110361255361f,-0.8899307010339588f,-0.4620522698037627f,0.0019159618307526063f,0f,0f,0f,1f], start_interpolation: 0, interpolation_duration: 1 }
$data merge entity $(bone_hair) { transformation: [-0.6893654271085455f,0.12155372436685122f,1.2284099128009767e-16f,0.12499999999999996f,0.12142302065621514f,0.6886241695306585f,0.008944470542742618f,2.3538629405084284f,0.0011214192151998773f,0.006359884407333517f,-1.00307281548953f,0.31140599450926165f,0f,0f,0f,1f], start_interpolation: 0, interpolation_duration: 1 }
$data merge entity $(bone_ear_left) { transformation: [-0.38268343236508995f,0.021799451015047308f,-0.9237273394544874f,0.142644375f,-0.008263613263590024f,1.29830745486052f,0.0215532476188673f,2.4178916196857005f,0.9267184438492473f,0.021048819849227803f,-0.3836286632524836f,0.08168790241205816f,0f,0f,0f,1f], start_interpolation: 0, interpolation_duration: 1 }
$data merge entity $(bone_ear_right) { transformation: [-0.3826834323650897f,-0.021799451015047308f,0.9237273394544874f,-0.142644375f,0.008263613263590024f,1.29830745486052f,0.0215532476188673f,2.4178916196857005f,-0.9267184438492473f,0.021048819849227796f,-0.38362866325248335f,0.08168790241205812f,0f,0f,0f,1f], start_interpolation: 0, interpolation_duration: 1 }
$data merge entity $(bone_head) { transformation: [-1f,-1.129823425444537e-18f,1.2284099128009767e-16f,-2.79625999875703e-18f,0f,0.9989247247559309f,0.008944470542742618f,1.9984008000860713f,-1.2246467991473532e-16f,0.009225708393890912f,-1.00307281548953f,0.02283319566673343f,0f,0f,0f,1f], start_interpolation: 0, interpolation_duration: 1 }
$data merge entity $(bone_body) { transformation: [-1f,4.7865830571769876e-18f,1.2275289920114496e-16f,-6.403984274441296e-18f,0f,0.9981966678439689f,-0.03916658763792744f,1.0649106472500003f,-1.2246467991473532e-16f,-0.03908541679535351f,-1.0023534890762815f,0.0522925f,0f,0f,0f,1f], start_interpolation: 0, interpolation_duration: 1 }
$data merge entity $(bone_shoe_right) { transformation: [-0.9063077870366499f,0f,0.4226182617406995f,-0.12771680904332186f,0f,0.9989600000000002f,0f,0.2502693811999999f,-0.4226182617406995f,0f,-0.9063077870366499f,0.06669992510501668f,0f,0f,0f,1f], start_interpolation: 0, interpolation_duration: 1 }
$data merge entity $(bone_lowerleg_right) { transformation: [-0.9537169507482269f,0f,0.3007057995042732f,-0.125f,0f,0.9989600000000002f,0f,0.68672f,-0.3007057995042732f,0f,-0.9537169507482269f,0.062499999999999986f,0f,0f,0f,1f], start_interpolation: 0, interpolation_duration: 1 }
$data merge entity $(bone_leg_right) { transformation: [-0.9537169507482269f,0f,0.3007057995042732f,-0.125f,0f,0.9989600000000002f,0f,1.06133f,-0.3007057995042732f,0f,-0.9537169507482269f,0.062499999999999986f,0f,0f,0f,1f], start_interpolation: 0, interpolation_duration: 1 }
$data merge entity $(bone_shoe_left) { transformation: [-0.9537169507482268f,0f,-0.30070579950427295f,0.12714536613376812f,0f,0.9989600000000002f,0f,0.2502693811999999f,0.30070579950427295f,0f,-0.9537169507482268f,0.06701860890293748f,0f,0f,0f,1f], start_interpolation: 0, interpolation_duration: 1 }
$data merge entity $(bone_lowerleg_left) { transformation: [-0.984807753012208f,0f,-0.17364817766693022f,0.12499999999999999f,0f,0.9989600000000002f,0f,0.68672f,0.17364817766693022f,0f,-0.984807753012208f,0.06250000000000001f,0f,0f,0f,1f], start_interpolation: 0, interpolation_duration: 1 }
$data merge entity $(bone_leg_left) { transformation: [-0.984807753012208f,0f,-0.17364817766693022f,0.12499999999999999f,0f,0.9989600000000002f,0f,1.06133f,0.17364817766693022f,0f,-0.984807753012208f,0.06250000000000001f,0f,0f,0f,1f], start_interpolation: 0, interpolation_duration: 1 }