# This file was generated by Animated Java via MC-Build. It is not recommended to edit this file directly.
$data merge entity $(bone_hammer) { transformation: [-0.000017047034973411572f,-0.000011942906942949598f,8.907020518146651e-7f,0.6517651087770757f,-0.0000015636773621425796f,0.00000375485005801645f,0.000020419580387165572f,0.7953193575204396f,-0.00001189526620031624f,0.000016682548150314653f,-0.000003975402096732173f,-0.35454722194080746f,0f,0f,0f,1f], start_interpolation: 0, interpolation_duration: 1 }
$data merge entity $(bone_hand_left) { transformation: [-0.8182576787237553f,0.042753698487103795f,0.5732595332615806f,0.4294549402691256f,-0.0750565133828438f,0.9801398585839474f,-0.18023280278478937f,0.9414359892625648f,-0.5709727776151794f,-0.1908193006431441f,-0.8007623112151032f,0.02063833708698477f,0f,0f,0f,1f], start_interpolation: 0, interpolation_duration: 1 }
$data merge entity $(bone_lowerarm_left) { transformation: [-0.8187904695978379f,-0.06374466071245566f,0.5705425357731061f,0.4012678481103366f,-0.06713022265623261f,0.9970247595782291f,0.01505482580135556f,1.382307875138563f,-0.5711967003017354f,-0.025887899789757737f,-0.822621628421579f,0.009191031398701272f,0f,0f,0f,1f], start_interpolation: 0, interpolation_duration: 1 }
$data merge entity $(bone_arm_left) { transformation: [-0.8179261024207599f,-0.11612436211550604f,0.5634820525110372f,0.34375f,-0.07236395119320575f,0.9918082163391205f,0.09935495133977973f,1.8735628822940336f,-0.5717978955775024f,0.040735636120759436f,-0.8216020763733879f,0.029367901164764933f,0f,0f,0f,1f], start_interpolation: 0, interpolation_duration: 1 }
$data merge entity $(bone_bread) { transformation: [-0.000008192714830625828f,-5.552408950700817e-7f,-0.000005707112339220721f,-0.43744348223831503f,5.919968685209979e-7f,0.000009811868653877693f,-0.0000018044173035345047f,0.7005461657365528f,0.0000057138450253200594f,-0.0000018191054378412126f,-0.000008025400311912816f,-0.07559776676739938f,0f,0f,0f,1f], start_interpolation: 0, interpolation_duration: 1 }
$data merge entity $(bone_hand_right) { transformation: [-0.8192714830625828f,-0.05552408950700817f,-0.570711233922072f,-0.4294549402691255f,0.05919968685209978f,0.9811868653877691f,-0.18044173035345046f,0.9414359892625648f,0.5713845025320059f,-0.18191054378412125f,-0.8025400311912816f,0.020638337086984673f,0f,0f,0f,1f], start_interpolation: 0, interpolation_duration: 1 }
$data merge entity $(bone_lowerarm_right) { transformation: [-0.8187904695978381f,0.06374466071245563f,-0.5705425357731059f,-0.40126784811033656f,0.06713022265623261f,0.9970247595782291f,0.01505482580135556f,1.382307875138563f,0.5711967003017352f,-0.025887899789757737f,-0.8226216284215793f,0.009191031398701175f,0f,0f,0f,1f], start_interpolation: 0, interpolation_duration: 1 }
$data merge entity $(bone_arm_right) { transformation: [-0.8179261024207601f,0.11612436211550602f,-0.563482052511037f,-0.34375f,0.07236395119320575f,0.9918082163391205f,0.09935495133977973f,1.8735628822940336f,0.5717978955775022f,0.040735636120759464f,-0.8216020763733881f,0.02936790116476485f,0f,0f,0f,1f], start_interpolation: 0, interpolation_duration: 1 }
$data merge entity $(bone_uppertail) { transformation: [-0.9995468755281369f,-0.01891070590736423f,-0.023418557257530524f,0.006420584374431765f,0.011865387098004491f,0.4669630932123949f,-0.8835135358059533f,0.4404058379451094f,0.027712284491245742f,-0.8854638035413636f,-0.4677906361230668f,-0.2882241383339106f,0f,0f,0f,1f], start_interpolation: 0, interpolation_duration: 1 }
$data merge entity $(bone_middletail) { transformation: [-0.9995468755281369f,-0.02099445463885446f,-0.021570268805838705f,0.014597062068626484f,0.011865387098004491f,0.38329561821784897f,-0.9228949926344937f,0.790265451724337f,0.027712284491245742f,-0.9249134051475645f,-0.3839393436530034f,-0.1426978522149752f,0f,0f,0f,1f], start_interpolation: 0, interpolation_duration: 1 }
$data merge entity $(bone_tail) { transformation: [-0.9995468755281369f,-0.019034591601514952f,-0.023317974708421663f,0.021875f,0.011865387098004491f,0.46227266123157285f,-0.8859766842602037f,1.1295953812904094f,0.027712284491245742f,-0.8879313117358604f,-0.46308985333884833f,0.0018564616613660212f,0f,0f,0f,1f], start_interpolation: 0, interpolation_duration: 1 }
$data merge entity $(bone_hair) { transformation: [-0.6893654271085455f,0.12155372436685122f,1.2268572462380652e-16f,0.12499999999999996f,0.12147859305842733f,0.688939336284997f,0.005223647716765888f,2.3559196346436297f,0.0006546475602850777f,0.003712690806902344f,-1.0018049670257996f,0.30789662605415585f,0f,0f,0f,1f], start_interpolation: 0, interpolation_duration: 1 }
$data merge entity $(bone_ear_left) { transformation: [-0.38268343236509017f,0.012734274601980724f,-0.9238276012846024f,0.142644375f,-0.004826021210569318f,1.2990959002164177f,0.01259501419366301f,2.4191224332569625f,0.9255471046032806f,0.012285200035825262f,-0.38329551144036716f,0.07823136941411243f,0f,0f,0f,1f], start_interpolation: 0, interpolation_duration: 1 }
$data merge entity $(bone_ear_right) { transformation: [-0.38268343236508995f,-0.012734274601980724f,0.9238276012846024f,-0.142644375f,0.004826021210569318f,1.2990959002164177f,0.01259501419366301f,2.4191224332569625f,-0.9255471046032806f,0.012285200035825259f,-0.38329551144036694f,0.07823136941411239f,0f,0f,0f,1f], start_interpolation: 0, interpolation_duration: 1 }
$data merge entity $(bone_head) { transformation: [-1f,-6.595536611064815e-19f,1.2268572462380652e-16f,-2.5791835554272258e-18f,0f,0.999381908626698f,0.005223647716765888f,1.9992354694168122f,-1.2246467991473532e-16f,0.005385664352903122f,-1.0018049670257996f,0.021060631989753734f,0f,0f,0f,1f], start_interpolation: 0, interpolation_duration: 1 }
$data merge entity $(bone_body) { transformation: [-1f,5.017505461077153e-18f,1.225848550043945e-16f,-6.403984274441296e-18f,0f,0.9985533444642454f,-0.04102077577375564f,1.0653987599921877f,-1.2246467991473532e-16f,-0.04097104132040794f,-1.000981304076758f,0.0522925f,0f,0f,0f,1f], start_interpolation: 0, interpolation_duration: 1 }
$data merge entity $(bone_shoe_right) { transformation: [-0.9063077870366499f,0f,0.4226182617406995f,-0.12771680904332186f,0f,0.9993925000000001f,0f,0.2504047947875001f,-0.4226182617406995f,0f,-0.9063077870366499f,0.06669992510501668f,0f,0f,0f,1f], start_interpolation: 0, interpolation_duration: 1 }
$data merge entity $(bone_lowerleg_right) { transformation: [-0.9537169507482269f,0f,0.3007057995042732f,-0.125f,0f,0.9993925000000001f,0f,0.6870443750000002f,-0.3007057995042732f,0f,-0.9537169507482269f,0.062499999999999986f,0f,0f,0f,1f], start_interpolation: 0, interpolation_duration: 1 }
$data merge entity $(bone_leg_right) { transformation: [-0.9537169507482269f,0f,0.3007057995042732f,-0.125f,0f,0.9993925000000001f,0f,1.0618165625000002f,-0.3007057995042732f,0f,-0.9537169507482269f,0.062499999999999986f,0f,0f,0f,1f], start_interpolation: 0, interpolation_duration: 1 }
$data merge entity $(bone_shoe_left) { transformation: [-0.9537169507482268f,0f,-0.30070579950427295f,0.12714536613376812f,0f,0.9993925000000001f,0f,0.2504047947875001f,0.30070579950427295f,0f,-0.9537169507482268f,0.06701860890293748f,0f,0f,0f,1f], start_interpolation: 0, interpolation_duration: 1 }
$data merge entity $(bone_lowerleg_left) { transformation: [-0.984807753012208f,0f,-0.17364817766693022f,0.12499999999999999f,0f,0.9993925000000001f,0f,0.6870443750000002f,0.17364817766693022f,0f,-0.984807753012208f,0.06250000000000001f,0f,0f,0f,1f], start_interpolation: 0, interpolation_duration: 1 }
$data merge entity $(bone_leg_left) { transformation: [-0.984807753012208f,0f,-0.17364817766693022f,0.12499999999999999f,0f,0.9993925000000001f,0f,1.0618165625000002f,0.17364817766693022f,0f,-0.984807753012208f,0.06250000000000001f,0f,0f,0f,1f], start_interpolation: 0, interpolation_duration: 1 }