# This file was generated by Animated Java via MC-Build. It is not recommended to edit this file directly.
$data merge entity $(bone_hammer) { transformation: [-0.000017048572489777667f,-0.000011920053991292744f,0.0000011341369772826734f,0.6482557947582059f,-0.0000014908927374857963f,0.000004070580863440891f,0.000020371393598315187f,0.7888437620171572f,-0.000011890722579086815f,0.000016608215618841643f,-0.000004187341621778624f,-0.3512917714637772f,0f,0f,0f,1f], start_interpolation: 0, interpolation_duration: 1 }
$data merge entity $(bone_hand_left) { transformation: [-0.8183314795093279f,0.05443857490956819f,0.5721625915820516f,0.42717611925858323f,-0.07156285139931821f,0.9778268927191287f,-0.1953878814451625f,0.9415344977764131f,-0.570754683796167f,-0.20099239784537376f,-0.7971943497043988f,0.021631967442029734f,0f,0f,0f,1f], start_interpolation: 0, interpolation_duration: 1 }
$data merge entity $(bone_lowerarm_left) { transformation: [-0.8185646316932866f,-0.062112595685947014f,0.5710463809516595f,0.39971070585370355f,-0.06790783608528114f,0.9973502592835751f,0.011139306350769748f,1.382550315553369f,-0.5708670897019421f,-0.029622394117602736f,-0.8215296488438449f,0.008533315043152273f,0f,0f,0f,1f], start_interpolation: 0, interpolation_duration: 1 }
$data merge entity $(bone_arm_left) { transformation: [-0.8181709919898509f,-0.1129806048781397f,0.563765563676705f,0.34375f,-0.07032213753588762f,0.9925310030706204f,0.09685093162581485f,1.8741633280117858f,-0.5711394953761225f,0.03971034644363934f,-0.8209143983841124f,0.028202346016017385f,0f,0f,0f,1f], start_interpolation: 0, interpolation_duration: 1 }
$data merge entity $(bone_bread) { transformation: [-0.000008187867875966256f,-6.030913416010332e-7f,-0.0000057092118965235225f,-0.43417447064281556f,6.425190852364261e-7f,0.000009783139122651475f,-0.0000019549086771587833f,0.6990762267211996f,0.000005709718268000602f,-0.000001968982689952874f,-0.000007980601035854234f,-0.07073978833843292f,0f,0f,0f,1f], start_interpolation: 0, interpolation_duration: 1 }
$data merge entity $(bone_hand_right) { transformation: [-0.8187867875966255f,-0.06030913416010331f,-0.5709211896523522f,-0.42717611925858323f,0.06425190852364261f,0.9783139122651474f,-0.1954908677158783f,0.9415344977764131f,0.5709718268000601f,-0.19689826899528737f,-0.7980601035854233f,0.02163196744202963f,0f,0f,0f,1f], start_interpolation: 0, interpolation_duration: 1 }
$data merge entity $(bone_lowerarm_right) { transformation: [-0.8185646316932869f,0.06211259568594701f,-0.5710463809516593f,-0.39971070585370355f,0.06790783608528114f,0.9973502592835751f,0.011139306350769748f,1.382550315553369f,0.5708670897019419f,-0.029622394117602723f,-0.821529648843845f,0.008533315043152176f,0f,0f,0f,1f], start_interpolation: 0, interpolation_duration: 1 }
$data merge entity $(bone_arm_right) { transformation: [-0.8181709919898511f,0.11298060487813967f,-0.5637655636767048f,-0.34375f,0.07032213753588762f,0.9925310030706204f,0.09685093162581485f,1.8741633280117858f,0.5711394953761223f,0.03971034644363937f,-0.8209143983841125f,0.0282023460160173f,0f,0f,0f,1f], start_interpolation: 0, interpolation_duration: 1 }
$data merge entity $(bone_uppertail) { transformation: [-0.9995468755281369f,-0.01891070590736423f,-0.023418557257530528f,0.0063759572298370815f,0.011907681449168294f,0.4658866584331076f,-0.8844495048657749f,0.44092796588852057f,0.027667683225419737f,-0.8852824709893324f,-0.46603340023165135f,-0.2889437383739545f,0f,0f,0f,1f], start_interpolation: 0, interpolation_duration: 1 }
$data merge entity $(bone_middletail) { transformation: [-0.9995468755281369f,-0.020932721656578064f,-0.02163018229204932f,0.014575148199352909f,0.011907681449168294f,0.3847757022689723f,-0.9226315429827342f,0.7906877395210756f,0.027667683225419737f,-0.9234743060972392f,-0.38484722884629874f,-0.14307326211854407f,0f,0f,0f,1f], start_interpolation: 0, interpolation_duration: 1 }
$data merge entity $(bone_tail) { transformation: [-0.9995468755281369f,-0.018967871727482526f,-0.023372279821806542f,0.021875f,0.011907681449168294f,0.46372415196595634f,-0.8855852392891022f,1.1299158974074694f,0.027667683225419737f,-0.8864185614835463f,-0.4638688580082666f,0.001811519768822073f,0f,0f,0f,1f], start_interpolation: 0, interpolation_duration: 1 }
$data merge entity $(bone_hair) { transformation: [-0.6893654271085455f,0.12155372436685122f,1.22566988778392e-16f,0.12499999999999996f,0.12151952062113214f,0.689171448027286f,0.0024072051557485277f,2.357471044729297f,0.0003015857525834211f,0.0017103777956825744f,-1.0008354152701655f,0.3052377631402994f,0f,0f,0f,1f], start_interpolation: 0, interpolation_duration: 1 }
$data merge entity $(bone_ear_left) { transformation: [-0.38268343236508984f,0.005869381901048212f,-0.9238685004851064f,0.142644375f,-0.0022239675739517094f,1.2996128244982539f,0.005806713870274859f,2.4200481200928357f,0.92465135558054f,0.005658587356042779f,-0.38298643367001867f,0.07561489581267442f,0f,0f,0f,1f], start_interpolation: 0, interpolation_duration: 1 }
$data merge entity $(bone_ear_right) { transformation: [-0.3826834323650896f,-0.005869381901048212f,0.9238685004851064f,-0.142644375f,0.0022239675739517094f,1.2996128244982539f,0.005806713870274859f,2.4200481200928357f,-0.92465135558054f,0.005658587356042777f,-0.38298643367001844f,0.07561489581267439f,0f,0f,0f,1f], start_interpolation: 0, interpolation_duration: 1 }
$data merge entity $(bone_head) { transformation: [-1f,-3.038459154531312e-19f,1.22566988778392e-16f,-2.414816887261063e-18f,0f,0.9997186121124857f,0.0024072051557485277f,1.9998652327782946f,-1.2246467991473532e-16f,0.0024810901858779294f,-1.0008354152701655f,0.019718476289999308f,0f,0f,0f,1f], start_interpolation: 0, interpolation_duration: 1 }
$data merge entity $(bone_body) { transformation: [-1f,5.192353934521003e-18f,1.2245733347236283e-16f,-6.403984274441296e-18f,0f,0.9988210188864568f,-0.04242252080436444f,1.0657683713750001f,-1.2246467991473532e-16f,-0.042398787455584105f,-0.9999400117456102f,0.0522925f,0f,0f,0f,1f], start_interpolation: 0, interpolation_duration: 1 }
$data merge entity $(bone_shoe_right) { transformation: [-0.9063077870366499f,0f,0.4226182617406995f,-0.12771680904332186f,0f,0.9997200000000002f,0f,0.25050733340000003f,-0.4226182617406995f,0f,-0.9063077870366499f,0.06669992510501668f,0f,0f,0f,1f], start_interpolation: 0, interpolation_duration: 1 }
$data merge entity $(bone_lowerleg_right) { transformation: [-0.9537169507482269f,0f,0.3007057995042732f,-0.125f,0f,0.9997200000000002f,0f,0.6872900000000001f,-0.3007057995042732f,0f,-0.9537169507482269f,0.062499999999999986f,0f,0f,0f,1f], start_interpolation: 0, interpolation_duration: 1 }
$data merge entity $(bone_leg_right) { transformation: [-0.9537169507482269f,0f,0.3007057995042732f,-0.125f,0f,0.9997200000000002f,0f,1.0621850000000002f,-0.3007057995042732f,0f,-0.9537169507482269f,0.062499999999999986f,0f,0f,0f,1f], start_interpolation: 0, interpolation_duration: 1 }
$data merge entity $(bone_shoe_left) { transformation: [-0.9537169507482268f,0f,-0.30070579950427295f,0.12714536613376812f,0f,0.9997200000000002f,0f,0.25050733340000003f,0.30070579950427295f,0f,-0.9537169507482268f,0.06701860890293748f,0f,0f,0f,1f], start_interpolation: 0, interpolation_duration: 1 }
$data merge entity $(bone_lowerleg_left) { transformation: [-0.984807753012208f,0f,-0.17364817766693022f,0.12499999999999999f,0f,0.9997200000000002f,0f,0.6872900000000001f,0.17364817766693022f,0f,-0.984807753012208f,0.06250000000000001f,0f,0f,0f,1f], start_interpolation: 0, interpolation_duration: 1 }
$data merge entity $(bone_leg_left) { transformation: [-0.984807753012208f,0f,-0.17364817766693022f,0.12499999999999999f,0f,0.9997200000000002f,0f,1.0621850000000002f,0.17364817766693022f,0f,-0.984807753012208f,0.06250000000000001f,0f,0f,0f,1f], start_interpolation: 0, interpolation_duration: 1 }