# This file was generated by Animated Java via MC-Build. It is not recommended to edit this file directly.
$data merge entity $(bone_hammer) { transformation: [-0.000017049245631307895f,-0.000011903430501902895f,0.000001288155063443238f,0.6459863491404885f,-0.000001444739572259135f,0.000004270239100229799f,0.000020338214908186405f,0.7847629261590843f,-0.000011888036646560095f,0.00001655959639520781f,-0.00000432094876559114f,-0.3491992777356982f,0f,0f,0f,1f], start_interpolation: 0, interpolation_duration: 1 }
$data merge entity $(bone_hand_left) { transformation: [-0.8183637903027787f,0.0618314430452753f,0.5713646640913389f,0.42573166200229834f,-0.06934749946843848f,0.9762343155929473f,-0.20497147681103012f,0.9416025400410502f,-0.5706257590348844f,-0.20740554074837453f,-0.7948606269699748f,0.02226069232228084f,0f,0f,0f,1f], start_interpolation: 0, interpolation_duration: 1 }
$data merge entity $(bone_lowerarm_left) { transformation: [-0.8184221229957137f,-0.06107772042268771f,0.5713621799341961f,0.39872385750289113f,-0.06840083455859736f,0.9975480815998576f,0.008658617556010606f,1.382705832373487f,-0.5706563711887458f,-0.03198572243552581f,-0.8208303424559396f,0.008117005682821771f,0f,0f,0f,1f], start_interpolation: 0, interpolation_duration: 1 }
$data merge entity $(bone_arm_left) { transformation: [-0.8183209782715557f,-0.1109882296588338f,0.5639436048027161f,0.34375f,-0.06902629960595463f,0.9929833184154858f,0.0952644752314776f,1.8745428822761574f,-0.5707261355657536f,0.03905995661353577f,-0.8204756117557029f,0.02746389044296371f,0f,0f,0f,1f], start_interpolation: 0, interpolation_duration: 1 }
$data merge entity $(bone_bread) { transformation: [-0.000008184797185815347f,-6.334886947248972e-7f,-0.000005710322854333626f,-0.43209815007301555f,6.745410804394333e-7f,0.000009763611367419443f,-0.000002049992558470022f,0.6981827526451281f,0.000005706864693842727f,-0.00000206347493764832f,-0.00000795092382678297f,-0.06765524558796643f,0f,0f,0f,1f], start_interpolation: 0, interpolation_duration: 1 }
$data merge entity $(bone_hand_right) { transformation: [-0.8184797185815347f,-0.06334886947248972f,-0.5710322854333626f,-0.4257316620022983f,0.06745410804394332f,0.9763611367419441f,-0.20499925584700218f,0.9416025400410502f,0.5706864693842726f,-0.206347493764832f,-0.795092382678297f,0.022260692322280735f,0f,0f,0f,1f], start_interpolation: 0, interpolation_duration: 1 }
$data merge entity $(bone_lowerarm_right) { transformation: [-0.8184221229957139f,0.061077720422687706f,-0.5713621799341959f,-0.3987238575028911f,0.06840083455859736f,0.9975480815998576f,0.008658617556010606f,1.382705832373487f,0.5706563711887456f,-0.0319857224355258f,-0.8208303424559398f,0.008117005682821674f,0f,0f,0f,1f], start_interpolation: 0, interpolation_duration: 1 }
$data merge entity $(bone_arm_right) { transformation: [-0.8183209782715559f,0.11098822965883377f,-0.5639436048027159f,-0.34375f,0.06902629960595463f,0.9929833184154858f,0.0952644752314776f,1.8745428822761574f,0.5707261355657534f,0.0390599566135358f,-0.8204756117557032f,0.027463890442963625f,0f,0f,0f,1f], start_interpolation: 0, interpolation_duration: 1 }
$data merge entity $(bone_uppertail) { transformation: [-0.9995468755281369f,-0.018910705907364236f,-0.023418557257530524f,0.00634775066116078f,0.011934438245141406f,0.465204987361125f,-0.885041078056809f,0.44126017483797475f,0.027639396889920335f,-0.8851666983578103f,-0.4649195751657055f,-0.28939736660261495f,0f,0f,0f,1f], start_interpolation: 0, interpolation_duration: 1 }
$data merge entity $(bone_middletail) { transformation: [-0.9995468755281369f,-0.02089351987762142f,-0.021668051344375543f,0.014561297837903215f,0.011934438245141406f,0.38571478121851743f,-0.9224627351081311f,0.7909559747650701f,0.027639396889920335f,-0.9225628152391143f,-0.3854194431940434f,-0.14330995695685816f,0f,0f,0f,1f], start_interpolation: 0, interpolation_duration: 1 }
$data merge entity $(bone_tail) { transformation: [-0.9995468755281369f,-0.01892551861774751f,-0.02340658811079369f,0.021875f,0.011934438245141406f,0.46464494486089003f,-0.8853352276560802f,1.1301189501255426f,0.027639396889920335f,-0.8854606673568346f,-0.4643594532449143f,0.0017830955498662135f,0f,0f,0f,1f], start_interpolation: 0, interpolation_duration: 1 }
$data merge entity $(bone_hair) { transformation: [-0.6893654271085455f,0.12155372436685122f,1.224912407903436e-16f,0.12499999999999996f,0.1215449376913222f,0.6893155953953629f,0.000623227241511079f,2.3584513320668083f,0.00007806530287710994f,0.0004427303329503974f,-1.0002168860084946f,0.3035524874521839f,0f,0f,0f,1f], start_interpolation: 0, interpolation_duration: 1 }
$data merge entity $(bone_ear_left) { transformation: [-0.38268343236508984f,0.001519756314381107f,-0.923878792878694f,0.142644375f,-0.0005757868925355545f,1.299904594747097f,0.0015037704505090719f,2.4206318059121217f,0.9240799090554229f,0.001464536982715379f,-0.38276531196215263f,0.07395753875702904f,0f,0f,0f,1f], start_interpolation: 0, interpolation_duration: 1 }
$data merge entity $(bone_ear_right) { transformation: [-0.3826834323650896f,-0.001519756314381107f,0.923878792878694f,-0.142644375f,0.0005757868925355545f,1.299904594747097f,0.0015037704505090719f,2.4206318059121217f,-0.9240799090554229f,0.0014645369827153785f,-0.3827653119621524f,0.07395753875702901f,0f,0f,0f,1f], start_interpolation: 0, interpolation_duration: 1 }
$data merge entity $(bone_head) { transformation: [-1f,-7.865034476812566e-20f,1.224912407903436e-16f,-2.3106804213112447e-18f,0f,0.9999277136461693f,0.000623227241511079f,2.000263230016797f,-1.2246467991473532e-16f,0.0006422288028097925f,-1.0002168860084946f,0.01886813751458813f,0f,0f,0f,1f], start_interpolation: 0, interpolation_duration: 1 }
$data merge entity $(bone_body) { transformation: [-1f,5.303130327233479e-18f,1.2237641547686813e-16f,-6.403984274441296e-18f,0f,0.9989895381980524f,-0.043309623649855404f,1.0660025526328127f,-1.2246467991473532e-16f,-0.043303345347619614f,-0.9992792661694078f,0.0522925f,0f,0f,0f,1f], start_interpolation: 0, interpolation_duration: 1 }
$data merge entity $(bone_shoe_right) { transformation: [-0.9063077870366499f,0f,0.4226182617406995f,-0.12771680904332186f,0f,0.9999275000000002f,0f,0.2505723006125002f,-0.4226182617406995f,0f,-0.9063077870366499f,0.06669992510501668f,0f,0f,0f,1f], start_interpolation: 0, interpolation_duration: 1 }
$data merge entity $(bone_lowerleg_right) { transformation: [-0.9537169507482269f,0f,0.3007057995042732f,-0.125f,0f,0.9999275000000002f,0f,0.6874456250000003f,-0.3007057995042732f,0f,-0.9537169507482269f,0.062499999999999986f,0f,0f,0f,1f], start_interpolation: 0, interpolation_duration: 1 }
$data merge entity $(bone_leg_right) { transformation: [-0.9537169507482269f,0f,0.3007057995042732f,-0.125f,0f,0.9999275000000002f,0f,1.0624184375000003f,-0.3007057995042732f,0f,-0.9537169507482269f,0.062499999999999986f,0f,0f,0f,1f], start_interpolation: 0, interpolation_duration: 1 }
$data merge entity $(bone_shoe_left) { transformation: [-0.9537169507482268f,0f,-0.30070579950427295f,0.12714536613376812f,0f,0.9999275000000002f,0f,0.2505723006125002f,0.30070579950427295f,0f,-0.9537169507482268f,0.06701860890293748f,0f,0f,0f,1f], start_interpolation: 0, interpolation_duration: 1 }
$data merge entity $(bone_lowerleg_left) { transformation: [-0.984807753012208f,0f,-0.17364817766693022f,0.12499999999999999f,0f,0.9999275000000002f,0f,0.6874456250000003f,0.17364817766693022f,0f,-0.984807753012208f,0.06250000000000001f,0f,0f,0f,1f], start_interpolation: 0, interpolation_duration: 1 }
$data merge entity $(bone_leg_left) { transformation: [-0.984807753012208f,0f,-0.17364817766693022f,0.12499999999999999f,0f,0.9999275000000002f,0f,1.0624184375000003f,0.17364817766693022f,0f,-0.984807753012208f,0.06250000000000001f,0f,0f,0f,1f], start_interpolation: 0, interpolation_duration: 1 }