# This file was generated by Animated Java via MC-Build. It is not recommended to edit this file directly.
$data merge entity $(bone_hammer) { transformation: [-0.000017044113595216995f,-0.000011966728086989862f,5.686725095913899e-7f,0.6562628116315887f,-0.0000016596787034913616f,0.0000033368791876072123f,0.000020475358571013654f,0.803933612534584f,-0.000011901839056668639f,0.00001677616938802791f,-0.000003693583619061657f,-0.3587569266263918f,0f,0f,0f,1f], start_interpolation: 0, interpolation_duration: 1 }
$data merge entity $(bone_hand_left) { transformation: [-0.8181174525704157f,0.027296280460386582f,0.5744029481755133f,0.432462485002576f,-0.07966457776758534f,0.9828172114086552f,-0.16017020100514595f,0.9413225551332041f,-0.5712882747200946f,-0.17729201371495934f,-0.8052561306253395f,0.019323758381634262f,0f,0f,0f,1f], start_interpolation: 0, interpolation_duration: 1 }
$data merge entity $(bone_lowerarm_left) { transformation: [-0.8190904247669256f,-0.06589751967722836f,0.5698669958468612f,0.4033234255203016f,-0.06610424875113395f,0.9965699906444392f,0.020226006179974942f,1.381993347871292f,-0.5716264100513446f,-0.02094788161083349f,-0.8240416375750026f,0.01006086698184383f,0f,0f,0f,1f], start_interpolation: 0, interpolation_duration: 1 }
$data merge entity $(bone_arm_left) { transformation: [-0.8175873899532441f,-0.12027442376338494f,0.5631029415460619f,0.34375f,-0.07505389341883484f,0.9908370448231034f,0.10266193535529777f,1.8727673216352354f,-0.5726786105729633f,0.04208727197981769f,-0.8225010987220494f,0.03090721888434728f,0f,0f,0f,1f], start_interpolation: 0, interpolation_duration: 1 }
$data merge entity $(bone_bread) { transformation: [-0.000008199115979034203f,-4.922930239067435e-7f,-0.000005703695709008218f,-0.44174529659825496f,5.253166887382515e-7f,0.000009845873040549664f,-0.000001604957125318486f,0.702598889000085f,0.000005718586079316096f,-0.0000016198540749849017f,-0.000008080709419113715f,-0.08199196446271814f,0f,0f,0f,1f], start_interpolation: 0, interpolation_duration: 1 }
$data merge entity $(bone_hand_right) { transformation: [-0.8199115979034203f,-0.04922930239067435f,-0.5703695709008217f,-0.432462485002576f,0.05253166887382515f,0.9845873040549663f,-0.16049571253184858f,0.9413225551332041f,0.5718586079316096f,-0.16198540749849016f,-0.8080709419113714f,0.019323758381634158f,0f,0f,0f,1f], start_interpolation: 0, interpolation_duration: 1 }
$data merge entity $(bone_lowerarm_right) { transformation: [-0.8190904247669258f,0.06589751967722834f,-0.569866995846861f,-0.4033234255203016f,0.06610424875113395f,0.9965699906444392f,0.020226006179974942f,1.381993347871292f,0.5716264100513444f,-0.02094788161083347f,-0.8240416375750027f,0.010060866981843733f,0f,0f,0f,1f], start_interpolation: 0, interpolation_duration: 1 }
$data merge entity $(bone_arm_right) { transformation: [-0.8175873899532443f,0.12027442376338492f,-0.5631029415460617f,-0.34375f,0.07505389341883484f,0.9908370448231034f,0.10266193535529777f,1.8727673216352354f,0.5726786105729631f,0.042087271979817716f,-0.8225010987220495f,0.030907218884347196f,0f,0f,0f,1f], start_interpolation: 0, interpolation_duration: 1 }
$data merge entity $(bone_uppertail) { transformation: [-0.9995468755281369f,-0.01891070590736423f,-0.023418557257530528f,0.006479722161321446f,0.011809413403130693f,0.4683856598302923f,-0.8822732120507895f,0.4397204143522667f,0.027771103612553603f,-0.8857006543218661f,-0.47010988460935427f,-0.2872669995421092f,0f,0f,0f,1f], start_interpolation: 0, interpolation_duration: 1 }
$data merge entity $(bone_middletail) { transformation: [-0.9995468755281369f,-0.021075717026859273f,-0.021490876523371737f,0.014626102155379465f,0.011809413403130693f,0.38134491783675056f,-0.9232373479648436f,0.7897097708232477f,0.027771103612553603f,-0.9268147548020882f,-0.3827314501772062f,-0.14219864003049537f,0f,0f,0f,1f], start_interpolation: 0, interpolation_duration: 1 }
$data merge entity $(bone_tail) { transformation: [-0.9995468755281369f,-0.01912246425494646f,-0.023245967021342673f,0.021875f,0.011809413403130693f,0.4603592220874573f,-0.8864877515657544f,1.1291720378102723f,0.027771103612553603f,-0.8899307010339587f,-0.46205226980376257f,0.0019159618307526133f,0f,0f,0f,1f], start_interpolation: 0, interpolation_duration: 1 }
$data merge entity $(bone_hair) { transformation: [-0.6893654271085455f,0.12155372436685122f,1.2284099128009764e-16f,0.12499999999999996f,0.12142302065621512f,0.6886241695306584f,0.008944470542742576f,2.353862940508428f,0.0011214192151998697f,0.006359884407333474f,-1.0030728154895299f,0.3114059945092616f,0f,0f,0f,1f], start_interpolation: 0, interpolation_duration: 1 }
$data merge entity $(bone_ear_left) { transformation: [-0.38268343236508995f,0.021799451015047194f,-0.9237273394544874f,0.142644375f,-0.008263613263589984f,1.2983074548605196f,0.021553247618867188f,2.4178916196857f,0.9267184438492471f,0.02104881984922767f,-0.3836286632524835f,0.08168790241205809f,0f,0f,0f,1f], start_interpolation: 0, interpolation_duration: 1 }
$data merge entity $(bone_ear_right) { transformation: [-0.3826834323650897f,-0.021799451015047194f,0.9237273394544874f,-0.142644375f,0.008263613263589984f,1.2983074548605196f,0.021553247618867188f,2.4178916196857f,-0.9267184438492471f,0.021048819849227664f,-0.38362866325248324f,0.08168790241205805f,0f,0f,0f,1f], start_interpolation: 0, interpolation_duration: 1 }
$data merge entity $(bone_head) { transformation: [-1f,-1.1298234254445302e-18f,1.2284099128009764e-16f,-2.7962599987570277e-18f,0f,0.9989247247559306f,0.008944470542742576f,1.998400800086071f,-1.2246467991473532e-16f,0.00922570839389085f,-1.0030728154895299f,0.0228331956667334f,0f,0f,0f,1f], start_interpolation: 0, interpolation_duration: 1 }
$data merge entity $(bone_body) { transformation: [-1f,4.786583057176991e-18f,1.2275289920114494e-16f,-6.403984274441296e-18f,0f,0.9981966678439687f,-0.03916658763792746f,1.0649106472499998f,-1.2246467991473532e-16f,-0.03908541679535354f,-1.0023534890762813f,0.0522925f,0f,0f,0f,1f], start_interpolation: 0, interpolation_duration: 1 }
$data merge entity $(bone_shoe_right) { transformation: [-0.9063077870366499f,0f,0.4226182617406995f,-0.12771680904332186f,0f,0.99896f,0f,0.2502693811999999f,-0.4226182617406995f,0f,-0.9063077870366499f,0.06669992510501668f,0f,0f,0f,1f], start_interpolation: 0, interpolation_duration: 1 }
$data merge entity $(bone_lowerleg_right) { transformation: [-0.9537169507482269f,0f,0.3007057995042732f,-0.125f,0f,0.99896f,0f,0.6867199999999999f,-0.3007057995042732f,0f,-0.9537169507482269f,0.062499999999999986f,0f,0f,0f,1f], start_interpolation: 0, interpolation_duration: 1 }
$data merge entity $(bone_leg_right) { transformation: [-0.9537169507482269f,0f,0.3007057995042732f,-0.125f,0f,0.99896f,0f,1.0613299999999999f,-0.3007057995042732f,0f,-0.9537169507482269f,0.062499999999999986f,0f,0f,0f,1f], start_interpolation: 0, interpolation_duration: 1 }
$data merge entity $(bone_shoe_left) { transformation: [-0.9537169507482268f,0f,-0.30070579950427295f,0.12714536613376812f,0f,0.99896f,0f,0.2502693811999999f,0.30070579950427295f,0f,-0.9537169507482268f,0.06701860890293748f,0f,0f,0f,1f], start_interpolation: 0, interpolation_duration: 1 }
$data merge entity $(bone_lowerleg_left) { transformation: [-0.984807753012208f,0f,-0.17364817766693022f,0.12499999999999999f,0f,0.99896f,0f,0.6867199999999999f,0.17364817766693022f,0f,-0.984807753012208f,0.06250000000000001f,0f,0f,0f,1f], start_interpolation: 0, interpolation_duration: 1 }
$data merge entity $(bone_leg_left) { transformation: [-0.984807753012208f,0f,-0.17364817766693022f,0.12499999999999999f,0f,0.99896f,0f,1.0613299999999999f,0.17364817766693022f,0f,-0.984807753012208f,0.06250000000000001f,0f,0f,0f,1f], start_interpolation: 0, interpolation_duration: 1 }