# This file was generated by Animated Java via MC-Build. It is not recommended to edit this file directly.
$data merge entity $(bone_hammer) { transformation: [-0.000016790013297602457f,-0.0000018798963609294193f,-0.00001218971783579402f,1.0027120044985078f,0.00001187224698035818f,0.0000031167645609038334f,-0.00001683339858991784f,1.9063963675633893f,0.000003342601214845498f,-0.000020512911692927362f,-0.0000014405723773747586f,0.6648664551415049f,0f,0f,0f,1f], start_interpolation: 0, interpolation_duration: 1 }
$data merge entity $(bone_hand_left) { transformation: [-0.8059206382849178f,-0.585106456118113f,0.09023502532461199f,0.95950673226802f,0.5698678550571925f,-0.8080031323160561f,-0.14960469892338416f,1.8994664171533635f,0.1604448583125839f,-0.06914747411398862f,0.9846197612605132f,0.20757000220992572f,0f,0f,0f,1f], start_interpolation: 0, interpolation_duration: 1 }
$data merge entity $(bone_lowerarm_left) { transformation: [-0.7240762406330237f,-0.6646283065073417f,0.18434427558221206f,0.6656164029843048f,0.5889653731518316f,-0.7349001357505802f,-0.33621656666782845f,1.574502763376154f,0.3589336804743618f,-0.13487403257470199f,0.9235667860843453f,0.14793039093079968f,0f,0f,0f,1f], start_interpolation: 0, interpolation_duration: 1 }
$data merge entity $(bone_arm_left) { transformation: [-0.4550487816914457f,-0.7760078798421296f,-0.4367406286390744f,0.28125f,-0.34917121103879245f,0.6066821181049258f,-0.7141542361096964f,1.875f,0.8191520442889916f,-0.17247776086975322f,-0.5470295698977543f,0.06250000000000003f,0f,0f,0f,1f], start_interpolation: 0, interpolation_duration: 1 }
$data merge entity $(bone_bread) { transformation: [0.000009205979363873737f,-7.611450484858409e-7f,-0.000003830222208579602f,-0.45496669585080285f,7.037365428040177e-8f,0.000009838954774244177f,-0.0000017860617288215324f,0.7873437070170277f,0.000003904483512670293f,0.0000016172900684611981f,0.000009063077917227825f,0.11600723176356972f,0f,0f,0f,1f], start_interpolation: 0, interpolation_duration: 1 }
$data merge entity $(bone_hand_right) { transformation: [0.9205979363873735f,-0.07611450484858408f,-0.38302222085796017f,-0.36620159515497475f,0.0070373654280401765f,0.9838954774244175f,-0.17860617288215322f,1.0253364496531407f,0.3904483512670292f,0.1617290068461198f,0.9063077917227824f,0.06249999999999995f,0f,0f,0f,1f], start_interpolation: 0, interpolation_duration: 1 }
$data merge entity $(bone_lowerarm_right) { transformation: [-0.9063077870366498f,-0.42261826174069944f,1.2246467991473532e-16f,-0.5530781077684402f,-0.42261826174069944f,0.9063077870366498f,0f,1.4260944242334093f,-1.1099069304367543e-16f,-5.17558101501966e-17f,-1f,0.06249999999999993f,0f,0f,0f,1f], start_interpolation: 0, interpolation_duration: 1 }
$data merge entity $(bone_arm_right) { transformation: [-0.9063077870366499f,0.42261826174069944f,1.2246467991473532e-16f,-0.34375f,0.42261826174069944f,0.9063077870366499f,0f,1.875f,-1.1099069304367545e-16f,5.175581015019659e-17f,-1f,0.06249999999999996f,0f,0f,0f,1f], start_interpolation: 0, interpolation_duration: 1 }
$data merge entity $(bone_uppertail) { transformation: [-0.01965967627261711f,-0.15099438254407618f,0.9883391085902595f,0.4686338290585621f,-0.5360440469422935f,0.8360341019781865f,0.11706306021651502f,0.8803660533515241f,-0.8439610635962917f,-0.5274918736527232f,-0.09737579968223864f,-0.4831393428873886f,0f,0f,0f,1f], start_interpolation: 0, interpolation_duration: 1 }
$data merge entity $(bone_middletail) { transformation: [-0.6627743953710771f,0.08054528627672078f,0.7444746857342459f,0.18641899516198857f,-0.17063758032861318f,0.9517959084438693f,-0.2548869648473723f,0.977007363640298f,-0.729117903373727f,-0.2959679130042826f,-0.6170819049784154f,-0.24922089737410408f,0f,0f,0f,1f], start_interpolation: 0, interpolation_duration: 1 }
$data merge entity $(bone_tail) { transformation: [-0.7660444431189779f,0.36868782649461246f,0.5265407845183634f,0.021875000000000006f,0f,0.8191520442889918f,-0.5735764363510462f,1.15625f,-0.6427876096865395f,-0.4393850417707051f,-0.627506871597133f,-0.053125f,0f,0f,0f,1f], start_interpolation: 0, interpolation_duration: 1 }
$data merge entity $(bone_hair) { transformation: [-0.6676018655237587f,0.21049405965299112f,1.2246467991473532e-16f,0.17071005285921081f,0.21049405965299112f,0.6676018655237587f,0f,2.3399931391463302f,-8.175764877184729e-17f,2.5778087639356762e-17f,-1f,0.34375f,0f,0f,0f,1f], start_interpolation: 0, interpolation_duration: 1 }
$data merge entity $(bone_ear_left) { transformation: [-0.9426256872575327f,0.3324770339078289f,-0.214587863019586f,0.13380183766012238f,0.25575155403154737f,1.256228562888113f,0.028251080470773723f,2.399200908613444f,0.2145878755491846f,-0.036726280888748096f,-0.9762960234974437f,0.11416500000000002f,0f,0f,0f,1f], start_interpolation: 0, interpolation_duration: 1 }
$data merge entity $(bone_ear_right) { transformation: [-0.782702691901244f,-0.777544044570731f,0.17216260571928713f,-0.08654622209942218f,-0.6101636340757642f,1.0295364797102622f,-0.0226657074441198f,2.3739391086160087f,-0.12278776706986376f,-0.15962423280438942f,-0.9848077492069216f,0.11416499999999999f,0f,0f,0f,1f], start_interpolation: 0, interpolation_duration: 1 }
$data merge entity $(bone_head) { transformation: [-0.9914448613738104f,0.13052619222005157f,1.2246467991473532e-16f,-7.269197238038901e-18f,0.13052619222005157f,0.9914448613738104f,0f,2.00098375f,-1.2141697760125282e-16f,1.5984848350717833e-17f,-1f,0.0593575f,0f,0f,0f,1f], start_interpolation: 0, interpolation_duration: 1 }
$data merge entity $(bone_body) { transformation: [-1f,0f,1.2246467991473532e-16f,-6.403984274441296e-18f,0f,1f,0f,1.066084375f,-1.2246467991473532e-16f,0f,-1f,0.0522925f,0f,0f,0f,1f], start_interpolation: 0, interpolation_duration: 1 }
$data merge entity $(bone_shoe_right) { transformation: [-0.9659258192667993f,-1.6735511004783987e-8f,0.2588190713099834f,-0.22988389788475494f,-9.874270567866716e-9f,0.9999999999999996f,2.780976712454808e-8f,0.25771431373179987f,-0.2588190713099837f,2.4306522558581456e-8f,-0.9659258192667991f,0.039389037458641564f,0f,0f,0f,1f], start_interpolation: 0, interpolation_duration: 1 }
$data merge entity $(bone_lowerleg_right) { transformation: [-0.9576621921647787f,0.12607860256359266f,0.2588190713099834f,-0.17227947596134724f,0.1305261824302567f,0.991444862662661f,2.780976712454808e-8f,0.6907081765015022f,-0.2566048351031873f,0.03378269195059906f,-0.9659258192667991f,0.04983149051852534f,0f,0f,0f,1f], start_interpolation: 0, interpolation_duration: 1 }
$data merge entity $(bone_leg_right) { transformation: [-0.9576621921647787f,0.12607860256359266f,0.2588190713099834f,-0.125f,0.1305261824302567f,0.991444862662661f,2.780976712454808e-8f,1.0625f,-0.2566048351031873f,0.03378269195059906f,-0.9659258192667991f,0.062499999999999986f,0f,0f,0f,1f], start_interpolation: 0, interpolation_duration: 1 }
$data merge entity $(bone_shoe_left) { transformation: [-0.7071068417590126f,-5.089579317024695e-8f,-0.7071067206140754f,0.17938203989500395f,-4.883477129624669e-8f,0.9999999999999986f,-2.314274745451872e-8f,0.2538003009985321f,0.7071067206140756f,1.816699989748427e-8f,-0.7071068417590142f,0.01493804021006924f,0f,0f,0f,1f], start_interpolation: 0, interpolation_duration: 1 }
$data merge entity $(bone_lowerleg_left) { transformation: [-0.7044160823088667f,-0.061628472697576854f,-0.7071067206140754f,0.1481106772615913f,-0.08715579139659829f,0.9961946938355133f,-2.314274745451872e-8f,0.6889269898116825f,0.7044159644774249f,0.06162842953484956f,-0.7071068417590142f,0.03938933892443143f,0f,0f,0f,1f], start_interpolation: 0, interpolation_duration: 1 }
$data merge entity $(bone_leg_left) { transformation: [-0.7044160823088667f,-0.061628472697576854f,-0.7071067206140754f,0.12499999999999999f,-0.08715579139659829f,0.9961946938355133f,-2.314274745451872e-8f,1.0625f,0.7044159644774249f,0.06162842953484956f,-0.7071068417590142f,0.06250000000000001f,0f,0f,0f,1f], start_interpolation: 0, interpolation_duration: 1 }
$data merge entity $(bone_string2) { transformation: [0.013333297837030755f,0.5757992561653188f,0.8174823788732419f,1.0524613245512573f,-0.0766657249371819f,0.8157371301438354f,-0.5733195453885691f,2.3659594715756445f,-0.9969676974649908f,-0.055028638945232286f,0.05502053350513668f,0.20890262189188857f,0f,0f,0f,1f], start_interpolation: 0, interpolation_duration: 1 }
$data merge entity $(bone_string) { transformation: [0.013333297837030755f,0.5757992561653188f,0.8174823788732419f,0.8765880904101757f,-0.0766657249371819f,0.8157371301438354f,-0.5733195453885691f,2.284322361888111f,-0.9969676974649908f,-0.055028638945232286f,0.05502053350513668f,0.21282832379131603f,0f,0f,0f,1f], start_interpolation: 0, interpolation_duration: 1 }
$data merge entity $(bone_flame) { transformation: [-0.5686192682856356f,0.7734150831933159f,0.28018072171972297f,1.2963623043114811f,0.35118728434338203f,0.5362451850441955f,-0.7675340988076276f,2.311581937253814f,-0.743868011847417f,-0.3380387708621496f,-0.5765328874783973f,0.2163460902347803f,0f,0f,0f,1f], start_interpolation: 0, interpolation_duration: 1 }
$data merge entity $(bone_bomb) { transformation: [0.013333297837030755f,0.5757992561653188f,0.8174823788732419f,0.4765625f,-0.0766657249371819f,0.8157371301438354f,-0.5733195453885691f,1.811716875f,-0.9969676974649908f,-0.055028638945232286f,0.05502053350513668f,0.22031250000000005f,0f,0f,0f,1f], start_interpolation: 0, interpolation_duration: 1 }
$data merge entity $(bone_gg) { transformation: [-0.000010833333333333334f,0f,1.3267006990762992e-21f,-1.1481063742006437e-16f,0f,0.000010833333333333334f,0f,1.09375f,-1.3267006990762992e-21f,0f,-0.000010833333333333334f,0.9375f,0f,0f,0f,1f], start_interpolation: 0, interpolation_duration: 1 }