# This file was generated by Animated Java via MC-Build. It is not recommended to edit this file directly.
$data merge entity $(bone_hammer) { transformation: [-0.000018857591977552717f,0.000007858772228234663f,-0.000004081507276809f,0.296345516329302f,-0.0000071169336936753476f,-0.000007735802212360762f,0.000017987061925418524f,1.199584534777669f,0.000005269559505854909f,0.000017675543583543333f,0.00000968683020488603f,-0.8322253708648706f,0f,0f,0f,1f], start_interpolation: 0, interpolation_duration: 1 }
$data merge entity $(bone_hand_left) { transformation: [-0.9051644149225303f,-0.19591234928683188f,-0.3772210669552638f,0.49349877809718645f,-0.3416128172964166f,0.8633789724200891f,0.37131850619331674f,1.0998105671701757f,0.2529388562810356f,0.46496784983452955f,-0.8484260920100797f,-0.4294717087000891f,0f,0f,0f,1f], start_interpolation: 0, interpolation_duration: 1 }
$data merge entity $(bone_lowerarm_left) { transformation: [-0.9051644149225303f,-0.19591234928683188f,-0.3772210669552638f,0.40686878614691546f,-0.3416128172964166f,0.8633789724200891f,0.37131850619331674f,1.4815859565371838f,0.2529388562810356f,0.46496784983452955f,-0.8484260920100797f,-0.2238687376013831f,0f,0f,0f,1f], start_interpolation: 0, interpolation_duration: 1 }
$data merge entity $(bone_arm_left) { transformation: [-0.9051644149225303f,-0.12743224963415112f,-0.40551005377318655f,0.34375f,-0.3416128172964166f,0.7857835238925408f,0.5156015289327853f,1.870794358215208f,0.2529388562810356f,0.6052315881810865f,-0.7547957734718985f,0.07591003341956132f,0f,0f,0f,1f], start_interpolation: 0, interpolation_duration: 1 }
$data merge entity $(bone_bread) { transformation: [-0.0000064709612229318986f,-0.0000030535388514688756f,-0.0000069858830031630096f,-0.5273732825408984f,0.000003512257439190064f,0.000006938755466851975f,-0.0000062863121344780455f,0.7589510616812258f,0.000006766883221407456f,-0.000006521470160462439f,-0.0000034175603014478403f,0.483428368537091f,0f,0f,0f,1f], start_interpolation: 0, interpolation_duration: 1 }
$data merge entity $(bone_hand_right) { transformation: [-0.6470961222931898f,-0.30535388514688755f,-0.6985883003163009f,-0.5472894150205668f,0.3512257439190064f,0.6938755466851975f,-0.6286312134478045f,1.0112668481945262f,0.6766883221407456f,-0.6521470160462438f,-0.341756030144784f,0.42578373267886976f,0f,0f,0f,1f], start_interpolation: 0, interpolation_duration: 1 }
$data merge entity $(bone_lowerarm_right) { transformation: [-0.6470961222931898f,0.11781836547700657f,-0.7532499195283351f,-0.495191606536203f,0.3512257439190064f,0.9229720053131291f,-0.15736312851745765f,1.4193935317939255f,0.6766883221407456f,-0.366389833598843f,-0.6386324486852781f,0.2637707281343814f,0f,0f,0f,1f], start_interpolation: 0, interpolation_duration: 1 }
$data merge entity $(bone_arm_right) { transformation: [-0.7948860147204375f,0.3499011847767866f,-0.4957069542518656f,-0.34375f,0.45199219711461786f,0.886507260924349f,-0.0990349941985602f,1.8030849556627453f,0.4047953524305345f,-0.3027772072336513f,-0.8628248289371544f,0.13272496812856668f,0f,0f,0f,1f], start_interpolation: 0, interpolation_duration: 1 }
$data merge entity $(bone_uppertail) { transformation: [-1f,-5.341834311772731e-18f,1.223481206754078e-16f,0.02187500000000009f,0f,0.9990482215818577f,0.04361938736533616f,0.7826850565194035f,-1.2246467991473532e-16f,0.04361938736533616f,-0.9990482215818577f,-0.7115015480729371f,0f,0f,0f,1f], start_interpolation: 0, interpolation_duration: 1 }
$data merge entity $(bone_middletail) { transformation: [-1f,4.188538737676991e-17f,1.1507915602278505e-16f,0.021875000000000044f,0f,0.9396926207859084f,-0.34202014332566855f,0.9123566865210047f,-1.2246467991473532e-16f,-0.34202014332566855f,-0.9396926207859084f,-0.3552883214099158f,0f,0f,0f,1f], start_interpolation: 0, interpolation_duration: 1 }
$data merge entity $(bone_tail) { transformation: [-1f,7.455177354798983e-17f,9.715776287805223e-17f,0.021875000000000012f,0f,0.7933533402912353f,-0.6087614290087204f,1.1025946330862297f,-1.2246467991473532e-16f,-0.6087614290087204f,-0.7933533402912353f,-0.10736540256890476f,0f,0f,0f,1f], start_interpolation: 0, interpolation_duration: 1 }
$data merge entity $(bone_hair) { transformation: [-0.6893654271085455f,0.1215537243668512f,1.2199866483456202e-16f,0.12499999999999994f,0.1210911757475626f,0.6867421835332848f,0.08715574274765818f,2.266551443824884f,0.01059410513093695f,0.06008215582420191f,-0.9961946980917455f,0.392858621229533f,0f,0f,0f,1f], start_interpolation: 0, interpolation_duration: 1 }
$data merge entity $(bone_ear_left) { transformation: [-0.3535533905932742f,0.49748846207461667f,-0.8535533905932735f,0.142644375f,0.06536792897911306f,1.1964730595521917f,0.3855610719863819f,2.348366881958276f,0.9331275549789435f,0.1046778289249946f,-0.35041299801154424f,0.16955456716522194f,0f,0f,0f,1f], start_interpolation: 0, interpolation_duration: 1 }
$data merge entity $(bone_ear_right) { transformation: [-0.35355339059327395f,-0.49748846207461667f,0.8535533905932735f,-0.142644375f,-0.06536792897911306f,1.1964730595521917f,0.3855610719863819f,2.348366881958276f,-0.9331275549789435f,0.10467782892499448f,-0.350412998011544f,0.1695545671652219f,0f,0f,0f,1f], start_interpolation: 0, interpolation_duration: 1 }
$data merge entity $(bone_head) { transformation: [-1f,-1.0673500138322974e-17f,1.2199866483456202e-16f,-9.590510955207084e-18f,0f,0.9961946980917455f,0.08715574274765818f,1.9343104203017745f,-1.2246467991473532e-16f,0.08715574274765818f,-0.9961946980917455f,0.07831246496446459f,0f,0f,0f,1f], start_interpolation: 0, interpolation_duration: 1 }
$data merge entity $(bone_body) { transformation: [-1f,-1.0673500138322974e-17f,1.2199866483456202e-16f,1.2500582202296609e-18f,0f,0.9961946980917455f,0.08715574274765818f,1.003584375f,-1.2246467991473532e-16f,0.08715574274765818f,-0.9961946980917455f,-0.010207500000000001f,0f,0f,0f,1f], start_interpolation: 0, interpolation_duration: 1 }
$data merge entity $(bone_shoe_right) { transformation: [-1f,-1.127427078775934e-16f,2.725079277752405e-17f,-0.12632812499999996f,0f,0.28890034650743157f,1.0055397087201752f,0.4216886124518904f,-1.2246467991473532e-16f,0.9206140738381816f,-0.22251960970703638f,-0.3906983004613538f,0f,0f,0f,1f], start_interpolation: 0, interpolation_duration: 1 }
$data merge entity $(bone_lowerleg_right) { transformation: [-1f,-9.100953238209955e-17f,9.029043306084034e-17f,-0.12499999999999999f,0f,0.8110050704911366f,0.6755902076156601f,0.7792788165510469f,-1.2246467991473532e-16f,0.7431492283772263f,-0.7372773368101241f,-0.06956820679396859f,0f,0f,0f,1f], start_interpolation: 0, interpolation_duration: 1 }
$data merge entity $(bone_leg_right) { transformation: [-1f,-5.175581015019659e-17f,1.1099069304367545e-16f,-0.125f,0f,0.9063077870366499f,0.42261826174069944f,1.0625f,-1.2246467991473532e-16f,0.42261826174069944f,-0.9063077870366499f,0.062499999999999986f,0f,0f,0f,1f], start_interpolation: 0, interpolation_duration: 1 }
$data merge entity $(bone_shoe_left) { transformation: [-0.9961946983606114f,-0.07814167296921f,0.007596176891206348f,0.19697698475267378f,-0.08418599352884863f,0.8424278676097631f,-0.3416997993948544f,0.2739393181311245f,0.0225575143083465f,-0.3069351182579808f,-0.9397784553766667f,0.23934577738259455f,0f,0f,0f,1f], start_interpolation: 0, interpolation_duration: 1 }
$data merge entity $(bone_lowerleg_left) { transformation: [-0.9961946983606114f,-0.0868240904670853f,-0.0075960695608973125f,0.15768340237793424f,-0.08418599352884863f,0.9811460978914461f,-0.17396854050646504f,0.7016561812211388f,0.0225575143083465f,-0.17266705507117525f,-0.9847219133548701f,0.15918781545825966f,0f,0f,0f,1f], start_interpolation: 0, interpolation_duration: 1 }
$data merge entity $(bone_leg_left) { transformation: [-0.9961946983606114f,-0.08715573967449132f,5.387014669100163e-8f,0.12499999999999999f,-0.08418599352884863f,0.9622501834102963f,-0.25881905459299503f,1.0625f,0.0225575143083465f,-0.25783417455535906f,-0.9659258237461018f,0.06250000000000001f,0f,0f,0f,1f], start_interpolation: 0, interpolation_duration: 1 }
$data merge entity $(bone_string2) { transformation: [-0.00001f,0f,1.2246467991473532e-21f,1.164062734375f,0f,0.00001f,0f,-0.0007752815375f,-1.2246467991473532e-21f,0f,-0.00001f,0.22031097598750013f,0f,0f,0f,1f], start_interpolation: 0, interpolation_duration: 1 }
$data merge entity $(bone_string) { transformation: [-0.00001f,0f,1.2246467991473532e-21f,1.164062734375f,0f,0.00001f,0f,-0.00077696231875f,-1.2246467991473532e-21f,0f,-0.00001f,0.22031194351875014f,0f,0f,0f,1f], start_interpolation: 0, interpolation_duration: 1 }
$data merge entity $(bone_flame) { transformation: [-0.00001f,0f,1.2246467991473532e-21f,1.164062734375f,0f,0.00001f,0f,-0.00077432483125f,-1.2246467991473532e-21f,0f,-0.00001f,0.22030866628750012f,0f,0f,0f,1f], start_interpolation: 0, interpolation_duration: 1 }
$data merge entity $(bone_bomb) { transformation: [-0.00001f,0f,1.2246467991473532e-21f,1.1640625f,0f,0.00001f,0f,-0.000783125f,-1.2246467991473532e-21f,0f,-0.00001f,0.22031250000000013f,0f,0f,0f,1f], start_interpolation: 0, interpolation_duration: 1 }
$data merge entity $(bone_gg) { transformation: [-0.000010833333333333334f,0f,1.3267006990762992e-21f,-1.1481063742006437e-16f,0f,0.000010833333333333334f,0f,1.09375f,-1.3267006990762992e-21f,0f,-0.000010833333333333334f,0.9375f,0f,0f,0f,1f], start_interpolation: 0, interpolation_duration: 1 }