# This file was generated by Animated Java via MC-Build. It is not recommended to edit this file directly.
$data merge entity $(bone_hammer) { transformation: [-0.00001903425191008131f,0.0000070449718647664825f,-0.000004700362052650057f,0.3413304769368363f,-0.000007075150868793287f,-0.000006872482673105846f,0.000018350449582216f,1.158401437512718f,0.000004654811723921563f,0.000018362056832236594f,0.000008671526652345236f,-0.8160101047793782f,0f,0f,0f,1f], start_interpolation: 0, interpolation_duration: 1 }
$data merge entity $(bone_hand_left) { transformation: [-0.9136440916839027f,-0.22561737852720265f,-0.33815864950879115f,0.519287402734123f,-0.33960724170207773f,0.8808215799463679f,0.32987916830908076f,1.0784095958916522f,0.22343096274823496f,0.4162332793125715f,-0.8813787279473562f,-0.4001166046379967f,0f,0f,0f,1f], start_interpolation: 0, interpolation_duration: 1 }
$data merge entity $(bone_lowerarm_left) { transformation: [-0.9136440916839027f,-0.2186396834170471f,-0.34271148589796335f,0.4226076677231475f,-0.33960724170207773f,0.8738759545664759f,0.3478616641914385f,1.4648266195515156f,0.22343096274823496f,0.4342090566372654f,-0.8726632225661701f,-0.20811478740620593f,0f,0f,0f,1f], start_interpolation: 0, interpolation_duration: 1 }
$data merge entity $(bone_arm_left) { transformation: [-0.9087674329448506f,-0.15993711816692435f,-0.3854372465801478f,0.34375f,-0.34862831617701356f,0.7986050684502586f,0.4905998795404848f,1.858582202068293f,0.22934700778167286f,0.5802155314002007f,-0.7815048861930272f,0.07796291680260153f,0f,0f,0f,1f], start_interpolation: 0, interpolation_duration: 1 }
$data merge entity $(bone_bread) { transformation: [-0.000006754739796727013f,-0.000002527649612492017f,-0.000006927082915266806f,-0.556008934222623f,0.000003499224222618316f,0.000007170228335554834f,-0.000006028536759102312f,0.7477894259562031f,0.000006490679480482268f,-0.000006496061349192719f,-0.000003958821393946807f,0.4558283708481773f,0f,0f,0f,1f], start_interpolation: 0, interpolation_duration: 1 }
$data merge entity $(bone_hand_right) { transformation: [-0.6754739796727013f,-0.25276496124920167f,-0.6927082915266806f,-0.5669298567845946f,0.34992242226183157f,0.7170228335554834f,-0.6028536759102312f,1.0018650316766085f,0.6490679480482268f,-0.6496061349192719f,-0.39588213939468064f,0.4037790430119358f,0f,0f,0f,1f], start_interpolation: 0, interpolation_duration: 1 }
$data merge entity $(bone_lowerarm_right) { transformation: [-0.6754739796727013f,0.1442221159629275f,-0.7231423677619082f,-0.5031566398822376f,0.34992242226183157f,0.9259243301101617f,-0.142191537401003f,1.4112971963971956f,0.6490679480482268f,-0.34909041261143836f,-0.6759043442967654f,0.24941562618531543f,0f,0f,0f,1f], start_interpolation: 0, interpolation_duration: 1 }
$data merge entity $(bone_arm_right) { transformation: [-0.8057421674927966f,0.3683041499084189f,-0.46382282466934177f,-0.34375f,0.45220292619631564f,0.8883030536605684f,-0.08018851786134353f,1.7957658618096604f,0.3824814676079085f,-0.27435330874175073f,-0.8822914421657699f,0.13067208474552644f,0f,0f,0f,1f], start_interpolation: 0, interpolation_duration: 1 }
$data merge entity $(bone_uppertail) { transformation: [-0.9319589293303503f,0.13705975334170578f,-0.33565931843960134f,-0.1407398616037499f,0.11967748365070009f,0.9901955844502819f,0.07204168544808648f,0.7811698098570891f,0.3422423906363198f,0.026969029442591996f,-0.9392245831016464f,-0.6923582482854218f,0f,0f,0f,1f], start_interpolation: 0, interpolation_duration: 1 }
$data merge entity $(bone_middletail) { transformation: [-0.9585137009894129f,0.032062477990734625f,-0.28323750196729175f,-0.03336921410060041f,0.12713004249091225f,0.9374393863243272f,-0.3241070028001981f,0.9040508605004517f,0.2551263163843291f,-0.3466689984307256f,-0.9026245998283012f,-0.3501969034136041f,0f,0f,0f,1f], start_interpolation: 0, interpolation_duration: 1 }
$data merge entity $(bone_tail) { transformation: [-0.9840425321199366f,-0.02021389366429143f,-0.17678148512192135f,0.021875000000000012f,0.09226378630218153f,0.7915570594193364f,-0.6040900722744899f,1.0928290080862297f,0.15214364500750194f,-0.6107608535149758f,-0.7770608027030379f,-0.10736540256890476f,0f,0f,0f,1f], start_interpolation: 0, interpolation_duration: 1 }
$data merge entity $(bone_hair) { transformation: [-0.6893654271085455f,0.1215537243668512f,1.2199866483456202e-16f,0.12499999999999994f,0.1210911757475626f,0.6867421835332848f,0.08715574274765818f,2.256785818824884f,0.01059410513093695f,0.06008215582420191f,-0.9961946980917455f,0.392858621229533f,0f,0f,0f,1f], start_interpolation: 0, interpolation_duration: 1 }
$data merge entity $(bone_ear_left) { transformation: [-0.35355339059327406f,0.512547776064054f,-0.8482647715390496f,0.142644375f,0.06536792897911302f,1.1895388807923981f,0.3980543942404093f,2.338601256958276f,0.9331275549789434f,0.11086942019764048f,-0.34928437782372174f,0.16955456716522194f,0f,0f,0f,1f], start_interpolation: 0, interpolation_duration: 1 }
$data merge entity $(bone_ear_right) { transformation: [-0.35355339059327384f,-0.512547776064054f,0.8482647715390496f,-0.142644375f,-0.06536792897911302f,1.1895388807923981f,0.3980543942404093f,2.338601256958276f,-0.9331275549789434f,0.11086942019764034f,-0.3492843778237215f,0.1695545671652219f,0f,0f,0f,1f], start_interpolation: 0, interpolation_duration: 1 }
$data merge entity $(bone_head) { transformation: [-1f,-1.0673500138322974e-17f,1.2199866483456202e-16f,-9.590510955207084e-18f,0f,0.9961946980917455f,0.08715574274765818f,1.9245447953017745f,-1.2246467991473532e-16f,0.08715574274765818f,-0.9961946980917455f,0.07831246496446459f,0f,0f,0f,1f], start_interpolation: 0, interpolation_duration: 1 }
$data merge entity $(bone_body) { transformation: [-1f,-1.0673500138322974e-17f,1.2199866483456202e-16f,1.2500582202296609e-18f,0f,0.9961946980917455f,0.08715574274765818f,0.99381875f,-1.2246467991473532e-16f,0.08715574274765818f,-0.9961946980917455f,-0.010207500000000001f,0f,0f,0f,1f], start_interpolation: 0, interpolation_duration: 1 }
$data merge entity $(bone_shoe_right) { transformation: [-0.9999950279373176f,-0.00021234272788297082f,0.003211039146082386f,-0.1278293340400884f,0.003046252580835463f,0.18507540793473293f,1.023639124536076f,0.4467455592223481f,-0.0008151354837979761f,0.9521461482154425f,-0.11379685644416243f,-0.39699242716375066f,0f,0f,0f,1f], start_interpolation: 0, interpolation_duration: 1 }
$data merge entity $(bone_lowerleg_right) { transformation: [-0.9999950279373176f,0.0016209100870126676f,0.002781649547722068f,-0.12577961741709898f,0.003046252580835463f,0.7453551929002861f,0.7303558073877123f,0.7759130648533659f,-0.0008151354837979761f,0.7969695408653128f,-0.683061239597766f,-0.052085430138136976f,0f,0f,0f,1f], start_interpolation: 0, interpolation_duration: 1 }
$data merge entity $(bone_leg_right) { transformation: [-0.9999950279373176f,0.002466622977803838f,0.0019646556259465433f,-0.125f,0.003046252580835463f,0.9166620585856142f,0.3996515866286506f,1.0625f,-0.0008151354837979761f,0.39965558437318177f,-0.9166650148410125f,0.062499999999999986f,0f,0f,0f,1f], start_interpolation: 0, interpolation_duration: 1 }
$data merge entity $(bone_shoe_left) { transformation: [-0.9981387391207706f,-0.05581972106406233f,-0.00031644818597281917f,0.19392508251834328f,-0.05789192142771697f,0.8616932548474525f,-0.31233338309481723f,0.27531774011522436f,0.019426059628709046f,-0.2807785098912069f,-0.9501700812471245f,0.22216549208349745f,0f,0f,0f,1f], start_interpolation: 0, interpolation_duration: 1 }
$data merge entity $(bone_lowerleg_left) { transformation: [-0.9964645237726055f,-0.0844372470671202f,-0.007520933981036444f,0.1562900161985885f,-0.08115240681697589f,0.9907368513864077f,-0.17159227207407327f,0.7000162170231292f,0.02174257874417395f,-0.17192262330565883f,-0.9851393443145544f,0.14358328318418004f,0f,0f,0f,1f], start_interpolation: 0, interpolation_duration: 1 }
$data merge entity $(bone_leg_left) { transformation: [-0.9964645237726055f,-0.08397052560465432f,-0.0027209726776746845f,0.12499999999999999f,-0.08115240681697589f,0.9703938193042225f,-0.22748653218152512f,1.0625f,0.02174257874417395f,-0.22646144547326838f,-0.9737774252793661f,0.06250000000000001f,0f,0f,0f,1f], start_interpolation: 0, interpolation_duration: 1 }