# This file was generated by Animated Java via MC-Build. It is not recommended to edit this file directly.
$data merge entity $(bone_hammer) { transformation: [-0.000011269198487850278f,-0.000014294889466895805f,0.000010133561977332667f,0.7255396580919484f,-0.000007410919598200097f,0.00001480603177906197f,0.000012644661776583771f,0.6432351779028872f,-0.000015878010389473386f,0.000003235017135103969f,-0.000013093938597119545f,0.4247430415086194f,0f,0f,0f,1f], start_interpolation: 0, interpolation_duration: 1 }
$data merge entity $(bone_hand_left) { transformation: [-0.5409215274168132f,0.4864109749119677f,0.6861546944109986f,0.46801566303417724f,-0.3557241407136046f,0.6069437652760211f,-0.7106895253949743f,1.0183186304075644f,-0.7621444986947223f,-0.6285090526617381f,-0.15528082248499064f,0.4882139896002978f,0f,0f,0f,1f], start_interpolation: 0, interpolation_duration: 1 }
$data merge entity $(bone_lowerarm_left) { transformation: [-0.5409215274168132f,-0.018052915790714538f,0.8408792977642601f,0.46003288933297065f,-0.3557241407136046f,0.9108590594427646f,-0.20927520050070392f,1.421089120754912f,-0.7621444986947223f,-0.41232252674635134f,-0.4991251316522491f,0.30589012230464563f,0f,0f,0f,1f], start_interpolation: 0, interpolation_duration: 1 }
$data merge entity $(bone_arm_left) { transformation: [-0.7541153854619657f,-0.2736067984305191f,0.5970337555466628f,0.34375f,-0.4481784445387722f,0.8788991990324133f,-0.1633165018942942f,1.7946212803436876f,-0.48004798433110596f,-0.3907371466763604f,-0.7854160775963647f,0.13982683496719248f,0f,0f,0f,1f], start_interpolation: 0, interpolation_duration: 1 }
$data merge entity $(bone_bread) { transformation: [-0.000008698775552327702f,7.116054869757728e-7f,0.000004881077905660991f,-0.29335752332420384f,0.0000035054212626020013f,0.000007853642336978193f,0.000005102188139859361f,1.0694749957539127f,-0.0000034703495014081373f,0.0000061493023729305846f,-0.0000070811548962260815f,-0.6757505462415787f,0f,0f,0f,1f], start_interpolation: 0, interpolation_duration: 1 }
$data merge entity $(bone_hand_right) { transformation: [-0.8698775552327701f,0.07116054869757728f,0.4881077905660991f,-0.3931719743194193f,0.3505421262602001f,0.7853642336978192f,0.510218813985936f,1.199404953018331f,-0.3470349501408137f,0.6149302372930584f,-0.7081154896226081f,-0.474409805014697f,0f,0f,0f,1f], start_interpolation: 0, interpolation_duration: 1 }
$data merge entity $(bone_lowerarm_right) { transformation: [-0.8698775552327701f,0.1055615520724693f,0.48184001247956826f,-0.34649397551237426f,0.3505421262602001f,0.819537150101384f,0.45329800056991165f,1.5617940365787868f,-0.3470349501408137f,0.5632189790194868f,-0.7499007434674339f,-0.22536141272951768f,0f,0f,0f,1f], start_interpolation: 0, interpolation_duration: 1 }
$data merge entity $(bone_arm_right) { transformation: [-0.8880952710406573f,0.00633987121992613f,0.45961570424446574f,-0.34375f,0.31652948379182566f,0.7334908232906378f,0.6014983774200084f,1.879258033534266f,-0.33331047905174205f,0.6796697861324551f,-0.6534164876806837f,0.06880816658093555f,0f,0f,0f,1f], start_interpolation: 0, interpolation_duration: 1 }
$data merge entity $(bone_uppertail) { transformation: [-1f,-5.341834311772731e-18f,1.223481206754078e-16f,0.02187500000000009f,0f,0.9990482215818577f,0.04361938736533616f,0.7826850565194035f,-1.2246467991473532e-16f,0.04361938736533616f,-0.9990482215818577f,-0.7115015480729371f,0f,0f,0f,1f], start_interpolation: 0, interpolation_duration: 1 }
$data merge entity $(bone_middletail) { transformation: [-1f,4.188538737676991e-17f,1.1507915602278505e-16f,0.021875000000000044f,0f,0.9396926207859084f,-0.34202014332566855f,0.9123566865210047f,-1.2246467991473532e-16f,-0.34202014332566855f,-0.9396926207859084f,-0.3552883214099158f,0f,0f,0f,1f], start_interpolation: 0, interpolation_duration: 1 }
$data merge entity $(bone_tail) { transformation: [-1f,7.455177354798983e-17f,9.715776287805223e-17f,0.021875000000000012f,0f,0.7933533402912353f,-0.6087614290087204f,1.1025946330862297f,-1.2246467991473532e-16f,-0.6087614290087204f,-0.7933533402912353f,-0.10736540256890476f,0f,0f,0f,1f], start_interpolation: 0, interpolation_duration: 1 }
$data merge entity $(bone_hair) { transformation: [-0.6893654271085455f,0.1215537243668512f,1.2199866483456202e-16f,0.12499999999999994f,0.1210911757475626f,0.6867421835332848f,0.08715574274765818f,2.266551443824884f,0.01059410513093695f,0.06008215582420191f,-0.9961946980917455f,0.392858621229533f,0f,0f,0f,1f], start_interpolation: 0, interpolation_duration: 1 }
$data merge entity $(bone_ear_left) { transformation: [-0.3535533905932742f,0.49748846207461667f,-0.8535533905932735f,0.142644375f,0.06536792897911306f,1.1964730595521917f,0.3855610719863819f,2.348366881958276f,0.9331275549789435f,0.1046778289249946f,-0.35041299801154424f,0.16955456716522194f,0f,0f,0f,1f], start_interpolation: 0, interpolation_duration: 1 }
$data merge entity $(bone_ear_right) { transformation: [-0.35355339059327395f,-0.49748846207461667f,0.8535533905932735f,-0.142644375f,-0.06536792897911306f,1.1964730595521917f,0.3855610719863819f,2.348366881958276f,-0.9331275549789435f,0.10467782892499448f,-0.350412998011544f,0.1695545671652219f,0f,0f,0f,1f], start_interpolation: 0, interpolation_duration: 1 }
$data merge entity $(bone_head) { transformation: [-1f,-1.0673500138322974e-17f,1.2199866483456202e-16f,-9.590510955207084e-18f,0f,0.9961946980917455f,0.08715574274765818f,1.9343104203017745f,-1.2246467991473532e-16f,0.08715574274765818f,-0.9961946980917455f,0.07831246496446459f,0f,0f,0f,1f], start_interpolation: 0, interpolation_duration: 1 }
$data merge entity $(bone_body) { transformation: [-1f,-1.0673500138322974e-17f,1.2199866483456202e-16f,1.2500582202296609e-18f,0f,0.9961946980917455f,0.08715574274765818f,1.003584375f,-1.2246467991473532e-16f,0.08715574274765818f,-0.9961946980917455f,-0.010207500000000001f,0f,0f,0f,1f], start_interpolation: 0, interpolation_duration: 1 }
$data merge entity $(bone_shoe_right) { transformation: [-0.9951849295989902f,0.08147840895312411f,0.054341588156369726f,-0.1997170906517286f,0.09467302919371294f,0.9411048369396652f,0.3173625232883923f,0.3125746824058861f,-0.02537663181628486f,0.31569047784110715f,-0.9471019765514481f,0.14255381206997786f,0f,0f,0f,1f], start_interpolation: 0, interpolation_duration: 1 }
$data merge entity $(bone_lowerleg_right) { transformation: [-0.9951849295989902f,0.09045819913942077f,0.04044752654664959f,-0.15867866297532507f,0.09467302919371294f,0.9953913450736052f,0.16084396569483922f,0.748116070432935f,-0.02537663181628486f,0.1660613338923263f,-0.9861507066852487f,0.21038483071034608f,0f,0f,0f,1f], start_interpolation: 0, interpolation_duration: 1 }
$data merge entity $(bone_leg_right) { transformation: [-0.9951849295989902f,0.09764172149591596f,-0.008546936431662823f,-0.125f,0.09467302919371294f,0.93501359780551f,-0.34174052944022076f,1.0625f,-0.02537663181628486f,-0.3409041890943994f,-0.9397554790558822f,0.062499999999999986f,0f,0f,0f,1f], start_interpolation: 0, interpolation_duration: 1 }
$data merge entity $(bone_shoe_left) { transformation: [-0.9999404957268585f,-0.0020524110422613876f,0.010798096782033056f,0.12177596892700113f,0.010538170145372311f,0.06287401516754354f,1.027117954310364f,0.49734600414111485f,-0.0028199247351052463f,0.9627441295844014f,0.009393694954642706f,-0.43528801535009465f,0f,0f,0f,1f], start_interpolation: 0, interpolation_duration: 1 }
$data merge entity $(bone_lowerleg_left) { transformation: [-0.9999404957268585f,0.004240266158692017f,0.01018224026147026f,0.12234962029583815f,0.010538170145372311f,0.6367877112909377f,0.8088388779002387f,0.7794763606385802f,-0.0028199247351052463f,0.8761096963240751f,-0.5879421668670657f,-0.0553504047898799f,0f,0f,0f,1f], start_interpolation: 0, interpolation_duration: 1 }
$data merge entity $(bone_leg_left) { transformation: [-0.9999404957268585f,0.008263677746253613f,0.007121561319721082f,0.12499999999999999f,0.010538170145372311f,0.9004757967086552f,0.4347784338164668f,1.0625f,-0.0028199247351052463f,0.43482761086667293f,-0.9005092985930071f,0.06250000000000001f,0f,0f,0f,1f], start_interpolation: 0, interpolation_duration: 1 }