# This file was generated by Animated Java via MC-Build. It is not recommended to edit this file directly.
$data merge entity $(bone_hammer) { transformation: [-0.000011844141673195687f,-0.00001445885593058099f,0.000009202476350512948f,0.7516552695788259f,-0.000007387399701447887f,0.000014400498356170426f,0.0000131179171564223f,0.6422213676126798f,-0.000015465135351948747f,0.000004194628714250375f,-0.000013313994752637893f,0.39150100781110797f,0f,0f,0f,1f], start_interpolation: 0, interpolation_duration: 1 }
$data merge entity $(bone_hand_left) { transformation: [-0.5685188003133929f,0.44171886482462125f,0.6940250846678875f,0.4889446311535474f,-0.3545951856694985f,0.6296600235082704f,-0.6912239210961801f,1.009856253719607f,-0.7423264968935397f,-0.6390717481266187f,-0.20134217828401807f,0.4743410742061154f,0f,0f,0f,1f], start_interpolation: 0, interpolation_duration: 1 }
$data merge entity $(bone_lowerarm_left) { transformation: [-0.5685188003133929f,-0.04408432858142777f,0.8214882504721204f,0.4694510921089473f,-0.3545951856694985f,0.914172709000587f,-0.19634284407266295f,1.414091998480804f,-0.7423264968935397f,-0.40292037686378296f,-0.5353564624787048f,0.29617472006166135f,0f,0f,0f,1f], start_interpolation: 0, interpolation_duration: 1 }
$data merge entity $(bone_arm_left) { transformation: [-0.7647590019586115f,-0.294414268800462f,0.5731177080233675f,0.34375f,-0.449588170509354f,0.8809988232142533f,-0.14734839813568723f,1.790237199173452f,-0.46153455543579897f,-0.3703529557351882f,-0.8061169532498924f,0.13805136825753603f,0f,0f,0f,1f], start_interpolation: 0, interpolation_duration: 1 }
$data merge entity $(bone_bread) { transformation: [-0.000008794507205490985f,0.000001052049816841002f,0.000004642179896929023f,-0.32746009558516903f,0.0000034802644953107916f,0.000008074534690562684f,0.000004763365257208281f,1.040430547430954f,-0.000003247214507119334f,0.000005804746395303124f,-0.000007467296514199043f,-0.6551221029504702f,0f,0f,0f,1f], start_interpolation: 0, interpolation_duration: 1 }
$data merge entity $(bone_hand_right) { transformation: [-0.8794507205490985f,0.10520498168410018f,0.4642179896929023f,-0.41743942458770356f,0.34802644953107914f,0.8074534690562684f,0.476336525720828f,1.1792705811676016f,-0.32472145071193337f,0.5804746395303123f,-0.7467296514199042f,-0.4550971597952222f,0f,0f,0f,1f], start_interpolation: 0, interpolation_duration: 1 }
$data merge entity $(bone_lowerarm_right) { transformation: [-0.8794507205490985f,0.1297308133571198f,0.4579698092575225f,-0.36007408055635215f,0.34802644953107914f,0.8316307263654781f,0.43274464224484455f,1.5470072929823364f,-0.32472145071193337f,0.5399631941443115f,-0.7765279959003475f,-0.21633218488453448f,0f,0f,0f,1f], start_interpolation: 0, interpolation_duration: 1 }
$data merge entity $(bone_arm_right) { transformation: [-0.893030881252496f,0.037716287206012146f,0.44841200564746714f,-0.34375f,0.32290173952265594f,0.7477483245566268f,0.5801783430428962f,1.8706421147045016f,-0.313417152917056f,0.6629101936176206f,-0.6799409999810392f,0.07058363329059197f,0f,0f,0f,1f], start_interpolation: 0, interpolation_duration: 1 }
$data merge entity $(bone_uppertail) { transformation: [-0.9565013679860593f,-0.09583759431396964f,0.27553636521684055f,0.1331241114342238f,-0.08182513714241824f,0.9947203234042974f,0.0619364604903655f,0.780243647581008f,-0.2800174636918591f,0.036696508315657794f,-0.9592932743978858f,-0.7020531094834013f,0f,0f,0f,1f], start_interpolation: 0, interpolation_duration: 1 }
$data merge entity $(bone_middletail) { transformation: [-0.9775234632900007f,-0.017883460401344052f,0.21006680023648694f,0.053491379725030756f,-0.08851969708419555f,0.9391284646575669f,-0.3319668509023803f,0.9061042519936486f,-0.1913429955489482f,-0.34310043531595014f,-0.9196031477438302f,-0.3534554463036696f,0f,0f,0f,1f], start_interpolation: 0, interpolation_duration: 1 }
$data merge entity $(bone_tail) { transformation: [-0.9948074034104769f,0.011062212187041147f,0.10117241512009839f,0.021875000000000012f,-0.05302168059502339f,0.7921881907299477f,-0.6079692194962597f,1.0960946330862298f,-0.08687307699502737f,-0.6101766120800933f,-0.7874881399512474f,-0.10736540256890476f,0f,0f,0f,1f], start_interpolation: 0, interpolation_duration: 1 }
$data merge entity $(bone_hair) { transformation: [-0.6893654271085455f,0.1215537243668512f,1.2199866483456202e-16f,0.12499999999999994f,0.1210911757475626f,0.6867421835332848f,0.08715574274765818f,2.260051443824884f,0.01059410513093695f,0.06008215582420191f,-0.9961946980917455f,0.392858621229533f,0f,0f,0f,1f], start_interpolation: 0, interpolation_duration: 1 }
$data merge entity $(bone_ear_left) { transformation: [-0.35355339059327406f,0.5125477760640541f,-0.8482647715390496f,0.142644375f,0.06536792897911299f,1.1895388807923981f,0.3980543942404093f,2.341866881958276f,0.9331275549789434f,0.11086942019764048f,-0.34928437782372174f,0.16955456716522194f,0f,0f,0f,1f], start_interpolation: 0, interpolation_duration: 1 }
$data merge entity $(bone_ear_right) { transformation: [-0.35355339059327384f,-0.5125477760640541f,0.8482647715390496f,-0.142644375f,-0.06536792897911299f,1.1895388807923981f,0.3980543942404093f,2.341866881958276f,-0.9331275549789434f,0.11086942019764034f,-0.3492843778237215f,0.1695545671652219f,0f,0f,0f,1f], start_interpolation: 0, interpolation_duration: 1 }
$data merge entity $(bone_head) { transformation: [-1f,-1.0673500138322974e-17f,1.2199866483456202e-16f,-9.590510955207084e-18f,0f,0.9961946980917455f,0.08715574274765818f,1.9278104203017745f,-1.2246467991473532e-16f,0.08715574274765818f,-0.9961946980917455f,0.07831246496446459f,0f,0f,0f,1f], start_interpolation: 0, interpolation_duration: 1 }
$data merge entity $(bone_body) { transformation: [-1f,-1.0673500138322974e-17f,1.2199866483456202e-16f,1.2500582202296609e-18f,0f,0.9961946980917455f,0.08715574274765818f,0.997084375f,-1.2246467991473532e-16f,0.08715574274765818f,-0.9961946980917455f,-0.010207500000000001f,0f,0f,0f,1f], start_interpolation: 0, interpolation_duration: 1 }
$data merge entity $(bone_shoe_right) { transformation: [-0.9954484678921215f,0.09494901157320529f,0.0007980448144195573f,-0.20304073338436546f,0.0920524121256611f,0.9620927696682007f,-0.2510008049911757f,0.27783361489551006f,-0.024671870481897326f,-0.24132292548192283f,-0.9687000444607416f,0.22977430621366987f,0f,0f,0f,1f], start_interpolation: 0, interpolation_duration: 1 }
$data merge entity $(bone_lowerleg_right) { transformation: [-0.9954484678921215f,0.0957655468575497f,0.017696405675325804f,-0.1597928662217792f,0.0920524121256611f,1.0153565182116837f,-0.07583814779385845f,0.7209599679071954f,-0.024671870481897326f,-0.07553745179832291f,-0.9969630948863509f,0.19199652863861794f,0f,0f,0f,1f], start_interpolation: 0, interpolation_duration: 1 }
$data merge entity $(bone_leg_right) { transformation: [-0.9954484678921215f,0.09509710640986818f,-0.00623603429258404f,-0.125f,0.0920524121256611f,0.942511768701576f,-0.3212443295699931f,1.0625f,-0.024671870481897326f,-0.32035621768821204f,-0.9469758141554764f,0.062499999999999986f,0f,0f,0f,1f], start_interpolation: 0, interpolation_duration: 1 }
$data merge entity $(bone_shoe_left) { transformation: [-0.9999665286649072f,-0.002369099498161889f,0.007820902514535873f,0.12304274368971337f,0.007903705361590437f,-0.04173424417115351f,1.0179496553238518f,0.5181907097416713f,-0.0021149447776440703f,0.9641693974122397f,0.10635427104425205f,-0.4182427920676085f,0f,0f,0f,1f], start_interpolation: 0, interpolation_duration: 1 }
$data merge entity $(bone_lowerleg_left) { transformation: [-0.9999665286649072f,0.0025591183511447604f,0.007821580191399653f,0.12287047431751019f,0.007903705361590437f,0.5655382029846108f,0.8475987758659879f,0.7693752205219597f,-0.0021149447776440703f,0.9034820451460399f,-0.5305800015396248f,-0.026068500101535594f,0f,0f,0f,1f], start_interpolation: 0, interpolation_duration: 1 }
$data merge entity $(bone_leg_left) { transformation: [-0.9999665286649072f,0.006515198899552446f,0.004949114380835013f,0.12499999999999999f,0.007903705361590437f,0.925577502191164f,0.37847565163313096f,1.0625f,-0.0021149447776440703f,0.3785020998896376f,-0.9255980160889079f,0.06250000000000001f,0f,0f,0f,1f], start_interpolation: 0, interpolation_duration: 1 }