# This file was generated by Animated Java via MC-Build. It is not recommended to edit this file directly.
$data merge entity $(bone_hammer) { transformation: [-0.000013481169214441455f,-0.000014553922923256273f,0.0000063615392738935f,0.8172510355822495f,-0.000007317202998312634f,0.000013096483613495932f,0.000014455740555941612f,0.6461240138166071f,-0.000014097673377932206f,0.000007119917294682995f,-0.00001358639616763008f,0.28292546633142324f,0f,0f,0f,1f], start_interpolation: 0, interpolation_duration: 1 }
$data merge entity $(bone_hand_left) { transformation: [-0.6470961222931897f,0.30535388514688777f,0.698588300316301f,0.5472894150205667f,-0.3512257439190064f,0.6938755466851975f,-0.6286312134478045f,0.9892668481945261f,-0.6766883221407458f,-0.6521470160462437f,-0.34175603014478384f,0.4257837326788698f,0f,0f,0f,1f], start_interpolation: 0, interpolation_duration: 1 }
$data merge entity $(bone_lowerarm_left) { transformation: [-0.6470961222931897f,-0.11781836547700643f,0.7532499195283353f,0.4951916065362029f,-0.3512257439190064f,0.9229720053131291f,-0.15736312851745765f,1.3973935317939254f,-0.6766883221407458f,-0.3663898335988429f,-0.6386324486852779f,0.2637707281343815f,0f,0f,0f,1f], start_interpolation: 0, interpolation_duration: 1 }
$data merge entity $(bone_arm_left) { transformation: [-0.7948860147204375f,-0.3499011847767865f,0.49570695425186584f,0.34375f,-0.45199219711461786f,0.886507260924349f,-0.0990349941985602f,1.7810849556627453f,-0.4047953524305347f,-0.30277720723365137f,-0.8628248289371543f,0.13272496812856677f,0f,0f,0f,1f], start_interpolation: 0, interpolation_duration: 1 }
$data merge entity $(bone_bread) { transformation: [-0.000009051644149225303f,0.0000019591234928683186f,0.0000037722106695526404f,-0.42466467959948023f,0.0000034161281729641665f,0.000008633789724200891f,0.000003713185061933168f,0.9631218993897035f,-0.0000025293885628103582f,0.000004649678498345296f,-0.000008484260920100796f,-0.5836010345737698f,0f,0f,0f,1f], start_interpolation: 0, interpolation_duration: 1 }
$data merge entity $(bone_hand_right) { transformation: [-0.9051644149225303f,0.19591234928683182f,0.37722106695526403f,-0.48553426249505194f,0.3416128172964166f,0.8633789724200891f,0.37131850619331674f,1.1269220374134594f,-0.2529388562810358f,0.46496784983452955f,-0.8484260920100796f,-0.39164473443877124f,0f,0f,0f,1f], start_interpolation: 0, interpolation_duration: 1 }
$data merge entity $(bone_lowerarm_right) { transformation: [-0.9051644149225303f,0.19591234928683182f,0.37722106695526403f,-0.398904270544781f,0.3416128172964166f,0.8633789724200891f,0.37131850619331674f,1.5086974267804676f,-0.2529388562810358f,0.46496784983452955f,-0.8484260920100796f,-0.18604176334006525f,0f,0f,0f,1f], start_interpolation: 0, interpolation_duration: 1 }
$data merge entity $(bone_arm_right) { transformation: [-0.9051644149225303f,0.127432249634151f,0.4055100537731868f,-0.34375f,0.3416128172964166f,0.7857835238925408f,0.5156015289327853f,1.848794358215208f,-0.2529388562810358f,0.6052315881810865f,-0.7547957734718984f,0.07591003341956123f,0f,0f,0f,1f], start_interpolation: 0, interpolation_duration: 1 }
$data merge entity $(bone_uppertail) { transformation: [-0.8067182750291093f,-0.2021455950088594f,0.5552862173263197f,0.25448617384454997f,-0.1611611005390007f,0.9793119863792135f,0.1223729259561036f,0.7807564106598236f,-0.5685355964292091f,0.009229937839124513f,-0.8226068829279083f,-0.6700876132957405f,0f,0f,0f,1f], start_interpolation: 0, interpolation_duration: 1 }
$data merge entity $(bone_middletail) { transformation: [-0.898733915561928f,-0.03840421724864968f,0.4368094150956958f,0.08889917067659556f,-0.18378503223970205f,0.9374292823286268f,-0.2957184514998818f,0.8928758935948082f,-0.3981211008517095f,-0.34605123425636664f,-0.8495576097747982f,-0.34804295737796137f,0f,0f,0f,1f], start_interpolation: 0, interpolation_duration: 1 }
$data merge entity $(bone_tail) { transformation: [-0.9764062627245647f,0.025105339954319135f,0.21447734616510578f,0.021875000000000012f,-0.11159488971162689f,0.7916477316270596f,-0.6006999663725485f,1.0805946330862297f,-0.1848712814433285f,-0.6104617849755292f,-0.7701681753889812f,-0.10736540256890476f,0f,0f,0f,1f], start_interpolation: 0, interpolation_duration: 1 }
$data merge entity $(bone_hair) { transformation: [-0.6893654271085455f,0.1215537243668512f,1.2199866483456202e-16f,0.12499999999999994f,0.1210911757475626f,0.6867421835332848f,0.08715574274765818f,2.2445514438248844f,0.01059410513093695f,0.06008215582420191f,-0.9961946980917455f,0.392858621229533f,0f,0f,0f,1f], start_interpolation: 0, interpolation_duration: 1 }
$data merge entity $(bone_ear_left) { transformation: [-0.35355339059327384f,0.5480699589017165f,-0.8350209295288149f,0.142644375f,0.06536792897911302f,1.1721163698895767f,0.4275441792888211f,2.326366881958276f,0.9331275549789437f,0.12554893701800948f,-0.3463322422257019f,0.16955456716522194f,0f,0f,0f,1f], start_interpolation: 0, interpolation_duration: 1 }
$data merge entity $(bone_ear_right) { transformation: [-0.3535533905932736f,-0.5480699589017165f,0.8350209295288149f,-0.142644375f,-0.06536792897911302f,1.1721163698895767f,0.4275441792888211f,2.326366881958276f,-0.9331275549789437f,0.12554893701800934f,-0.3463322422257017f,0.1695545671652219f,0f,0f,0f,1f], start_interpolation: 0, interpolation_duration: 1 }
$data merge entity $(bone_head) { transformation: [-1f,-1.0673500138322974e-17f,1.2199866483456202e-16f,-9.590510955207084e-18f,0f,0.9961946980917455f,0.08715574274765818f,1.9123104203017744f,-1.2246467991473532e-16f,0.08715574274765818f,-0.9961946980917455f,0.07831246496446459f,0f,0f,0f,1f], start_interpolation: 0, interpolation_duration: 1 }
$data merge entity $(bone_body) { transformation: [-1f,-1.0673500138322974e-17f,1.2199866483456202e-16f,1.2500582202296609e-18f,0f,0.9961946980917455f,0.08715574274765818f,0.981584375f,-1.2246467991473532e-16f,0.08715574274765818f,-0.9961946980917455f,-0.010207500000000001f,0f,0f,0f,1f], start_interpolation: 0, interpolation_duration: 1 }
$data merge entity $(bone_shoe_right) { transformation: [-0.9979911771729494f,0.06497525994089123f,0.00256630382615878f,-0.1980545344216579f,0.06038528861931764f,0.9598733338924674f,-0.2749645809188046f,0.26176258645077655f,-0.02008951401987013f,-0.2674532082382255f,-0.9618043829590736f,0.24148870024001207f,0f,0f,0f,1f], start_interpolation: 0, interpolation_duration: 1 }
$data merge entity $(bone_lowerleg_right) { transformation: [-0.9961946983606114f,0.08971822681598816f,0.007596069560897553f,-0.15768340237793427f,0.08418599352884863f,1.013850967821161f,-0.17396854050646504f,0.7016561812211388f,-0.02255751430834674f,-0.17842262357354777f,-0.9847219133548701f,0.15918781545825963f,0f,0f,0f,1f], start_interpolation: 0, interpolation_duration: 1 }
$data merge entity $(bone_leg_right) { transformation: [-0.9961946983606114f,0.08715573967449138f,-5.3870146454418034e-8f,-0.125f,0.08418599352884863f,0.9622501834102963f,-0.25881905459299503f,1.0625f,-0.02255751430834674f,-0.25783417455535906f,-0.9659258237461018f,0.062499999999999986f,0f,0f,0f,1f], start_interpolation: 0, interpolation_duration: 1 }
$data merge entity $(bone_shoe_left) { transformation: [-1f,-1.1709869312461075e-16f,-2.1875212573650072e-17f,0.12632812500000004f,0f,-0.12733621272542717f,1.0021226823723235f,0.5315471634181348f,-1.2246467991473532e-16f,0.9561833926821954f,0.17862466622115392f,-0.3862646980158825f,0f,0f,0f,1f], start_interpolation: 0, interpolation_duration: 1 }
$data merge entity $(bone_lowerleg_left) { transformation: [-1f,-1.1176399638580887e-16f,5.990543528634028e-17f,0.12499999999999999f,0f,0.5118405798779128f,0.8721912643966051f,0.7593790143422469f,-1.2246467991473532e-16f,0.9126222880231534f,-0.4891650011092896f,0.010105544515023768f,0f,0f,0f,1f], start_interpolation: 0, interpolation_duration: 1 }
$data merge entity $(bone_leg_left) { transformation: [-1f,-3.6825839484795376e-17f,1.16796641102639e-16f,0.12499999999999999f,0f,0.9537169507482269f,0.30070579950427306f,1.0625f,-1.2246467991473532e-16f,0.30070579950427306f,-0.9537169507482269f,0.06250000000000001f,0f,0f,0f,1f], start_interpolation: 0, interpolation_duration: 1 }