# This file was generated by Animated Java via MC-Build. It is not recommended to edit this file directly.
$data merge entity $(bone_hammer) { transformation: [-0.000014920052579543437f,-0.00001408001700382608f,0.0000036294531231861376f,0.8612553502227932f,-0.000007248750928933763f,0.00001171061559046943f,0.000015631534481307784f,0.6506009889463202f,-0.0000126045792778545f,0.00000993188710376838f,-0.000013285705760856599f,0.1674906079924803f,0f,0f,0f,1f], start_interpolation: 0, interpolation_duration: 1 }
$data merge entity $(bone_hand_left) { transformation: [-0.7161625238180849f,0.17421374991293442f,0.6758408161836518f,0.596340247021403f,-0.34794004458882055f,0.7503136551027736f,-0.5621095483425324f,0.9669889333779784f,-0.6050198053370159f,-0.6377138765211166f,-0.4767305809808823f,0.369365376943696f,0f,0f,0f,1f], start_interpolation: 0, interpolation_duration: 1 }
$data merge entity $(bone_lowerarm_left) { transformation: [-0.7161625238180849f,-0.1817406008251634f,0.6738557660881294f,0.5159768250940261f,-0.34794004458882055f,0.9299364603609688f,-0.11897859077515541f,1.3781952119438443f,-0.6050198053370159f,-0.319669413148992f,-0.7292204751972743f,0.22801155831687608f,0f,0f,0f,1f], start_interpolation: 0, interpolation_duration: 1 }
$data merge entity $(bone_arm_left) { transformation: [-0.8213354015947255f,-0.3927736285655359f,0.4136871218574412f,0.34375f,-0.4517844572845352f,0.8906479708371896f,-0.051351691303349004f,1.7687343447617483f,-0.3482800055176136f,-0.22907437383316998f,-0.9089697294242489f,0.1275650180036278f,0f,0f,0f,1f], start_interpolation: 0, interpolation_duration: 1 }
$data merge entity $(bone_bread) { transformation: [-0.000009246984785311838f,0.0000026428788110529235f,0.0000027401576542781063f,-0.509403494934885f,0.0000033706859399956814f,0.000009029494685613647f,0.0000026658398332214787f,0.8929677986620637f,-0.0000017696747368165813f,0.0000033887191256524f,-0.00000924039144264521f,-0.5017548272082593f,0f,0f,0f,1f], start_interpolation: 0, interpolation_duration: 1 }
$data merge entity $(bone_hand_right) { transformation: [-0.9246984785311837f,0.26428788110529233f,0.2740157654278106f,-0.5436361465297777f,0.3370685939995681f,0.9029494685613647f,0.26658398332214783f,1.0782317841195668f,-0.1769674736816581f,0.33887191256523996f,-0.9240391442645208f,-0.3231821704066516f,0f,0f,0f,1f], start_interpolation: 0, interpolation_duration: 1 }
$data merge entity $(bone_lowerarm_right) { transformation: [-0.9246984785311837f,0.2498272548674993f,0.2872613209735756f,-0.4331656572680553f,0.3370685939995681f,0.8880242398711444f,0.3127262578365146f,1.4709050026875883f,-0.1769674736816581f,0.3860042643891973f,-0.9053635850486181f,-0.1524959097470534f,0f,0f,0f,1f], start_interpolation: 0, interpolation_duration: 1 }
$data merge entity $(bone_arm_right) { transformation: [-0.913083593947233f,0.20659213231608434f,0.3515651309921079f,-0.34375f,0.35899836785185835f,0.8161501029397643f,0.4527904386701577f,1.824144969116205f,-0.1933869756320375f,0.5396468292656833f,-0.8193795075051538f,0.08106998354450018f,0f,0f,0f,1f], start_interpolation: 0, interpolation_duration: 1 }
$data merge entity $(bone_uppertail) { transformation: [-0.5844346326607253f,-0.2927177541821391f,0.7568041203199731f,0.35854709751914615f,-0.2089586835738077f,0.955503571508694f,0.20820469109323933f,0.7880892005249389f,-0.7840742494852285f,-0.03645876054797775f,-0.6195952953932756f,-0.621549210242061f,0f,0f,0f,1f], start_interpolation: 0, interpolation_duration: 1 }
$data merge entity $(bone_middletail) { transformation: [-0.7774711681226646f,-0.05681210448961981f,0.6263473217963338f,0.12110947110391523f,-0.26154546816149943f,0.9349148689036422f,-0.23985027827181588f,0.8790300578006517f,-0.571955025174324f,-0.35029497953345806f,-0.7417283036877401f,-0.34038070468496134f,0f,0f,0f,1f], start_interpolation: 0, interpolation_duration: 1 }
$data merge entity $(bone_tail) { transformation: [-0.9474160871827253f,0.03955451849499916f,0.3175503075325287f,0.021875000000000012f,-0.16320474402512816f,0.7938480906249785f,-0.5858066409138499f,1.0620946330862298f,-0.27525800492459285f,-0.6068283522362025f,-0.745648966771381f,-0.10736540256890476f,0f,0f,0f,1f], start_interpolation: 0, interpolation_duration: 1 }
$data merge entity $(bone_hair) { transformation: [-0.6893654271085455f,0.1215537243668512f,1.2199866483456202e-16f,0.12499999999999994f,0.1210911757475626f,0.6867421835332848f,0.08715574274765818f,2.2260514438248844f,0.01059410513093695f,0.06008215582420191f,-0.9961946980917455f,0.392858621229533f,0f,0f,0f,1f], start_interpolation: 0, interpolation_duration: 1 }
$data merge entity $(bone_ear_left) { transformation: [-0.35355339059327406f,0.5897082579661553f,-0.8180631514831297f,0.142644375f,0.06536792897911295f,1.1497065458645632f,0.4621493045083317f,2.307866881958276f,0.9331275549789436f,0.14289516745746522f,-0.34233127307909694f,0.16955456716522194f,0f,0f,0f,1f], start_interpolation: 0, interpolation_duration: 1 }
$data merge entity $(bone_ear_right) { transformation: [-0.35355339059327384f,-0.5897082579661553f,0.8180631514831297f,-0.142644375f,-0.06536792897911295f,1.1497065458645632f,0.4621493045083317f,2.307866881958276f,-0.9331275549789436f,0.14289516745746508f,-0.3423312730790967f,0.1695545671652219f,0f,0f,0f,1f], start_interpolation: 0, interpolation_duration: 1 }
$data merge entity $(bone_head) { transformation: [-1f,-1.0673500138322974e-17f,1.2199866483456202e-16f,-9.590510955207084e-18f,0f,0.9961946980917455f,0.08715574274765818f,1.8938104203017745f,-1.2246467991473532e-16f,0.08715574274765818f,-0.9961946980917455f,0.07831246496446459f,0f,0f,0f,1f], start_interpolation: 0, interpolation_duration: 1 }
$data merge entity $(bone_body) { transformation: [-1f,-1.0673500138322974e-17f,1.2199866483456202e-16f,1.2500582202296609e-18f,0f,0.9961946980917455f,0.08715574274765818f,0.963084375f,-1.2246467991473532e-16f,0.08715574274765818f,-0.9961946980917455f,-0.010207500000000001f,0f,0f,0f,1f], start_interpolation: 0, interpolation_duration: 1 }
$data merge entity $(bone_shoe_right) { transformation: [-0.9995531748672082f,0.034761183489777796f,0.011985604451025176f,-0.19140747795731558f,0.028243184044313085f,0.9866609150273616f,-0.16812543054360138f,0.2520728450589118f,-0.017082761673857496f,-0.16555143466199215f,-0.9857241905324821f,0.20022893236546147f,0f,0f,0f,1f], start_interpolation: 0, interpolation_duration: 1 }
$data merge entity $(bone_lowerleg_right) { transformation: [-0.9968540757654673f,0.08219988998697343f,0.009541012728692677f,-0.1544664762109092f,0.07655930376373409f,1.0311754341400678f,-0.14096777456850546f,0.6975204863847934f,-0.020509135451994804f,-0.14604331186794783f,-0.9899682093932684f,0.13228350999896865f,0f,0f,0f,1f], start_interpolation: 0, interpolation_duration: 1 }
$data merge entity $(bone_leg_right) { transformation: [-0.9968540757654673f,0.07909940457842275f,0.005023527158777277f,-0.125f,0.07655930376373409f,0.9773670397534153f,-0.19721141602569095f,1.0625f,-0.020509135451994804f,-0.19620640611097503f,-0.9803481124396716f,0.062499999999999986f,0f,0f,0f,1f], start_interpolation: 0, interpolation_duration: 1 }
$data merge entity $(bone_shoe_left) { transformation: [-0.9999685879230298f,0.003593157307717843f,-0.006974857585193944f,0.12937842283964332f,-0.007656720527213811f,-0.21764406583044515f,0.9788663992820859f,0.5504347577021425f,0.0020488528473145556f,0.9403333456762872f,0.25393134652608856f,-0.362411017317679f,0f,0f,0f,1f], start_interpolation: 0, interpolation_duration: 1 }
$data merge entity $(bone_lowerleg_left) { transformation: [-0.9999685879230298f,-0.001585964467901789f,-0.007774247733690046f,0.12731993244326367f,-0.007656720527213811f,0.4537031643578082f,0.8971171750286737f,0.7529761172205163f,0.0020488528473145556f,0.9214735381367223f,-0.4417242752450301f,0.038057884677264266f,0f,0f,0f,1f], start_interpolation: 0, interpolation_duration: 1 }
$data merge entity $(bone_leg_left) { transformation: [-0.9999685879230298f,-0.006924035661994201f,-0.0038575766192311496f,0.12499999999999999f,-0.007656720527213811f,0.9696637433975009f,0.24432273609124783f,1.0625f,0.0020488528473145556f,0.24434459779274192f,-0.9696862996513426f,0.06250000000000001f,0f,0f,0f,1f], start_interpolation: 0, interpolation_duration: 1 }