# This file was generated by Animated Java via MC-Build. It is not recommended to edit this file directly.
$data merge entity $(bone_hammer) { transformation: [-0.000016751605497286438f,-0.000012384636613636307f,-1.7963014568737327e-7f,0.8888838439707951f,-0.000007146337689028407f,0.00000941740996210377f,0.00001715430048173981f,0.6773336751355401f,-0.000010116390100991204f,0.000013854997052746912f,-0.000011820553530639734f,-0.016721996209604684f,0f,0f,0f,1f], start_interpolation: 0, interpolation_duration: 1 }
$data merge entity $(bone_hand_left) { transformation: [-0.804077063869749f,-0.008622246992994048f,0.5944625574545427f,0.6531523824016077f,-0.3430242090733635f,0.823406423123511f,-0.45203567818098067f,0.9482037721421344f,-0.4855867248475777f,-0.567386569470707f,-0.6650398585318518f,0.2697999649017435f,0f,0f,0f,1f], start_interpolation: 0, interpolation_duration: 1 }
$data merge entity $(bone_lowerarm_left) { transformation: [-0.804077063869749f,-0.26032130790709007f,0.5345024714705683f,0.5380415540614413f,-0.3430242090733635f,0.9374427377282984f,-0.05946011663347231f,1.3627292327313663f,-0.4855867248475777f,-0.23115780352394494f,-0.8430727148483623f,0.1675848736559991f,0f,0f,0f,1f], start_interpolation: 0, interpolation_duration: 1 }
$data merge entity $(bone_arm_left) { transformation: [-0.855450990614214f,-0.4346833108125756f,0.2815209085630722f,0.34375f,-0.4470535754852199f,0.8942294989598065f,0.022286853433679955f,1.7624253671785377f,-0.2614320242492122f,-0.10678961789945379f,-0.9592962390241337f,0.11985283448355771f,0f,0f,0f,1f], start_interpolation: 0, interpolation_duration: 1 }
$data merge entity $(bone_bread) { transformation: [-0.000009413149131305721f,0.000003239501355049546f,9.477628408154152e-7f,-0.613588951410659f,0.000003332721405756453f,0.00000936506166526215f,0.000001090223847404773f,0.8146992595883998f,-5.344075817305302e-7f,0.0000013421069169293094f,-0.000009895107758893757f,-0.3605096713182656f,0f,0f,0f,1f], start_interpolation: 0, interpolation_duration: 1 }
$data merge entity $(bone_hand_right) { transformation: [-0.941314913130572f,0.32395013550495455f,0.09477628408154151f,-0.6134040768498036f,0.33327214057564525f,0.9365061665262149f,0.10902238474047729f,1.0267616942094275f,-0.053440758173053014f,0.13421069169293093f,-0.9895107758893756f,-0.2108022829100808f,0f,0f,0f,1f], start_interpolation: 0, interpolation_duration: 1 }
$data merge entity $(bone_lowerarm_right) { transformation: [-0.941314913130572f,0.3091321476064913f,0.13551217522489234f,-0.4767097053300582f,0.33327214057564525f,0.9148109538556741f,0.2281460037383928f,1.4312796628674833f,-0.053440758173053014f,0.25991966840135416f,-0.9641503261131115f,-0.095869054538857f,0f,0f,0f,1f], start_interpolation: 0, interpolation_duration: 1 }
$data merge entity $(bone_arm_right) { transformation: [-0.9178961086563161f,0.30719931917414167f,0.2511878022765759f,-0.34375f,0.3831921950608661f,0.8506553850268468f,0.3599293785859418f,1.7994539466994155f,-0.10310419660725487f,0.42663098132199795f,-0.8985296491592258f,0.08878216706457026f,0f,0f,0f,1f], start_interpolation: 0, interpolation_duration: 1 }
$data merge entity $(bone_uppertail) { transformation: [-0.3823258455166917f,-0.34983734137749584f,0.8552431130549212f,0.42700413605365284f,-0.22192784850603897f,0.9332337390199752f,0.2825293231016518f,0.7975133154604783f,-0.8969810354223926f,-0.0817840016917881f,-0.43443802683449567f,-0.5753503743685329f,0f,0f,0f,1f], start_interpolation: 0, interpolation_duration: 1 }
$data merge entity $(bone_middletail) { transformation: [-0.6619778478029217f,-0.06906577860190732f,0.7463345411036022f,0.14408136714446249f,-0.308558223531186f,0.9325660746158024f,-0.18738286785870362f,0.8685647157046361f,-0.6830645296818527f,-0.3543309677431341f,-0.6386488969603903f,-0.3332574173601669f,0f,0f,0f,1f], start_interpolation: 0, interpolation_duration: 1 }
$data merge entity $(bone_tail) { transformation: [-0.9189659197384559f,0.05072890272642489f,0.39106037486227996f,0.021875000000000012f,-0.1984042038326847f,0.7975478297360308f,-0.5696957356210995f,1.0465946330862297f,-0.3407893928231519f,-0.6011189879811817f,-0.7228544473320389f,-0.10736540256890476f,0f,0f,0f,1f], start_interpolation: 0, interpolation_duration: 1 }
$data merge entity $(bone_hair) { transformation: [-0.6893654271085455f,0.1215537243668512f,1.2199866483456202e-16f,0.12499999999999994f,0.1210911757475626f,0.6867421835332848f,0.08715574274765818f,2.210551443824884f,0.01059410513093695f,0.06008215582420191f,-0.9961946980917455f,0.392858621229533f,0f,0f,0f,1f], start_interpolation: 0, interpolation_duration: 1 }
$data merge entity $(bone_ear_left) { transformation: [-0.35355339059327406f,0.6239154396521538f,-0.8029087372382531f,0.142644375f,0.06536792897911303f,1.129600559603441f,0.49061081538302814f,2.292366881958276f,0.9331275549789435f,0.1572644267062712f,-0.338583206163085f,0.16955456716522194f,0f,0f,0f,1f], start_interpolation: 0, interpolation_duration: 1 }
$data merge entity $(bone_ear_right) { transformation: [-0.35355339059327384f,-0.6239154396521538f,0.8029087372382531f,-0.142644375f,-0.06536792897911303f,1.129600559603441f,0.49061081538302814f,2.292366881958276f,-0.9331275549789435f,0.15726442670627103f,-0.3385832061630848f,0.1695545671652219f,0f,0f,0f,1f], start_interpolation: 0, interpolation_duration: 1 }
$data merge entity $(bone_head) { transformation: [-1f,-1.0673500138322974e-17f,1.2199866483456202e-16f,-9.590510955207084e-18f,0f,0.9961946980917455f,0.08715574274765818f,1.8783104203017744f,-1.2246467991473532e-16f,0.08715574274765818f,-0.9961946980917455f,0.07831246496446459f,0f,0f,0f,1f], start_interpolation: 0, interpolation_duration: 1 }
$data merge entity $(bone_body) { transformation: [-1f,-1.0673500138322974e-17f,1.2199866483456202e-16f,1.2500582202296609e-18f,0f,0.9961946980917455f,0.08715574274765818f,0.9475843749999999f,-1.2246467991473532e-16f,0.08715574274765818f,-0.9961946980917455f,-0.010207500000000001f,0f,0f,0f,1f], start_interpolation: 0, interpolation_duration: 1 }
$data merge entity $(bone_shoe_right) { transformation: [-1.000015708428866f,-0.001314354797344406f,0.021484334065867354f,-0.18052061749939918f,-0.008265466070012164f,1.0026337987626928f,0.03460447309945121f,0.24426051522259373f,-0.021398966632223893f,0.02941718370541434f,-0.9993042536687158f,0.10591836907634733f,0f,0f,0f,1f], start_interpolation: 0, interpolation_duration: 1 }
$data merge entity $(bone_lowerleg_right) { transformation: [-0.9977229218905844f,0.06909230517155146f,0.01643570424338359f,-0.149361308876395f,0.0651502770231369f,1.0538699054276652f,-0.016032834819854527f,0.6979510132869549f,-0.01744742209964516f,-0.015765097524772245f,-0.9997363731672783f,0.09433099469969344f,0f,0f,0f,1f], start_interpolation: 0, interpolation_duration: 1 }
$data merge entity $(bone_leg_right) { transformation: [-0.9977229218905844f,0.06660381800186108f,0.01062556171172303f,-0.125f,0.0651502770231369f,0.9924804737548771f,-0.1036240832003017f,1.0625f,-0.01744742209964516f,-0.10269586477979285f,-0.9945597753876875f,0.062499999999999986f,0f,0f,0f,1f], start_interpolation: 0, interpolation_duration: 1 }
$data merge entity $(bone_shoe_left) { transformation: [-0.9998045247002616f,0.009549768437174188f,-0.017111840741708757f,0.13422781474437695f,-0.01909945195723011f,-0.24955816869281322f,0.9678662243676476f,0.546089920144369f,0.005111098102903762f,0.9355088365702253f,0.26945650936389853f,-0.3220090695464449f,0f,0f,0f,1f], start_interpolation: 0, interpolation_duration: 1 }
$data merge entity $(bone_lowerleg_left) { transformation: [-0.9998045247002616f,-0.004034457299648945f,-0.01936442883266187f,0.13104388983546078f,-0.01909945195723011f,0.4529966444261718f,0.8937481840322687f,0.7482911532352505f,0.005111098102903762f,0.9035864487674983f,-0.4481508701709799f,0.07061794845808728f,0f,0f,0f,1f], start_interpolation: 0, interpolation_duration: 1 }
$data merge entity $(bone_leg_left) { transformation: [-0.9998045247002616f,-0.018002060809603905f,-0.008175463013883114f,0.12499999999999999f,-0.01909945195723011f,0.9862769506786839f,0.16399081527600934f,1.0625f,0.005111098102903762f,0.1641149059853007f,-0.9864279873916891f,0.06250000000000001f,0f,0f,0f,1f], start_interpolation: 0, interpolation_duration: 1 }