# This file was generated by Animated Java via MC-Build. It is not recommended to edit this file directly.
$data merge entity $(bone_hammer) { transformation: [-0.00001837902085863193f,-0.000009001681792021747f,-0.000003899883968906555f,0.8607583068102787f,-0.000007032711789484805f,0.000006315548344966405f,0.00001856562931242061f,0.735142654404005f,-0.000006839615116495345f,0.000017694952720913212f,-0.000008610231764629341f,-0.24203751922482236f,0f,0f,0f,1f], start_interpolation: 0, interpolation_duration: 1 }
$data merge entity $(bone_hand_left) { transformation: [-0.8821930012143326f,-0.18719443050751472f,0.4320807260170438f,0.6907652784786952f,-0.3375701658952706f,0.8911502069961892f,-0.3031463205583872f,0.9425494508948349f,-0.3283015255917765f,-0.41329112470220813f,-0.8493577306038343f,0.13094982199880256f,0f,0f,0f,1f], start_interpolation: 0, interpolation_duration: 1 }
$data merge entity $(bone_lowerarm_left) { transformation: [-0.8821930012143326f,-0.32270784371124356f,0.34292150153597545f,0.5480679038376297f,-0.3375701658952706f,0.9411424759354471f,0.017240159150533507f,1.3587108894725404f,-0.3283015255917765f,-0.10055092042013258f,-0.9392058457530895f,0.0864874618755252f,0f,0f,0f,1f], start_interpolation: 0, interpolation_duration: 1 }
$data merge entity $(bone_arm_left) { transformation: [-0.8871737519111678f,-0.4469232512450567f,0.11481437809094135f,0.34375f,-0.4348936010552799f,0.8930177467030573f,0.11570159823686539f,1.7669678185713709f,-0.15424101167015453f,0.052715382669026506f,-0.9866259669951046f,0.11058711759253828f,0f,0f,0f,1f], start_interpolation: 0, interpolation_duration: 1 }
$data merge entity $(bone_bread) { transformation: [-0.000009369699178826865f,0.0000032080108225937452f,-0.0000013847035279844639f,-0.6953072226319482f,0.000003328977848870747f,0.00000939986330756175f,-7.48649638270266e-7f,0.753669893202774f,0.000001061434774265056f,-0.0000011624269272843399f,-0.00000987532884812983f,-0.1705462175861076f,0f,0f,0f,1f], start_interpolation: 0, interpolation_duration: 1 }
$data merge entity $(bone_hand_right) { transformation: [-0.9369699178826864f,0.3208010822593745f,-0.13847035279844638f,-0.6663838116555721f,0.33289778488707467f,0.9399863307561748f,-0.07486496382702659f,0.9894561350895077f,0.1061434774265056f,-0.11624269272843397f,-0.9875328848129828f,-0.06589872867967309f,0f,0f,0f,1f], start_interpolation: 0, interpolation_duration: 1 }
$data merge entity $(bone_lowerarm_right) { transformation: [-0.9369699178826864f,0.3433536082817709f,-0.06477401224874348f,-0.5145571379934766f,0.33289778488707467f,0.9335326742789667f,0.13302560231338767f,1.4022526144972383f,0.1061434774265056f,0.10307786248001477f,-0.988993688789954f,-0.020318986364291552f,0f,0f,0f,1f], start_interpolation: 0, interpolation_duration: 1 }
$data merge entity $(bone_arm_right) { transformation: [-0.912685856272007f,0.39464465095965706f,0.10611374665878044f,-0.34375f,0.4086113898040994f,0.8771901939277268f,0.25213904060934195f,1.7819114953065824f,0.00642338566456328f,0.273483021677704f,-0.9618553825657145f,0.09804788395558972f,0f,0f,0f,1f], start_interpolation: 0, interpolation_duration: 1 }
$data merge entity $(bone_uppertail) { transformation: [-0.2974292404823306f,-0.3692243879845775f,0.8804596516726464f,0.4514012482918669f,-0.22126189508142538f,0.9237449486346737f,0.3126314821909341f,0.8018491227260858f,-0.9287513233859105f,-0.10182642677290674f,-0.35644404626754767f,-0.5551799201750492f,0f,0f,0f,1f], start_interpolation: 0, interpolation_duration: 1 }
$data merge entity $(bone_middletail) { transformation: [-0.6117260792271608f,-0.0733869724813544f,0.7876582737859015f,0.15281334341967326f,-0.324058306753694f,0.9315579029833225f,-0.1648820402992497f,0.8643708615996459f,-0.7216490960413475f,-0.35610985055083155f,-0.5936399216051513f,-0.3301490562714208f,0f,0f,0f,1f], start_interpolation: 0, interpolation_duration: 1 }
$data merge entity $(bone_tail) { transformation: [-0.906307789905586f,0.055162743178454494f,0.4190026989429544f,0.021875000000000012f,-0.21130912063985344f,0.7994680070847165f,-0.562316068757068f,1.0400946330862297f,-0.36599814957300547f,-0.5981705253629767f,-0.7129076918480515f,-0.10736540256890476f,0f,0f,0f,1f], start_interpolation: 0, interpolation_duration: 1 }
$data merge entity $(bone_hair) { transformation: [-0.6893654271085455f,0.1215537243668512f,1.2199866483456202e-16f,0.12499999999999994f,0.1210911757475626f,0.6867421835332848f,0.08715574274765818f,2.204051443824884f,0.01059410513093695f,0.06008215582420191f,-0.9961946980917455f,0.392858621229533f,0f,0f,0f,1f], start_interpolation: 0, interpolation_duration: 1 }
$data merge entity $(bone_ear_left) { transformation: [-0.35355339059327395f,0.6380667754264893f,-0.7963009117595794f,0.142644375f,0.06536792897911305f,1.1208135024921586f,0.5023941378414628f,2.285866881958276f,0.9331275549789437f,0.1632417922227699f,-0.3369050136067969f,0.16955456716522194f,0f,0f,0f,1f], start_interpolation: 0, interpolation_duration: 1 }
$data merge entity $(bone_ear_right) { transformation: [-0.35355339059327373f,-0.6380667754264893f,0.7963009117595794f,-0.142644375f,-0.06536792897911305f,1.1208135024921586f,0.5023941378414628f,2.285866881958276f,-0.9331275549789437f,0.16324179222276974f,-0.33690501360679675f,0.1695545671652219f,0f,0f,0f,1f], start_interpolation: 0, interpolation_duration: 1 }
$data merge entity $(bone_head) { transformation: [-1f,-1.0673500138322974e-17f,1.2199866483456202e-16f,-9.590510955207084e-18f,0f,0.9961946980917455f,0.08715574274765818f,1.8718104203017745f,-1.2246467991473532e-16f,0.08715574274765818f,-0.9961946980917455f,0.07831246496446459f,0f,0f,0f,1f], start_interpolation: 0, interpolation_duration: 1 }
$data merge entity $(bone_body) { transformation: [-1f,-1.0673500138322974e-17f,1.2199866483456202e-16f,1.2500582202296609e-18f,0f,0.9961946980917455f,0.08715574274765818f,0.941084375f,-1.2246467991473532e-16f,0.08715574274765818f,-0.9961946980917455f,-0.010207500000000001f,0f,0f,0f,1f], start_interpolation: 0, interpolation_duration: 1 }
$data merge entity $(bone_shoe_right) { transformation: [-0.9999124136463498f,0.0021425169432123113f,0.022329232140182752f,-0.16700045771675087f,-0.0036137730812334148f,1.0030710151510247f,0.028461503793390575f,0.25125148576858386f,-0.023323959005308405f,0.0446879821640479f,-1.000414318511693f,-0.018068659601098477f,0f,0f,0f,1f], start_interpolation: 0, interpolation_duration: 1 }
$data merge entity $(bone_lowerleg_right) { transformation: [-0.9985817090635472f,0.05181828896196458f,0.021864161049084764f,-0.14325297123482675f,0.05142948504633649f,1.0522070758229172f,0.1603334444321358f,0.7050946272580491f,-0.013768746914437868f,0.17210516933912096f,-0.9868207258961208f,0.05130863576700237f,0f,0f,0f,1f], start_interpolation: 0, interpolation_duration: 1 }
$data merge entity $(bone_leg_right) { transformation: [-0.9985817090635472f,0.05128275359631078f,0.014305576091345128f,-0.125f,0.05142948504633649f,0.9986257095080209f,0.010084660503484418f,1.0625f,-0.013768746914437868f,0.010806085932564187f,-0.9998468133245333f,0.062499999999999986f,0f,0f,0f,1f], start_interpolation: 0, interpolation_duration: 1 }
$data merge entity $(bone_shoe_left) { transformation: [-0.9994218678813094f,0.015411099342043662f,-0.030101366750709006f,0.14132959840325252f,-0.032843014017990696f,-0.2144370352787619f,0.974961408009722f,0.5173644561498114f,0.008790132584241895f,0.9510017118375365f,0.22032739414661945f,-0.2687648065930818f,0f,0f,0f,1f], start_interpolation: 0, interpolation_duration: 1 }
$data merge entity $(bone_lowerleg_left) { transformation: [-0.9994218678813094f,-0.009397618586631072f,-0.03267437475353875f,0.13573880251413165f,-0.032843014017990696f,0.5153251205571365f,0.8563652004565498f,0.7465987794980362f,0.008790132584241895f,0.8569432331768967f,-0.5153358406723507f,0.10316444400126637f,0f,0f,0f,1f], start_interpolation: 0, interpolation_duration: 1 }
$data merge entity $(bone_leg_left) { transformation: [-0.9994218678813094f,-0.03215553345433209f,-0.011043172954446283f,0.12499999999999999f,-0.032843014017990696f,0.9970716508232706f,0.06906127391506776f,1.0625f,0.008790132584241895f,0.06938403845860576f,-0.9975512963132904f,0.06250000000000001f,0f,0f,0f,1f], start_interpolation: 0, interpolation_duration: 1 }