# This file was generated by Animated Java via MC-Build. It is not recommended to edit this file directly.
$data merge entity $(bone_hammer) { transformation: [-0.00001937587774761433f,-0.000004299401160867016f,-0.000006333899979097961f,0.7625723873601724f,-0.000006947897620312015f,0.0000026395116628317428f,0.00001946246322070297f,0.8280925998793676f,-0.0000032140096367223902f,0.000020213260637944794f,-0.000003888703410565665f,-0.46500963157942204f,0f,0f,0f,1f], start_interpolation: 0, interpolation_duration: 1 }
$data merge entity $(bone_hand_left) { transformation: [-0.9300421318854877f,-0.3040271989967021f,0.20637125572161666f,0.6895855027791542f,-0.33349908577497667f,0.9341982345937423f,-0.12669655981592343f,0.9580630793535032f,-0.1542724625626747f,-0.18665776370715165f,-0.9702365106213501f,-0.03048074327690606f,0f,0f,0f,1f], start_interpolation: 0, interpolation_duration: 1 }
$data merge entity $(bone_lowerarm_left) { transformation: [-0.9300421318854877f,-0.34540319412297393f,0.1253725105736675f,0.5368525278779017f,-0.33349908577497667f,0.9366988863440827f,0.10664687575831691f,1.3722596181587772f,-0.1542724625626747f,0.057374470031560154f,-0.9863610786539814f,-0.00511046980982556f,0f,0f,0f,1f], start_interpolation: 0, interpolation_duration: 1 }
$data merge entity $(bone_arm_left) { transformation: [-0.908924503517081f,-0.41263979246029076f,-0.059871934865644995f,0.34375f,-0.4151701030424363f,0.8823492518244613f,0.22157071860818178f,1.7851714945985055f,-0.03860093840777291f,0.2262480927723844f,-0.9733045607983648f,0.1007665673547512f,0f,0f,0f,1f], start_interpolation: 0, interpolation_duration: 1 }
$data merge entity $(bone_bread) { transformation: [-0.000008990646441226441f,0.000002278714645023665f,-0.000003738413585388463f,-0.7231035181138417f,0.0000033620258866625727f,0.00000906294055406429f,-0.0000025612283090165136f,0.7236632205862781f,0.0000028044711633876862f,-0.0000035595741430754784f,-0.000008914279186433157f,0.038960954612199596f,0f,0f,0f,1f], start_interpolation: 0, interpolation_duration: 1 }
$data merge entity $(bone_hand_right) { transformation: [-0.899064644122644f,0.22787146450236648f,-0.37384135853884626f,-0.6827180056942584f,0.33620258866625724f,0.9062940554064289f,-0.25612283090165133f,0.9749430608607819f,0.2804471163387686f,-0.3559574143075478f,-0.8914279186433157f,0.09005170483401102f,0f,0f,0f,1f], start_interpolation: 0, interpolation_duration: 1 }
$data merge entity $(bone_lowerarm_right) { transformation: [-0.899064644122644f,0.33363758507755403f,-0.28349378743147324f,-0.5351876360427775f,0.33620258866625724f,0.9408928008654722f,0.041092050978675077f,1.3909940962434828f,0.2804471163387686f,-0.0583669350158509f,-0.958093270947106f,0.06424257575668946f,0f,0f,0f,1f], start_interpolation: 0, interpolation_duration: 1 }
$data merge entity $(bone_arm_right) { transformation: [-0.8944518222234414f,0.44231078363674226f,-0.06570470607054003f,-0.34375f,0.4300938636991978f,0.8911797210939265f,0.14428434814368185f,1.7767078192794479f,0.12237322472445077f,0.10079620721833896f,-0.9873524793511872f,0.1078684341933768f,0f,0f,0f,1f], start_interpolation: 0, interpolation_duration: 1 }
$data merge entity $(bone_uppertail) { transformation: [-0.3823258455166915f,-0.34983734137749584f,0.855243113054921f,0.42700413605365284f,-0.2219278485060388f,0.9332337390199751f,0.2825293231016519f,0.7975133154604783f,-0.8969810354223925f,-0.08178400169178793f,-0.4344380268344958f,-0.5753503743685329f,0f,0f,0f,1f], start_interpolation: 0, interpolation_duration: 1 }
$data merge entity $(bone_middletail) { transformation: [-0.6619778478029215f,-0.06906577860190741f,0.7463345411036022f,0.1440813671444625f,-0.30855822353118595f,0.9325660746158024f,-0.18738286785870345f,0.8685647157046361f,-0.6830645296818528f,-0.354330967743134f,-0.6386488969603903f,-0.3332574173601669f,0f,0f,0f,1f], start_interpolation: 0, interpolation_duration: 1 }
$data merge entity $(bone_tail) { transformation: [-0.9189659197384558f,0.05072890272642489f,0.39106037486228f,0.021875000000000012f,-0.1984042038326847f,0.7975478297360309f,-0.5696957356210994f,1.0465946330862297f,-0.34078939282315196f,-0.6011189879811816f,-0.7228544473320389f,-0.10736540256890476f,0f,0f,0f,1f], start_interpolation: 0, interpolation_duration: 1 }
$data merge entity $(bone_hair) { transformation: [-0.6893654271085455f,0.1215537243668512f,1.2199866483456202e-16f,0.12499999999999994f,0.1210911757475626f,0.6867421835332848f,0.08715574274765818f,2.210551443824884f,0.01059410513093695f,0.06008215582420191f,-0.9961946980917455f,0.392858621229533f,0f,0f,0f,1f], start_interpolation: 0, interpolation_duration: 1 }
$data merge entity $(bone_ear_left) { transformation: [-0.35355339059327406f,0.6239154396521538f,-0.8029087372382531f,0.142644375f,0.06536792897911303f,1.129600559603441f,0.49061081538302814f,2.292366881958276f,0.9331275549789435f,0.1572644267062712f,-0.338583206163085f,0.16955456716522194f,0f,0f,0f,1f], start_interpolation: 0, interpolation_duration: 1 }
$data merge entity $(bone_ear_right) { transformation: [-0.35355339059327384f,-0.6239154396521538f,0.8029087372382531f,-0.142644375f,-0.06536792897911303f,1.129600559603441f,0.49061081538302814f,2.292366881958276f,-0.9331275549789435f,0.15726442670627103f,-0.3385832061630848f,0.1695545671652219f,0f,0f,0f,1f], start_interpolation: 0, interpolation_duration: 1 }
$data merge entity $(bone_head) { transformation: [-1f,-1.0673500138322974e-17f,1.2199866483456202e-16f,-9.590510955207084e-18f,0f,0.9961946980917455f,0.08715574274765818f,1.8783104203017744f,-1.2246467991473532e-16f,0.08715574274765818f,-0.9961946980917455f,0.07831246496446459f,0f,0f,0f,1f], start_interpolation: 0, interpolation_duration: 1 }
$data merge entity $(bone_body) { transformation: [-1f,-1.0673500138322974e-17f,1.2199866483456202e-16f,1.2500582202296609e-18f,0f,0.9961946980917455f,0.08715574274765818f,0.9475843749999999f,-1.2246467991473532e-16f,0.08715574274765818f,-0.9961946980917455f,-0.010207500000000001f,0f,0f,0f,1f], start_interpolation: 0, interpolation_duration: 1 }
$data merge entity $(bone_shoe_right) { transformation: [-0.9996986759987175f,-0.001421861895389012f,0.02753499591503436f,-0.1539321780476893f,-0.006153575390523007f,0.9975597278845281f,0.00799144507675914f,0.256376134843647f,-0.02956604669093588f,0.05228240125845435f,-1.007457133234843f,-0.15455658330398028f,0f,0f,0f,1f], start_interpolation: 0, interpolation_duration: 1 }
$data merge entity $(bone_lowerleg_right) { transformation: [-0.999271174259818f,0.03369360229227757f,0.021904361909003727f,-0.13714672888158155f,0.036874266069565675f,1.0119431849352383f,0.3421642336159268f,0.7190742201573022f,-0.009869589415739092f,0.3693787621118757f,-0.9393848179331966f,0.009235621310066354f,0f,0f,0f,1f], start_interpolation: 0, interpolation_duration: 1 }
$data merge entity $(bone_leg_right) { transformation: [-0.999271174259818f,0.03526714090480165f,0.014606473421235455f,-0.125f,0.036874266069565675f,0.9907637947687868f,0.130489047345684f,1.0625f,-0.009869589415739092f,0.13093254655643932f,-0.9913421505499554f,0.062499999999999986f,0f,0f,0f,1f], start_interpolation: 0, interpolation_duration: 1 }
$data merge entity $(bone_shoe_left) { transformation: [-0.9987953258553894f,0.015536220391114769f,-0.04639420275294054f,0.15228684844390505f,-0.047401242195016687f,-0.06464507873718534f,0.9931393594135884f,0.4480630228663462f,0.012689337563318972f,0.9813945930610226f,0.05813750708906318f,-0.18961909350078962f,0f,0f,0f,1f], start_interpolation: 0, interpolation_duration: 1 }
$data merge entity $(bone_lowerleg_left) { transformation: [-0.9987953258553894f,-0.022158736064322115f,-0.043691372403869784f,0.14106835917815302f,-0.047401242195016687f,0.664092154737715f,0.7413452975222279f,0.7417203886545383f,0.012689337563318972f,0.7365830573885409f,-0.669700092443734f,0.1289849515181922f,0f,0f,0f,1f], start_interpolation: 0, interpolation_duration: 1 }
$data merge entity $(bone_leg_left) { transformation: [-0.9987953258553894f,-0.047757872055976036f,-0.011273096562680161f,0.12499999999999999f,-0.047401242195016687f,0.9984245248714638f,-0.030026494526685252f,1.0625f,0.012689337563318972f,-0.02945596360462025f,-0.99948553112105f,0.06250000000000001f,0f,0f,0f,1f], start_interpolation: 0, interpolation_duration: 1 }