# This file was generated by Animated Java via MC-Build. It is not recommended to edit this file directly.
$data merge entity $(bone_hammer) { transformation: [-0.000019645197256014144f,6.23648631887826e-7f,-0.00000690688532799095f,0.6142193773125578f,-0.000006932163061006144f,-0.0000011741839479595075f,0.00001961107302341598f,0.9458092030883658f,1.9778231896231715e-7f,0.00002079086655765162f,0.0000013147348455134294f,-0.6440381265020414f,0f,0f,0f,1f], start_interpolation: 0, interpolation_duration: 1 }
$data merge entity $(bone_hand_left) { transformation: [-0.9429694682886788f,-0.3315304957435656f,-0.029935134330615717f,0.647139281474414f,-0.3327438269282949f,0.9413315051239669f,0.056360829502056564f,0.9932455339349469f,0.009493551310191223f,0.06310727258464482f,-0.9979615947672776f,-0.18829605026726148f,0f,0f,0f,1f], start_interpolation: 0, interpolation_duration: 1 }
$data merge entity $(bone_lowerarm_left) { transformation: [-0.9429694682886788f,-0.3229709877041008f,-0.08061217635570891f,0.504325547849007f,-0.3327438269282949f,0.9214360391749316f,0.20059205206270503f,1.400693032507612f,0.009493551310191223f,0.21597538473412115f,-0.9763526543582852f,-0.0927944348301423f,0f,0f,0f,1f], start_interpolation: 0, interpolation_duration: 1 }
$data merge entity $(bone_arm_left) { transformation: [-0.9176325730601385f,-0.3357328521423815f,-0.21268265761780247f,0.34375f,-0.3907895863221626f,0.8596428558994231f,0.32908609743232325f,1.811846190918199f,0.0723461131034874f,0.3850942901335014f,-0.9200371881752347f,0.09138988379437821f,0f,0f,0f,1f], start_interpolation: 0, interpolation_duration: 1 }
$data merge entity $(bone_bread) { transformation: [-0.00000829222755243931f,6.43763461322692e-7f,-0.000005551984404195693f,-0.6914422699845377f,0.0000034140545764182526f,0.00000844831017180147f,-0.00000411950076954398f,0.720937826019396f,0.000004425290224132646f,-0.0000053114615546854605f,-0.000007225315396942502f,0.2297036270145255f,0f,0f,0f,1f], start_interpolation: 0, interpolation_duration: 1 }
$data merge entity $(bone_hand_right) { transformation: [-0.829222755243931f,0.0643763461322692f,-0.5551984404195692f,-0.6597865614184034f,0.3414054576418252f,0.8448310171801469f,-0.41195007695439795f,0.978576211749467f,0.4425290224132646f,-0.531146155468546f,-0.7225315396942501f,0.23148991186839138f,0f,0f,0f,1f], start_interpolation: 0, interpolation_duration: 1 }
$data merge entity $(bone_lowerarm_right) { transformation: [-0.829222755243931f,0.2816446601174358f,-0.4827690002609921f,-0.5352468132727248f,0.3414054576418252f,0.93912603652543f,-0.03853052053129758f,1.3938460060255555f,0.4425290224132646f,-0.19677035586533592f,-0.8748997036086992f,0.14448052013418816f,0f,0f,0f,1f], start_interpolation: 0, interpolation_duration: 1 }
$data merge entity $(bone_arm_right) { transformation: [-0.8654340869560987f,0.4424475108106278f,-0.23508305194535634f,-0.34375f,0.4443167049283564f,0.894583952483347f,0.047981430583933365f,1.7810331229597542f,0.23153079029811907f,-0.06292656145660859f,-0.9707902662301349f,0.11724511775374977f,0f,0f,0f,1f], start_interpolation: 0, interpolation_duration: 1 }
$data merge entity $(bone_uppertail) { transformation: [-0.5844346326607252f,-0.292717754182139f,0.7568041203199731f,0.35854709751914626f,-0.20895868357380767f,0.955503571508694f,0.2082046910932395f,0.7880892005249389f,-0.7840742494852286f,-0.03645876054797781f,-0.6195952953932756f,-0.621549210242061f,0f,0f,0f,1f], start_interpolation: 0, interpolation_duration: 1 }
$data merge entity $(bone_middletail) { transformation: [-0.7774711681226646f,-0.056812104489619764f,0.6263473217963339f,0.12110947110391523f,-0.2615454681614995f,0.9349148689036422f,-0.23985027827181576f,0.8790300578006517f,-0.5719550251743241f,-0.35029497953345806f,-0.74172830368774f,-0.34038070468496134f,0f,0f,0f,1f], start_interpolation: 0, interpolation_duration: 1 }
$data merge entity $(bone_tail) { transformation: [-0.9474160871827253f,0.03955451849499921f,0.3175503075325287f,0.021875000000000012f,-0.1632047440251281f,0.7938480906249785f,-0.5858066409138499f,1.0620946330862298f,-0.27525800492459285f,-0.6068283522362025f,-0.745648966771381f,-0.10736540256890476f,0f,0f,0f,1f], start_interpolation: 0, interpolation_duration: 1 }
$data merge entity $(bone_hair) { transformation: [-0.6893654271085455f,0.1215537243668512f,1.2199866483456202e-16f,0.12499999999999994f,0.1210911757475626f,0.6867421835332848f,0.08715574274765818f,2.2260514438248844f,0.01059410513093695f,0.06008215582420191f,-0.9961946980917455f,0.392858621229533f,0f,0f,0f,1f], start_interpolation: 0, interpolation_duration: 1 }
$data merge entity $(bone_ear_left) { transformation: [-0.35355339059327406f,0.5897082579661553f,-0.8180631514831297f,0.142644375f,0.06536792897911295f,1.1497065458645632f,0.4621493045083317f,2.307866881958276f,0.9331275549789436f,0.14289516745746522f,-0.34233127307909694f,0.16955456716522194f,0f,0f,0f,1f], start_interpolation: 0, interpolation_duration: 1 }
$data merge entity $(bone_ear_right) { transformation: [-0.35355339059327384f,-0.5897082579661553f,0.8180631514831297f,-0.142644375f,-0.06536792897911295f,1.1497065458645632f,0.4621493045083317f,2.307866881958276f,-0.9331275549789436f,0.14289516745746508f,-0.3423312730790967f,0.1695545671652219f,0f,0f,0f,1f], start_interpolation: 0, interpolation_duration: 1 }
$data merge entity $(bone_head) { transformation: [-1f,-1.0673500138322974e-17f,1.2199866483456202e-16f,-9.590510955207084e-18f,0f,0.9961946980917455f,0.08715574274765818f,1.8938104203017745f,-1.2246467991473532e-16f,0.08715574274765818f,-0.9961946980917455f,0.07831246496446459f,0f,0f,0f,1f], start_interpolation: 0, interpolation_duration: 1 }
$data merge entity $(bone_body) { transformation: [-1f,-1.0673500138322974e-17f,1.2199866483456202e-16f,1.2500582202296609e-18f,0f,0.9961946980917455f,0.08715574274765818f,0.963084375f,-1.2246467991473532e-16f,0.08715574274765818f,-0.9961946980917455f,-0.010207500000000001f,0f,0f,0f,1f], start_interpolation: 0, interpolation_duration: 1 }
$data merge entity $(bone_shoe_right) { transformation: [-0.9997369179790809f,-0.011401041363647845f,0.02066260221358404f,-0.14177683046265802f,-0.006826773492547539f,0.9176916020620495f,0.39211586279579225f,0.302848150774884f,-0.025970421118567986f,0.4081106272447671f,-0.9206033005076105f,-0.2634901010778715f,0f,0f,0f,1f], start_interpolation: 0, interpolation_duration: 1 }
$data merge entity $(bone_lowerleg_right) { transformation: [-0.9997173061008564f,0.018556743099701328f,0.016544491205771707f,-0.13191382232955856f,0.02296798039558859f,0.9492173770557342f,0.4863340225766851f,0.7376786361921277f,-0.006146524139262698f,0.5287718411399448f,-0.8736163335784894f,-0.026757419219559764f,0f,0f,0f,1f], start_interpolation: 0, interpolation_duration: 1 }
$data merge entity $(bone_leg_right) { transformation: [-0.9997173061008564f,0.020776119916749946f,0.01156117310879423f,-0.125f,0.02296798039558859f,0.9695807614244115f,0.24369164727623754f,1.0625f,-0.006146524139262698f,0.24388829393159306f,-0.9697838523733742f,0.062499999999999986f,0f,0f,0f,1f], start_interpolation: 0, interpolation_duration: 1 }
$data merge entity $(bone_shoe_left) { transformation: [-0.9979850520184634f,0.004667768102321217f,-0.06291557582270695f,0.16711989118741313f,-0.06129011339765836f,0.18562785530547266f,0.9718347220833116f,0.3617487410121658f,0.016412128058448005f,0.9770527646832219f,-0.1964976070405322f,-0.07412014586094687f,0f,0f,0f,1f], start_interpolation: 0, interpolation_duration: 1 }
$data merge entity $(bone_lowerleg_left) { transformation: [-0.9979850520184634f,-0.043232729765091855f,-0.04594658656764804f,0.14668426907846116f,-0.06129011339765836f,0.841920077022265f,0.519702810862978f,0.7320126981371089f,0.016412128058448005f,0.5152140477353869f,-0.8531107194051082f,0.14688711857812886f,0f,0f,0f,1f], start_interpolation: 0, interpolation_duration: 1 }
$data merge entity $(bone_leg_left) { transformation: [-0.9979850520184634f,-0.06283541807112439f,-0.008806031088505846f,0.12499999999999999f,-0.06129011339765836f,0.9905907029917508f,-0.1223665850876418f,1.0625f,0.016412128058448005f,-0.12158030014001411f,-0.9924459041531972f,0.06250000000000001f,0f,0f,0f,1f], start_interpolation: 0, interpolation_duration: 1 }