# This file was generated by Animated Java via MC-Build. It is not recommended to edit this file directly.
$data merge entity $(bone_hammer) { transformation: [-0.000019407998881665328f,0.000004608393091941761f,-0.000006009997528884579f,0.45874978019517876f,-0.000006990009625232439f,-0.000004536546828972954f,0.000019094168902716643f,1.0667296956457888f,0.000002914982440120894f,0.00001980429836566943f,0.000005772384376937135f,-0.7591092762067588f,0f,0f,0f,1f], start_interpolation: 0, interpolation_duration: 1 }
$data merge entity $(bone_hand_left) { transformation: [-0.9315839463199357f,-0.2884798813864597f,-0.22120286841320458f,0.5805446550768556f,-0.33552046201115704f,0.9165201073303987f,0.21775424779070196f,1.039601928459251f,0.13991915712580288f,0.27707445009298265f,-0.9506063215521325f,-0.31699519780048396f,0f,0f,0f,1f], start_interpolation: 0, interpolation_duration: 1 }
$data merge entity $(bone_lowerarm_left) { transformation: [-0.9315839463199357f,-0.27101297330688895f,-0.242287678717542f,0.4607061059427156f,-0.33552046201115704f,0.8975313982840127f,0.28611782304876554f,1.436479093637963f,0.13991915712580288f,0.34783524461115833f,-0.9270562399744153f,-0.1631868005739874f,0f,0f,0f,1f], start_interpolation: 0, interpolation_duration: 1 }
$data merge entity $(bone_arm_left) { transformation: [-0.9154692995962237f,-0.24015049626096005f,-0.3228679306503113f,0.34375f,-0.36673474480393853f,0.8281579149387686f,0.4238632973941735f,1.839801703188709f,0.16559465103193904f,0.5064407241424075f,-0.8462246773048658f,0.08345576693560111f,0f,0f,0f,1f], start_interpolation: 0, interpolation_duration: 1 }
$data merge entity $(bone_bread) { transformation: [-0.0000074542914736497495f,-0.0000011537583229404758f,-0.0000065652403122900435f,-0.6230110801689644f,0.000003464127262527804f,0.000007744134871430472f,-0.00000529416635572648f,0.7343242471456324f,0.000005695029493767725f,-0.000006220708707642575f,-0.000005373027288203141f,0.37211795315756f,0f,0f,0f,1f], start_interpolation: 0, interpolation_duration: 1 }
$data merge entity $(bone_hand_right) { transformation: [-0.7454291473649749f,-0.11537583229404758f,-0.6565240312290043f,-0.6127733612899727f,0.34641272625278036f,0.7744134871430471f,-0.529416635572648f,0.9915550722955537f,0.5695029493767725f,-0.6220708707642575f,-0.537302728820314f,0.33879672561646623f,0f,0f,0f,1f], start_interpolation: 0, interpolation_duration: 1 }
$data merge entity $(bone_lowerarm_right) { transformation: [-0.7454291473649749f,0.20837851636835925f,-0.6331775265870134f,-0.5206309860833389f,0.34641272625278036f,0.9326406635319278f,-0.10089408216957976f,1.403957115701078f,0.5695029493767725f,-0.2945501428328412f,-0.7674025045621823f,0.2085503343325693f,0f,0f,0f,1f], start_interpolation: 0, interpolation_duration: 1 }
$data merge entity $(bone_arm_right) { transformation: [-0.8326024969819468f,0.40867809058966376f,-0.3738386019279094f,-0.34375f,0.4508733463478774f,0.8921195552073153f,-0.02891236361435856f,1.7900776106892442f,0.321692877714901f,-0.19262636758421348f,-0.9270430275552571f,0.12517923461252692f,0f,0f,0f,1f], start_interpolation: 0, interpolation_duration: 1 }
$data merge entity $(bone_uppertail) { transformation: [-0.8067182750291092f,-0.20214559500885937f,0.5552862173263197f,0.25448617384454997f,-0.16116110053900062f,0.9793119863792134f,0.12237292595610366f,0.7807564106598236f,-0.5685355964292091f,0.009229937839124513f,-0.8226068829279082f,-0.6700876132957404f,0f,0f,0f,1f], start_interpolation: 0, interpolation_duration: 1 }
$data merge entity $(bone_middletail) { transformation: [-0.8987339155619278f,-0.03840421724864968f,0.4368094150956958f,0.08889917067659556f,-0.18378503223970205f,0.9374292823286268f,-0.2957184514998817f,0.8928758935948082f,-0.39812110085170954f,-0.34605123425636664f,-0.8495576097747981f,-0.34804295737796137f,0f,0f,0f,1f], start_interpolation: 0, interpolation_duration: 1 }
$data merge entity $(bone_tail) { transformation: [-0.9764062627245647f,0.025105339954319135f,0.21447734616510578f,0.021875000000000012f,-0.11159488971162689f,0.7916477316270596f,-0.6006999663725485f,1.0805946330862297f,-0.1848712814433285f,-0.6104617849755292f,-0.7701681753889812f,-0.10736540256890476f,0f,0f,0f,1f], start_interpolation: 0, interpolation_duration: 1 }
$data merge entity $(bone_hair) { transformation: [-0.6893654271085455f,0.1215537243668512f,1.2199866483456202e-16f,0.12499999999999994f,0.1210911757475626f,0.6867421835332848f,0.08715574274765818f,2.2445514438248844f,0.01059410513093695f,0.06008215582420191f,-0.9961946980917455f,0.392858621229533f,0f,0f,0f,1f], start_interpolation: 0, interpolation_duration: 1 }
$data merge entity $(bone_ear_left) { transformation: [-0.35355339059327384f,0.5480699589017166f,-0.8350209295288149f,0.142644375f,0.06536792897911307f,1.1721163698895767f,0.4275441792888211f,2.326366881958276f,0.9331275549789437f,0.12554893701800945f,-0.3463322422257019f,0.16955456716522194f,0f,0f,0f,1f], start_interpolation: 0, interpolation_duration: 1 }
$data merge entity $(bone_ear_right) { transformation: [-0.3535533905932736f,-0.5480699589017166f,0.8350209295288149f,-0.142644375f,-0.06536792897911307f,1.1721163698895767f,0.4275441792888211f,2.326366881958276f,-0.9331275549789437f,0.12554893701800932f,-0.3463322422257017f,0.1695545671652219f,0f,0f,0f,1f], start_interpolation: 0, interpolation_duration: 1 }
$data merge entity $(bone_head) { transformation: [-1f,-1.0673500138322974e-17f,1.2199866483456202e-16f,-9.590510955207084e-18f,0f,0.9961946980917455f,0.08715574274765818f,1.9123104203017744f,-1.2246467991473532e-16f,0.08715574274765818f,-0.9961946980917455f,0.07831246496446459f,0f,0f,0f,1f], start_interpolation: 0, interpolation_duration: 1 }
$data merge entity $(bone_body) { transformation: [-1f,-1.0673500138322974e-17f,1.2199866483456202e-16f,1.2500582202296609e-18f,0f,0.9961946980917455f,0.08715574274765818f,0.981584375f,-1.2246467991473532e-16f,0.08715574274765818f,-0.9961946980917455f,-0.010207500000000001f,0f,0f,0f,1f], start_interpolation: 0, interpolation_duration: 1 }
$data merge entity $(bone_shoe_right) { transformation: [-0.9998540719352487f,-0.013680005994088498f,0.008951027160771728f,-0.13317684871748733f,-0.007388512308235067f,0.752152860321084f,0.677540033339354f,0.3449176398330135f,-0.018200554296089255f,0.6608137617510799f,-0.7374838672692503f,-0.3334831312881741f,0f,0f,0f,1f], start_interpolation: 0, interpolation_duration: 1 }
$data merge entity $(bone_lowerleg_right) { transformation: [-0.9999328253614461f,0.008188219153587098f,0.00884867232890674f,-0.12807513721307026f,0.0111967733248523f,0.8982345474482083f,0.5704687045695305f,0.7569389171637413f,-0.0029961695191723704f,0.6240165970049238f,-0.8212716713151486f,-0.0531034521271701f,0f,0f,0f,1f], start_interpolation: 0, interpolation_duration: 1 }
$data merge entity $(bone_leg_right) { transformation: [-0.9999328253614461f,0.009532153676243419f,0.006594149753244971f,-0.125f,0.0111967733248523f,0.9414537686296109f,0.3369561303793342f,1.0625f,-0.0029961695191723704f,0.3370073286731246f,-0.9414972561769986f,0.062499999999999986f,0f,0f,0f,1f], start_interpolation: 0, interpolation_duration: 1 }
$data merge entity $(bone_shoe_left) { transformation: [-0.9971377964183583f,-0.04066605569238068f,-0.0629059471593533f,0.18216925060254438f,-0.07303110897540531f,0.7333354810503099f,0.6591222264354598f,0.3000058277145872f,0.019562005923805026f,0.6648930749050603f,-0.745806459828001f,0.06207573775359493f,0f,0f,0f,1f], start_interpolation: 0, interpolation_duration: 1 }
$data merge entity $(bone_lowerleg_left) { transformation: [-0.9971377964183583f,-0.06564950457539595f,-0.03606977713538334f,0.15198838366992748f,-0.07303110897540531f,0.9583025629973759f,0.23211901021068337f,0.7197154084860888f,0.019562005923805026f,0.23127978792290818f,-0.9720183826843073f,0.15846145563467562f,0f,0f,0f,1f], start_interpolation: 0, interpolation_duration: 1 }
$data merge entity $(bone_leg_left) { transformation: [-0.9971377964183583f,-0.07545524161951465f,-0.0047667039011428085f,0.12499999999999999f,-0.07303110897540531f,0.9775793784385796f,-0.1974968758574753f,1.0625f,0.019562005923805026f,-0.19658348191997513f,-0.9802919272137539f,0.06250000000000001f,0f,0f,0f,1f], start_interpolation: 0, interpolation_duration: 1 }