# This file was generated by Animated Java via MC-Build. It is not recommended to edit this file directly.
$data merge entity $(bone_hammer) { transformation: [-0.00001903425191008131f,0.000007044971864766484f,-0.000004700362052650059f,0.34133047693683627f,-0.000007075150868793288f,-0.0000068724826731058435f,0.000018350449582216f,1.1616670625127181f,0.000004654811723921561f,0.000018362056832236594f,0.000008671526652345236f,-0.8160101047793782f,0f,0f,0f,1f], start_interpolation: 0, interpolation_duration: 1 }
$data merge entity $(bone_hand_left) { transformation: [-0.9136440916839027f,-0.2256173785272027f,-0.3381586495087912f,0.519287402734123f,-0.3396072417020778f,0.8808215799463679f,0.32987916830908065f,1.0816752208916522f,0.2234309627482349f,0.4162332793125715f,-0.8813787279473562f,-0.4001166046379967f,0f,0f,0f,1f], start_interpolation: 0, interpolation_duration: 1 }
$data merge entity $(bone_lowerarm_left) { transformation: [-0.9136440916839027f,-0.21863968341704715f,-0.3427114858979634f,0.4226076677231475f,-0.3396072417020778f,0.8738759545664759f,0.3478616641914384f,1.4680922445515157f,0.2234309627482349f,0.4342090566372654f,-0.8726632225661701f,-0.20811478740620593f,0f,0f,0f,1f], start_interpolation: 0, interpolation_duration: 1 }
$data merge entity $(bone_arm_left) { transformation: [-0.9087674329448506f,-0.15993711816692444f,-0.38543724658014783f,0.34375f,-0.3486283161770136f,0.7986050684502586f,0.49059987954048473f,1.861847827068293f,0.22934700778167277f,0.5802155314002007f,-0.7815048861930272f,0.07796291680260153f,0f,0f,0f,1f], start_interpolation: 0, interpolation_duration: 1 }
$data merge entity $(bone_bread) { transformation: [-0.000006754739796727014f,-0.000002527649612492018f,-0.000006927082915266805f,-0.5560089342226229f,0.000003499224222618316f,0.000007170228335554834f,-0.000006028536759102314f,0.7510550509562031f,0.000006490679480482268f,-0.000006496061349192719f,-0.000003958821393946807f,0.4558283708481774f,0f,0f,0f,1f], start_interpolation: 0, interpolation_duration: 1 }
$data merge entity $(bone_hand_right) { transformation: [-0.6754739796727014f,-0.2527649612492018f,-0.6927082915266805f,-0.5669298567845945f,0.34992242226183157f,0.7170228335554834f,-0.6028536759102313f,1.0051306566766085f,0.6490679480482268f,-0.6496061349192719f,-0.39588213939468064f,0.4037790430119359f,0f,0f,0f,1f], start_interpolation: 0, interpolation_duration: 1 }
$data merge entity $(bone_lowerarm_right) { transformation: [-0.6754739796727014f,0.14422211596292736f,-0.7231423677619082f,-0.5031566398822376f,0.34992242226183157f,0.9259243301101617f,-0.14219153740100304f,1.4145628213971957f,0.6490679480482268f,-0.34909041261143836f,-0.6759043442967654f,0.2494156261853155f,0f,0f,0f,1f], start_interpolation: 0, interpolation_duration: 1 }
$data merge entity $(bone_arm_right) { transformation: [-0.8057421674927967f,0.36830414990841875f,-0.46382282466934177f,-0.34375f,0.4522029261963156f,0.8883030536605684f,-0.08018851786134361f,1.7990314868096604f,0.3824814676079085f,-0.2743533087417508f,-0.8822914421657699f,0.13067208474552644f,0f,0f,0f,1f], start_interpolation: 0, interpolation_duration: 1 }
$data merge entity $(bone_uppertail) { transformation: [-0.9565013679860593f,-0.09583759431396961f,0.2755363652168408f,0.1331241114342239f,-0.08182513714241815f,0.9947203234042973f,0.06193646049036561f,0.7802436475810081f,-0.2800174636918593f,0.036696508315658016f,-0.9592932743978859f,-0.7020531094834014f,0f,0f,0f,1f], start_interpolation: 0, interpolation_duration: 1 }
$data merge entity $(bone_middletail) { transformation: [-0.9775234632900007f,-0.017883460401344062f,0.21006680023648716f,0.05349137972503077f,-0.08851969708419558f,0.939128464657567f,-0.3319668509023801f,0.9061042519936486f,-0.19134299554894846f,-0.3431004353159499f,-0.9196031477438305f,-0.35345544630366965f,0f,0f,0f,1f], start_interpolation: 0, interpolation_duration: 1 }
$data merge entity $(bone_tail) { transformation: [-0.9948074034104769f,0.01106221218704117f,0.10117241512009843f,0.021875000000000012f,-0.053021680595023386f,0.792188190729948f,-0.6079692194962596f,1.0960946330862298f,-0.08687307699502744f,-0.6101766120800932f,-0.7874881399512477f,-0.10736540256890476f,0f,0f,0f,1f], start_interpolation: 0, interpolation_duration: 1 }
$data merge entity $(bone_hair) { transformation: [-0.6893654271085455f,0.1215537243668512f,1.2199866483456202e-16f,0.12499999999999994f,0.1210911757475626f,0.6867421835332848f,0.08715574274765818f,2.260051443824884f,0.01059410513093695f,0.06008215582420191f,-0.9961946980917455f,0.392858621229533f,0f,0f,0f,1f], start_interpolation: 0, interpolation_duration: 1 }
$data merge entity $(bone_ear_left) { transformation: [-0.35355339059327406f,0.5125477760640541f,-0.8482647715390496f,0.142644375f,0.06536792897911305f,1.1895388807923981f,0.3980543942404093f,2.341866881958276f,0.9331275549789434f,0.11086942019764046f,-0.34928437782372174f,0.16955456716522194f,0f,0f,0f,1f], start_interpolation: 0, interpolation_duration: 1 }
$data merge entity $(bone_ear_right) { transformation: [-0.35355339059327384f,-0.5125477760640541f,0.8482647715390496f,-0.142644375f,-0.06536792897911305f,1.1895388807923981f,0.3980543942404093f,2.341866881958276f,-0.9331275549789434f,0.11086942019764032f,-0.3492843778237215f,0.1695545671652219f,0f,0f,0f,1f], start_interpolation: 0, interpolation_duration: 1 }
$data merge entity $(bone_head) { transformation: [-1f,-1.0673500138322974e-17f,1.2199866483456202e-16f,-9.590510955207084e-18f,0f,0.9961946980917455f,0.08715574274765818f,1.9278104203017745f,-1.2246467991473532e-16f,0.08715574274765818f,-0.9961946980917455f,0.07831246496446459f,0f,0f,0f,1f], start_interpolation: 0, interpolation_duration: 1 }
$data merge entity $(bone_body) { transformation: [-1f,-1.0673500138322974e-17f,1.2199866483456202e-16f,1.2500582202296609e-18f,0f,0.9961946980917455f,0.08715574274765818f,0.997084375f,-1.2246467991473532e-16f,0.08715574274765818f,-0.9961946980917455f,-0.010207500000000001f,0f,0f,0f,1f], start_interpolation: 0, interpolation_duration: 1 }
$data merge entity $(bone_shoe_right) { transformation: [-0.9999552027989381f,-0.0086304187742108f,0.00025158681680324986f,-0.12807057061684501f,-0.005858102840769898f,0.551360766207931f,0.8717698715584693f,0.37438161553518107f,-0.008943686437345555f,0.8195643641847562f,-0.513544757732636f,-0.37147945722176456f,0f,0f,0f,1f], start_interpolation: 0, interpolation_duration: 1 }
$data merge entity $(bone_lowerleg_right) { transformation: [-0.9999950279373176f,0.0020897807142794263f,0.0025147585520095992f,-0.1257781057658837f,0.003046252580835425f,0.8665884943159403f,0.6143975746761716f,0.7722058824123778f,-0.0008151354837979769f,0.6748290615573631f,-0.7889925831219602f,-0.06779405530813552f,0f,0f,0f,1f], start_interpolation: 0, interpolation_duration: 1 }
$data merge entity $(bone_leg_right) { transformation: [-0.9999950279373176f,0.0024666229778038035f,0.0019646556259465286f,-0.125f,0.003046252580835425f,0.9166620585856142f,0.3996515866286504f,1.0625f,-0.0008151354837979769f,0.3996555843731816f,-0.9166650148410126f,0.062499999999999986f,0f,0f,0f,1f], start_interpolation: 0, interpolation_duration: 1 }
$data merge entity $(bone_shoe_left) { transformation: [-0.9964645237726055f,-0.07697857006236768f,-0.03203503935036876f,0.19290171788842736f,-0.08115240681697593f,0.9804379296239992f,0.12782427023399145f,0.27665558368278237f,0.021742578744173954f,0.13146939005627478f,-0.9910753137763839f,0.1802579826815985f,0f,0f,0f,1f], start_interpolation: 0, interpolation_duration: 1 }
$data merge entity $(bone_lowerleg_left) { transformation: [-0.9964645237726055f,-0.08109888723904198f,-0.019362708581592565f,0.1560524024514835f,-0.08115240681697593f,0.988280151883329f,-0.029998654965026683f,0.7081876743874955f,0.021742578744173954f,-0.028094694909414825f,-0.9993623798285953f,0.16319272178787184f,0f,0f,0f,1f], start_interpolation: 0, interpolation_duration: 1 }
$data merge entity $(bone_leg_left) { transformation: [-0.9964645237726055f,-0.08400711745923144f,-0.0011211952664283095f,0.12499999999999999f,-0.08115240681697593f,0.9658851445925414f,-0.24592717280377432f,1.0625f,0.021742578744173954f,-0.24496671543627377f,-0.969287660397014f,0.06250000000000001f,0f,0f,0f,1f], start_interpolation: 0, interpolation_duration: 1 }