# This file was generated by Animated Java via MC-Build. It is not recommended to edit this file directly.
$data merge entity $(bone_hammer) { transformation: [-0.000019407998881665328f,0.000004608393091941761f,-0.000006009997528884578f,0.45874978019517865f,-0.000006990009625232439f,-0.000004536546828972956f,0.000019094168902716643f,1.057479695645789f,0.000002914982440120894f,0.00001980429836566943f,0.000005772384376937141f,-0.7591092762067589f,0f,0f,0f,1f], start_interpolation: 0, interpolation_duration: 1 }
$data merge entity $(bone_hand_left) { transformation: [-0.9315839463199357f,-0.28847988138645964f,-0.2212028684132046f,0.5805446550768555f,-0.33552046201115704f,0.9165201073303987f,0.21775424779070207f,1.0303519284592513f,0.13991915712580288f,0.2770744500929829f,-0.9506063215521324f,-0.31699519780048413f,0f,0f,0f,1f], start_interpolation: 0, interpolation_duration: 1 }
$data merge entity $(bone_lowerarm_left) { transformation: [-0.9315839463199357f,-0.2710129733068889f,-0.24228767871754203f,0.46070610594271555f,-0.33552046201115704f,0.8975313982840127f,0.28611782304876565f,1.427229093637963f,0.13991915712580288f,0.3478352446111586f,-0.9270562399744152f,-0.16318680057398746f,0f,0f,0f,1f], start_interpolation: 0, interpolation_duration: 1 }
$data merge entity $(bone_arm_left) { transformation: [-0.9154692995962237f,-0.24015049626095997f,-0.3228679306503113f,0.34375f,-0.36673474480393853f,0.8281579149387686f,0.4238632973941736f,1.830551703188709f,0.16559465103193904f,0.5064407241424076f,-0.8462246773048657f,0.08345576693560111f,0f,0f,0f,1f], start_interpolation: 0, interpolation_duration: 1 }
$data merge entity $(bone_bread) { transformation: [-0.0000074542914736497495f,-0.0000011537583229404747f,-0.000006565240312290042f,-0.6230110801689646f,0.0000034641272625278044f,0.000007744134871430473f,-0.000005294166355726479f,0.7250742471456324f,0.000005695029493767725f,-0.000006220708707642574f,-0.000005373027288203141f,0.37211795315756f,0f,0f,0f,1f], start_interpolation: 0, interpolation_duration: 1 }
$data merge entity $(bone_hand_right) { transformation: [-0.7454291473649749f,-0.11537583229404746f,-0.6565240312290042f,-0.6127733612899728f,0.3464127262527804f,0.7744134871430473f,-0.5294166355726478f,0.9823050722955537f,0.5695029493767725f,-0.6220708707642574f,-0.537302728820314f,0.33879672561646623f,0f,0f,0f,1f], start_interpolation: 0, interpolation_duration: 1 }
$data merge entity $(bone_lowerarm_right) { transformation: [-0.7454291473649749f,0.2083785163683593f,-0.6331775265870133f,-0.5206309860833389f,0.3464127262527804f,0.9326406635319278f,-0.1008940821695797f,1.394707115701078f,0.5695029493767725f,-0.29455014283284114f,-0.7674025045621823f,0.2085503343325693f,0f,0f,0f,1f], start_interpolation: 0, interpolation_duration: 1 }
$data merge entity $(bone_arm_right) { transformation: [-0.8326024969819468f,0.4086780905896638f,-0.37383860192790935f,-0.34375f,0.45087334634787746f,0.8921195552073153f,-0.028912363614358477f,1.7808276106892442f,0.32169287771490096f,-0.19262636758421342f,-0.9270430275552571f,0.12517923461252692f,0f,0f,0f,1f], start_interpolation: 0, interpolation_duration: 1 }
$data merge entity $(bone_uppertail) { transformation: [-0.7195999593736774f,0.2685631274657452f,-0.6403512669115442f,-0.2966829320610431f,0.21269750652754493f,0.9631024535880958f,0.16490431956002458f,0.7914258843691581f,0.6610110961144048f,-0.01753597611790203f,-0.750171194031886f,-0.6373027029244509f,0f,0f,0f,1f], start_interpolation: 0, interpolation_duration: 1 }
$data merge entity $(bone_middletail) { transformation: [-0.8296467222374763f,0.06084478341944313f,-0.5549632678036025f,-0.08630558393028998f,0.2425627212971792f,0.9346033878398039f,-0.2601534809977909f,0.8900632990782912f,0.5028415680087706f,-0.3504488832469038f,-0.7901493135562918f,-0.3377787034020028f,0f,0f,0f,1f], start_interpolation: 0, interpolation_duration: 1 }
$data merge entity $(bone_tail) { transformation: [-0.9371446985167361f,-0.04382576125420822f,-0.34617786857692795f,0.021875000000000012f,0.17710589839633675f,0.7950579720133124f,-0.5801002688254033f,1.0713446330862297f,0.3006548100317075f,-0.6049480339571061f,-0.7373225626659136f,-0.10736540256890476f,0f,0f,0f,1f], start_interpolation: 0, interpolation_duration: 1 }
$data merge entity $(bone_hair) { transformation: [-0.6893654271085455f,0.1215537243668512f,1.2199866483456202e-16f,0.12499999999999994f,0.1210911757475626f,0.6867421835332848f,0.08715574274765818f,2.235301443824884f,0.01059410513093695f,0.06008215582420191f,-0.9961946980917455f,0.392858621229533f,0f,0f,0f,1f], start_interpolation: 0, interpolation_duration: 1 }
$data merge entity $(bone_ear_left) { transformation: [-0.35355339059327384f,0.5480699589017165f,-0.8350209295288149f,0.142644375f,0.06536792897911302f,1.1721163698895767f,0.4275441792888211f,2.317116881958276f,0.9331275549789437f,0.12554893701800948f,-0.3463322422257019f,0.16955456716522194f,0f,0f,0f,1f], start_interpolation: 0, interpolation_duration: 1 }
$data merge entity $(bone_ear_right) { transformation: [-0.3535533905932736f,-0.5480699589017165f,0.8350209295288149f,-0.142644375f,-0.06536792897911302f,1.1721163698895767f,0.4275441792888211f,2.317116881958276f,-0.9331275549789437f,0.12554893701800934f,-0.3463322422257017f,0.1695545671652219f,0f,0f,0f,1f], start_interpolation: 0, interpolation_duration: 1 }
$data merge entity $(bone_head) { transformation: [-1f,-1.0673500138322974e-17f,1.2199866483456202e-16f,-9.590510955207084e-18f,0f,0.9961946980917455f,0.08715574274765818f,1.9030604203017745f,-1.2246467991473532e-16f,0.08715574274765818f,-0.9961946980917455f,0.07831246496446459f,0f,0f,0f,1f], start_interpolation: 0, interpolation_duration: 1 }
$data merge entity $(bone_body) { transformation: [-1f,-1.0673500138322974e-17f,1.2199866483456202e-16f,1.2500582202296609e-18f,0f,0.9961946980917455f,0.08715574274765818f,0.972334375f,-1.2246467991473532e-16f,0.08715574274765818f,-0.9961946980917455f,-0.010207500000000001f,0f,0f,0f,1f], start_interpolation: 0, interpolation_duration: 1 }
$data merge entity $(bone_shoe_right) { transformation: [-0.9999328253614461f,-0.0021175250747945723f,0.011497494047176803f,-0.1316338956987493f,0.011196773324852315f,0.06908902903499581f,1.0247810165998563f,0.46979140481526344f,-0.002996169519172368f,0.9648843330301957f,-0.007503232559355033f,-0.3817668247754311f,0f,0f,0f,1f], start_interpolation: 0, interpolation_duration: 1 }
$data merge entity $(bone_lowerleg_right) { transformation: [-0.9999328253614461f,0.004952453031321004f,0.01062572772059496f,-0.12809086585148424f,0.011196773324852315f,0.6661969292557157f,0.7822637057554405f,0.7646137701981655f,-0.002996169519172368f,0.8367803084796078f,-0.6228567961965041f,-0.019173071711162976f,0f,0f,0f,1f], start_interpolation: 0, interpolation_duration: 1 }
$data merge entity $(bone_leg_right) { transformation: [-0.9999328253614461f,0.00953215367624343f,0.006594149753244976f,-0.125f,0.011196773324852315f,0.9414537686296109f,0.33695613037933436f,1.0625f,-0.002996169519172368f,0.3370073286731248f,-0.9414972561769985f,0.062499999999999986f,0f,0f,0f,1f], start_interpolation: 0, interpolation_duration: 1 }
$data merge entity $(bone_shoe_left) { transformation: [-0.9995272317608042f,-0.028312643426643438f,-0.01442190311265472f,0.18596676843274274f,-0.02559716294948948f,0.9048133111152207f,-0.18434160887771028f,0.2711182151717012f,0.019707434749907573f,-0.1645502554792213f,-0.9830539573980851f,0.1478008003027208f,0f,0f,0f,1f], start_interpolation: 0, interpolation_duration: 1 }
$data merge entity $(bone_lowerleg_left) { transformation: [-0.9971377964183583f,-0.07588330350424594f,-0.014500147818266508f,0.15252535462593533f,-0.07303110897540531f,1.0174667052688253f,-0.06920876861482202f,0.7003856961904207f,0.019562005923805026f,-0.06949124824570524f,-0.9974968130576f,0.11366869293299478f,0f,0f,0f,1f], start_interpolation: 0, interpolation_duration: 1 }
$data merge entity $(bone_leg_left) { transformation: [-0.9971377964183583f,-0.0751891215785801f,-0.007925335966507133f,0.12499999999999999f,-0.07303110897540531f,0.9849985823788548f,-0.15634656962488416f,1.0625f,0.019562005923805026f,-0.15532027783868976f,-0.9876704608402285f,0.06250000000000001f,0f,0f,0f,1f], start_interpolation: 0, interpolation_duration: 1 }