# This file was generated by Animated Java via MC-Build. It is not recommended to edit this file directly.
$data merge entity $(bone_hammer) { transformation: [-0.000019645197256014144f,6.23648631887824e-7f,-0.000006906885327990948f,0.6142193773125578f,-0.0000069321630610061436f,-0.0000011741839479595056f,0.00001961107302341598f,0.933574828088366f,1.977823189623169e-7f,0.00002079086655765162f,0.000001314734845513427f,-0.6440381265020412f,0f,0f,0f,1f], start_interpolation: 0, interpolation_duration: 1 }
$data merge entity $(bone_hand_left) { transformation: [-0.9429694682886788f,-0.33153049574356547f,-0.02993513433061562f,0.647139281474414f,-0.33274382692829485f,0.9413315051239669f,0.05636082950205648f,0.9810111589349471f,0.009493551310191209f,0.06310727258464471f,-0.9979615947672776f,-0.18829605026726137f,0f,0f,0f,1f], start_interpolation: 0, interpolation_duration: 1 }
$data merge entity $(bone_lowerarm_left) { transformation: [-0.9429694682886788f,-0.3229709877041007f,-0.0806121763557088f,0.504325547849007f,-0.33274382692829485f,0.9214360391749316f,0.20059205206270495f,1.388458657507612f,0.009493551310191209f,0.21597538473412103f,-0.9763526543582852f,-0.09279443483014224f,0f,0f,0f,1f], start_interpolation: 0, interpolation_duration: 1 }
$data merge entity $(bone_arm_left) { transformation: [-0.9176325730601385f,-0.33573285214238147f,-0.21268265761780242f,0.34375f,-0.39078958632216254f,0.8596428558994231f,0.32908609743232314f,1.7996118159181993f,0.07234611310348743f,0.38509429013350127f,-0.9200371881752347f,0.09138988379437821f,0f,0f,0f,1f], start_interpolation: 0, interpolation_duration: 1 }
$data merge entity $(bone_bread) { transformation: [-0.00000829222755243931f,6.437634613226926e-7f,-0.000005551984404195693f,-0.691442269984538f,0.0000034140545764182526f,0.000008448310171801467f,-0.000004119500769543979f,0.7087034510193958f,0.000004425290224132646f,-0.00000531146155468546f,-0.0000072253153969425025f,0.22970362701452546f,0f,0f,0f,1f], start_interpolation: 0, interpolation_duration: 1 }
$data merge entity $(bone_hand_right) { transformation: [-0.829222755243931f,0.06437634613226925f,-0.5551984404195692f,-0.6597865614184035f,0.3414054576418252f,0.8448310171801467f,-0.41195007695439784f,0.9663418367494667f,0.4425290224132646f,-0.5311461554685459f,-0.7225315396942502f,0.23148991186839135f,0f,0f,0f,1f], start_interpolation: 0, interpolation_duration: 1 }
$data merge entity $(bone_lowerarm_right) { transformation: [-0.829222755243931f,0.28164466011743583f,-0.4827690002609921f,-0.5352468132727248f,0.3414054576418252f,0.9391260365254299f,-0.03853052053129751f,1.3816116310255553f,0.4425290224132646f,-0.19677035586533587f,-0.8748997036086992f,0.14448052013418816f,0f,0f,0f,1f], start_interpolation: 0, interpolation_duration: 1 }
$data merge entity $(bone_arm_right) { transformation: [-0.8654340869560987f,0.44244751081062783f,-0.23508305194535636f,-0.34375f,0.44431670492835645f,0.8945839524833469f,0.047981430583933414f,1.768798747959754f,0.2315307902981191f,-0.06292656145660855f,-0.9707902662301349f,0.11724511775374977f,0f,0f,0f,1f], start_interpolation: 0, interpolation_duration: 1 }
$data merge entity $(bone_uppertail) { transformation: [-0.4940184060055808f,0.3387707757799797f,-0.8007372702735497f,-0.37705199346128015f,0.23375540320804702f,0.9388103563295539f,0.2529694177552284f,0.798133255561259f,0.837439087933414f,-0.06220511494890635f,-0.5429790950630097f,-0.5872641798980871f,0f,0f,0f,1f], start_interpolation: 0, interpolation_duration: 1 }
$data merge entity $(bone_middletail) { transformation: [-0.7035040294663202f,0.07293586183680115f,-0.7069387813543503f,-0.10906334341967319f,0.29817659427504556f,0.9332268212964996f,-0.20044555031071654f,0.8741364865996459f,0.6451145628112774f,-0.35180685051737415f,-0.6782765960711458f,-0.3301490562714209f,0f,0f,0f,1f], start_interpolation: 0, interpolation_duration: 1 }
$data merge entity $(bone_tail) { transformation: [-0.906307789905586f,-0.05516274317845434f,-0.4190026989429543f,0.021875000000000012f,0.21130912063985344f,0.7994680070847165f,-0.562316068757068f,1.0498602580862297f,0.36599814957300525f,-0.5981705253629767f,-0.7129076918480516f,-0.10736540256890476f,0f,0f,0f,1f], start_interpolation: 0, interpolation_duration: 1 }
$data merge entity $(bone_hair) { transformation: [-0.6893654271085455f,0.1215537243668512f,1.2199866483456202e-16f,0.12499999999999994f,0.1210911757475626f,0.6867421835332848f,0.08715574274765818f,2.213817068824884f,0.01059410513093695f,0.06008215582420191f,-0.9961946980917455f,0.392858621229533f,0f,0f,0f,1f], start_interpolation: 0, interpolation_duration: 1 }
$data merge entity $(bone_ear_left) { transformation: [-0.35355339059327406f,0.5897082579661553f,-0.8180631514831297f,0.142644375f,0.06536792897911295f,1.1497065458645632f,0.4621493045083317f,2.295632506958276f,0.9331275549789436f,0.14289516745746522f,-0.34233127307909694f,0.16955456716522194f,0f,0f,0f,1f], start_interpolation: 0, interpolation_duration: 1 }
$data merge entity $(bone_ear_right) { transformation: [-0.35355339059327384f,-0.5897082579661553f,0.8180631514831297f,-0.142644375f,-0.06536792897911295f,1.1497065458645632f,0.4621493045083317f,2.295632506958276f,-0.9331275549789436f,0.14289516745746508f,-0.3423312730790967f,0.1695545671652219f,0f,0f,0f,1f], start_interpolation: 0, interpolation_duration: 1 }
$data merge entity $(bone_head) { transformation: [-1f,-1.0673500138322974e-17f,1.2199866483456202e-16f,-9.590510955207084e-18f,0f,0.9961946980917455f,0.08715574274765818f,1.8815760453017745f,-1.2246467991473532e-16f,0.08715574274765818f,-0.9961946980917455f,0.07831246496446459f,0f,0f,0f,1f], start_interpolation: 0, interpolation_duration: 1 }
$data merge entity $(bone_body) { transformation: [-1f,-1.0673500138322974e-17f,1.2199866483456202e-16f,1.2500582202296609e-18f,0f,0.9961946980917455f,0.08715574274765818f,0.95085f,-1.2246467991473532e-16f,0.08715574274765818f,-0.9961946980917455f,-0.010207500000000001f,0f,0f,0f,1f], start_interpolation: 0, interpolation_duration: 1 }
$data merge entity $(bone_shoe_right) { transformation: [-0.9997173061008564f,-0.00672366877704021f,0.022793320215697754f,-0.1369998749377724f,0.0229679803955886f,-0.035316207347187656f,1.0130874324480663f,0.488666902555076f,-0.006146524139262698f,0.9616209006883256f,0.0783687810279401f,-0.3460934796994285f,0f,0f,0f,1f], start_interpolation: 0, interpolation_duration: 1 }
$data merge entity $(bone_lowerleg_right) { transformation: [-0.9997173061008564f,0.008430223031600294f,0.022358513532150875f,-0.13188109486547708f,0.0229679803955886f,0.5958249037906841f,0.8202182060320268f,0.7529107800953714f,-0.006146524139262698f,0.855289059536283f,-0.5716136731799165f,0.02483814327073352f,0f,0f,0f,1f], start_interpolation: 0, interpolation_duration: 1 }
$data merge entity $(bone_leg_right) { transformation: [-0.9997173061008564f,0.020776119916749956f,0.011561173108794233f,-0.125f,0.0229679803955886f,0.9695807614244115f,0.2436916472762376f,1.0625f,-0.006146524139262698f,0.24388829393159311f,-0.9697838523733742f,0.062499999999999986f,0f,0f,0f,1f], start_interpolation: 0, interpolation_duration: 1 }
$data merge entity $(bone_shoe_left) { transformation: [-0.9997397663015003f,0.0048503905249390215f,-0.02778839764945715f,0.1742093181718211f,0.010062446188243798f,0.9345596413584605f,0.008279202914759282f,0.2765195282903862f,0.028322941316532246f,0.013457420871907641f,-0.9998488905838627f,0.038688750018430564f,0f,0f,0f,1f], start_interpolation: 0, interpolation_duration: 1 }
$data merge entity $(bone_lowerleg_left) { transformation: [-0.9979850520184634f,-0.06177163926837288f,-0.022157181648563125f,0.14713993282055607f,-0.06129011339765834f,1.0323764273608604f,0.09426539486155644f,0.7053599108728277f,0.016412128058448005f,0.09915202146293382f,-0.9953005046884019f,0.0750617741599098f,0f,0f,0f,1f], start_interpolation: 0, interpolation_duration: 1 }
$data merge entity $(bone_leg_left) { transformation: [-0.9979850520184634f,-0.06211337540737956f,-0.01295239526908637f,0.12499999999999999f,-0.06129011339765834f,0.9965238192793135f,-0.05642516822015042f,1.0625f,0.016412128058448005f,-0.05551762066652378f,-0.9983228114433332f,0.06250000000000001f,0f,0f,0f,1f], start_interpolation: 0, interpolation_duration: 1 }