# This file was generated by Animated Java via MC-Build. It is not recommended to edit this file directly.
$data merge entity $(bone_hammer) { transformation: [-0.00001937587774761433f,-0.000004299401160867017f,-0.000006333899979097961f,0.7625723873601724f,-0.000006947897620312015f,0.0000026395116628317428f,0.00001946246322070297f,0.8215925998793676f,-0.000003214009636722391f,0.000020213260637944794f,-0.000003888703410565665f,-0.465009631579422f,0f,0f,0f,1f], start_interpolation: 0, interpolation_duration: 1 }
$data merge entity $(bone_hand_left) { transformation: [-0.9300421318854877f,-0.3040271989967021f,0.2063712557216167f,0.6895855027791542f,-0.33349908577497667f,0.9341982345937423f,-0.12669655981592343f,0.9515630793535033f,-0.15427246256267474f,-0.18665776370715167f,-0.9702365106213501f,-0.030480743276906037f,0f,0f,0f,1f], start_interpolation: 0, interpolation_duration: 1 }
$data merge entity $(bone_lowerarm_left) { transformation: [-0.9300421318854877f,-0.34540319412297393f,0.12537251057366752f,0.5368525278779017f,-0.33349908577497667f,0.9366988863440827f,0.10664687575831691f,1.3657596181587772f,-0.15427246256267474f,0.057374470031560126f,-0.9863610786539814f,-0.005110469809825546f,0f,0f,0f,1f], start_interpolation: 0, interpolation_duration: 1 }
$data merge entity $(bone_arm_left) { transformation: [-0.908924503517081f,-0.41263979246029076f,-0.05987193486564495f,0.34375f,-0.4151701030424363f,0.8823492518244613f,0.22157071860818173f,1.7786714945985056f,-0.03860093840777291f,0.22624809277238433f,-0.9733045607983648f,0.1007665673547512f,0f,0f,0f,1f], start_interpolation: 0, interpolation_duration: 1 }
$data merge entity $(bone_bread) { transformation: [-0.000008990646441226441f,0.0000022787146450236656f,-0.000003738413585388463f,-0.7231035181138417f,0.000003362025886662573f,0.000009062940554064292f,-0.0000025612283090165123f,0.7171632205862781f,0.000002804471163387686f,-0.000003559574143075477f,-0.000008914279186433157f,0.03896095461219949f,0f,0f,0f,1f], start_interpolation: 0, interpolation_duration: 1 }
$data merge entity $(bone_hand_right) { transformation: [-0.899064644122644f,0.22787146450236656f,-0.37384135853884626f,-0.6827180056942584f,0.3362025886662573f,0.906294055406429f,-0.2561228309016512f,0.9684430608607819f,0.28044711633876857f,-0.3559574143075477f,-0.8914279186433157f,0.09005170483401093f,0f,0f,0f,1f], start_interpolation: 0, interpolation_duration: 1 }
$data merge entity $(bone_lowerarm_right) { transformation: [-0.899064644122644f,0.3336375850775541f,-0.2834937874314732f,-0.5351876360427775f,0.3362025886662573f,0.9408928008654722f,0.041092050978675174f,1.3844940962434829f,0.28044711633876857f,-0.058366935015850815f,-0.958093270947106f,0.0642425757566894f,0f,0f,0f,1f], start_interpolation: 0, interpolation_duration: 1 }
$data merge entity $(bone_arm_right) { transformation: [-0.8944518222234414f,0.4423107836367423f,-0.06570470607053998f,-0.34375f,0.43009386369919783f,0.8911797210939265f,0.144284348143682f,1.770207819279448f,0.12237322472445077f,0.1007962072183391f,-0.9873524793511872f,0.1078684341933768f,0f,0f,0f,1f], start_interpolation: 0, interpolation_duration: 1 }
$data merge entity $(bone_uppertail) { transformation: [-0.3691645267393452f,0.3553471974943232f,-0.8587467155280686f,-0.3909983692563578f,0.22381266636537284f,0.9308133679366424f,0.2889539140500899f,0.7943029779646775f,0.9020118860479264f,-0.08552685720506042f,-0.42315448021365365f,-0.570294227261826f,0f,0f,0f,1f], start_interpolation: 0, interpolation_duration: 1 }
$data merge entity $(bone_middletail) { transformation: [-0.6509282010214852f,0.07109164605229418f,-0.7558031853442457f,-0.10448617560143714f,0.31260878916636514f,0.9323744835600185f,-0.18153117457375617f,0.8631361072916841f,0.6917862545981035f,-0.35443447951315865f,-0.6291327186543106f,-0.3318086770264921f,0f,0f,0f,1f], start_interpolation: 0, interpolation_duration: 1 }
$data merge entity $(bone_tail) { transformation: [-0.9130751079187179f,-0.05282295994734309f,-0.4043557619245989f,0.021875000000000012f,0.20458129587123586f,0.7984283675455964f,-0.5662672825425461f,1.0400946330862297f,0.35276102488634903f,-0.5997681858859097f,-0.7182184782642794f,-0.10736540256890476f,0f,0f,0f,1f], start_interpolation: 0, interpolation_duration: 1 }
$data merge entity $(bone_hair) { transformation: [-0.6893654271085455f,0.1215537243668512f,1.2199866483456202e-16f,0.12499999999999994f,0.1210911757475626f,0.6867421835332848f,0.08715574274765818f,2.204051443824884f,0.01059410513093695f,0.06008215582420191f,-0.9961946980917455f,0.392858621229533f,0f,0f,0f,1f], start_interpolation: 0, interpolation_duration: 1 }
$data merge entity $(bone_ear_left) { transformation: [-0.35355339059327406f,0.6239154396521538f,-0.8029087372382531f,0.142644375f,0.06536792897911303f,1.129600559603441f,0.49061081538302814f,2.285866881958276f,0.9331275549789435f,0.1572644267062712f,-0.338583206163085f,0.16955456716522194f,0f,0f,0f,1f], start_interpolation: 0, interpolation_duration: 1 }
$data merge entity $(bone_ear_right) { transformation: [-0.35355339059327384f,-0.6239154396521538f,0.8029087372382531f,-0.142644375f,-0.06536792897911303f,1.129600559603441f,0.49061081538302814f,2.285866881958276f,-0.9331275549789435f,0.15726442670627103f,-0.3385832061630848f,0.1695545671652219f,0f,0f,0f,1f], start_interpolation: 0, interpolation_duration: 1 }
$data merge entity $(bone_head) { transformation: [-1f,-1.0673500138322974e-17f,1.2199866483456202e-16f,-9.590510955207084e-18f,0f,0.9961946980917455f,0.08715574274765818f,1.8718104203017745f,-1.2246467991473532e-16f,0.08715574274765818f,-0.9961946980917455f,0.07831246496446459f,0f,0f,0f,1f], start_interpolation: 0, interpolation_duration: 1 }
$data merge entity $(bone_body) { transformation: [-1f,-1.0673500138322974e-17f,1.2199866483456202e-16f,1.2500582202296609e-18f,0f,0.9961946980917455f,0.08715574274765818f,0.941084375f,-1.2246467991473532e-16f,0.08715574274765818f,-0.9961946980917455f,-0.010207500000000001f,0f,0f,0f,1f], start_interpolation: 0, interpolation_duration: 1 }
$data merge entity $(bone_shoe_right) { transformation: [-0.999271174259818f,-0.013343827963006634f,0.03556154349650077f,-0.1435478481918873f,0.03687426606956569f,-0.10643214848562904f,0.9981034008193348f,0.5001675712829168f,-0.009869589415739092f,0.9533826464041808f,0.1285468913719346f,-0.295102571362333f,0f,0f,0f,1f], start_interpolation: 0, interpolation_duration: 1 }
$data merge entity $(bone_lowerleg_right) { transformation: [-0.999271174259818f,0.012098556108251349f,0.03627040413202765f,-0.1367598574831712f,0.03687426606956569f,0.5557455982677924f,0.8366055284019952f,0.7469611584202016f,-0.009869589415739092f,0.8514004316102202f,-0.5466037391303847f,0.07425564572681674f,0f,0f,0f,1f], start_interpolation: 0, interpolation_duration: 1 }
$data merge entity $(bone_leg_right) { transformation: [-0.999271174259818f,0.035267140904801667f,0.014606473421235458f,-0.125f,0.03687426606956569f,0.9907637947687868f,0.13048904734568406f,1.0625f,-0.009869589415739092f,0.13093254655643938f,-0.9913421505499554f,0.062499999999999986f,0f,0f,0f,1f], start_interpolation: 0, interpolation_duration: 1 }
$data merge entity $(bone_shoe_left) { transformation: [-0.9997504603152724f,-0.000021516308031808463f,-0.026529746960925256f,0.16220790280047107f,0.004044841663122578f,0.9465623188385847f,0.02282205575366647f,0.26551621572066797f,0.027947777287439843f,0.045666089207934635f,-1.0027053329173352f,-0.09062595889561625f,0f,0f,0f,1f], start_interpolation: 0, interpolation_duration: 1 }
$data merge entity $(bone_lowerleg_left) { transformation: [-0.9987953258553894f,-0.0444471667718808f,-0.02524197617727023f,0.14106266413741164f,-0.04740124219501668f,1.014426220100342f,0.27455090090996753f,0.7163253342340831f,0.012689337563318973f,0.29090884455252575f,-0.9612412004529307f,0.03367301744932533f,0f,0f,0f,1f], start_interpolation: 0, interpolation_duration: 1 }
$data merge entity $(bone_leg_left) { transformation: [-0.9987953258553894f,-0.04655147389730583f,-0.015519578841416455f,0.12499999999999999f,-0.04740124219501668f,0.9970827585378379f,0.0598255368964201f,1.0625f,0.012689337563318973f,0.06048911393436018f,-0.9980881964073316f,0.06250000000000001f,0f,0f,0f,1f], start_interpolation: 0, interpolation_duration: 1 }