# This file was generated by Animated Java via MC-Build. It is not recommended to edit this file directly.
$data merge entity $(bone_hammer) { transformation: [-0.000018379020858631935f,-0.000009001681792021746f,-0.000003899883968906554f,0.8607583068102785f,-0.0000070327117894848034f,0.000006315548344966405f,0.000018565629312420615f,0.7397722840336343f,-0.000006839615116495345f,0.000017694952720913215f,-0.00000861023176462934f,-0.24203751922482247f,0f,0f,0f,1f], start_interpolation: 0, interpolation_duration: 1 }
$data merge entity $(bone_hand_left) { transformation: [-0.8821930012143328f,-0.1871944305075147f,0.4320807260170437f,0.6907652784786951f,-0.3375701658952705f,0.8911502069961893f,-0.3031463205583872f,0.9471790805244642f,-0.3283015255917765f,-0.4132911247022081f,-0.8493577306038345f,0.1309498219988025f,0f,0f,0f,1f], start_interpolation: 0, interpolation_duration: 1 }
$data merge entity $(bone_lowerarm_left) { transformation: [-0.8821930012143328f,-0.3227078437112435f,0.3429215015359754f,0.5480679038376296f,-0.3375701658952705f,0.9411424759354472f,0.017240159150533535f,1.3633405191021697f,-0.3283015255917765f,-0.1005509204201325f,-0.9392058457530895f,0.08648746187552517f,0f,0f,0f,1f], start_interpolation: 0, interpolation_duration: 1 }
$data merge entity $(bone_arm_left) { transformation: [-0.8871737519111679f,-0.44692325124505666f,0.11481437809094133f,0.34375f,-0.43489360105527985f,0.8930177467030574f,0.11570159823686543f,1.7715974482010004f,-0.15424101167015453f,0.052715382669026575f,-0.9866259669951046f,0.11058711759253828f,0f,0f,0f,1f], start_interpolation: 0, interpolation_duration: 1 }
$data merge entity $(bone_bread) { transformation: [-0.000009369699178826863f,0.0000032080108225937456f,-0.0000013847035279844645f,-0.6953072226319482f,0.000003328977848870748f,0.00000939986330756175f,-7.486496382702666e-7f,0.7582995228324032f,0.0000010614347742650561f,-0.0000011624269272843403f,-0.000009875328848129828f,-0.1705462175861075f,0f,0f,0f,1f], start_interpolation: 0, interpolation_duration: 1 }
$data merge entity $(bone_hand_right) { transformation: [-0.9369699178826862f,0.32080108225937454f,-0.13847035279844644f,-0.6663838116555721f,0.3328977848870748f,0.9399863307561748f,-0.07486496382702665f,0.994085764719137f,0.10614347742650561f,-0.11624269272843403f,-0.9875328848129827f,-0.06589872867967302f,0f,0f,0f,1f], start_interpolation: 0, interpolation_duration: 1 }
$data merge entity $(bone_lowerarm_right) { transformation: [-0.9369699178826862f,0.343353608281771f,-0.0647740122487435f,-0.5145571379934766f,0.3328977848870748f,0.9335326742789667f,0.13302560231338761f,1.4068822441268676f,0.10614347742650561f,0.10307786248001469f,-0.9889936887899539f,-0.020318986364291525f,0f,0f,0f,1f], start_interpolation: 0, interpolation_duration: 1 }
$data merge entity $(bone_arm_right) { transformation: [-0.9126858562720069f,0.3946446509596571f,0.10611374665878041f,-0.34375f,0.40861138980409945f,0.8771901939277268f,0.2521390406093419f,1.7865411249362118f,0.0064233856645632866f,0.27348302167770394f,-0.9618553825657145f,0.09804788395558972f,0f,0f,0f,1f], start_interpolation: 0, interpolation_duration: 1 }
$data merge entity $(bone_uppertail) { transformation: [-0.35241554285942905f,0.34718954124924456f,-0.8690585179366421f,-0.3762865982086677f,0.21490432390836817f,0.9338433388256306f,0.2859243782829398f,0.7929084893686118f,0.9108344617528373f,-0.08600023824465555f,-0.4037134408281217f,-0.5762446208786128f,0f,0f,0f,1f], start_interpolation: 0, interpolation_duration: 1 }
$data merge entity $(bone_middletail) { transformation: [-0.658163775396197f,0.06511289666318369f,-0.7500538350307622f,-0.09195399129553974f,0.3079643114875795f,0.932376259731704f,-0.18929472559661853f,0.8646846353562172f,0.6870068613967443f,-0.35557674414512475f,-0.6337087275846426f,-0.3360244135893348f,0f,0f,0f,1f], start_interpolation: 0, interpolation_duration: 1 }
$data merge entity $(bone_tail) { transformation: [-0.9301347301138079f,-0.046575764301476995f,-0.3642527721457272f,0.021875000000000012f,0.1857610484775751f,0.7959715663827274f,-0.5761268075508545f,1.0447242627158593f,0.3167683960003362f,-0.6035395295172973f,-0.7317088352653762f,-0.10736540256890476f,0f,0f,0f,1f], start_interpolation: 0, interpolation_duration: 1 }
$data merge entity $(bone_hair) { transformation: [-0.6893654271085455f,0.1215537243668512f,1.2199866483456202e-16f,0.12499999999999994f,0.1210911757475626f,0.6867421835332848f,0.08715574274765818f,2.208681073454514f,0.01059410513093695f,0.06008215582420191f,-0.9961946980917455f,0.392858621229533f,0f,0f,0f,1f], start_interpolation: 0, interpolation_duration: 1 }
$data merge entity $(bone_ear_left) { transformation: [-0.35355339059327395f,0.6380667754264893f,-0.7963009117595794f,0.142644375f,0.06536792897911305f,1.1208135024921586f,0.5023941378414628f,2.2904965115879055f,0.9331275549789437f,0.1632417922227699f,-0.3369050136067969f,0.16955456716522194f,0f,0f,0f,1f], start_interpolation: 0, interpolation_duration: 1 }
$data merge entity $(bone_ear_right) { transformation: [-0.35355339059327373f,-0.6380667754264893f,0.7963009117595794f,-0.142644375f,-0.06536792897911305f,1.1208135024921586f,0.5023941378414628f,2.2904965115879055f,-0.9331275549789437f,0.16324179222276974f,-0.33690501360679675f,0.1695545671652219f,0f,0f,0f,1f], start_interpolation: 0, interpolation_duration: 1 }
$data merge entity $(bone_head) { transformation: [-1f,-1.0673500138322974e-17f,1.2199866483456202e-16f,-9.590510955207084e-18f,0f,0.9961946980917455f,0.08715574274765818f,1.876440049931404f,-1.2246467991473532e-16f,0.08715574274765818f,-0.9961946980917455f,0.07831246496446459f,0f,0f,0f,1f], start_interpolation: 0, interpolation_duration: 1 }
$data merge entity $(bone_body) { transformation: [-1f,-1.0673500138322974e-17f,1.2199866483456202e-16f,1.2500582202296609e-18f,0f,0.9961946980917455f,0.08715574274765818f,0.9457140046296295f,-1.2246467991473532e-16f,0.08715574274765818f,-0.9961946980917455f,-0.010207500000000001f,0f,0f,0f,1f], start_interpolation: 0, interpolation_duration: 1 }
$data merge entity $(bone_shoe_right) { transformation: [-0.9985817090635472f,-0.019578643021633035f,0.04920158377188343f,-0.15121988677500978f,0.0514294850463365f,-0.12469312254051079f,0.9902380873985629f,0.4992498502073996f,-0.013768746914437868f,0.95418790179321f,0.13041370487634524f,-0.2362265896034753f,0f,0f,0f,1f], start_interpolation: 0, interpolation_duration: 1 }
$data merge entity $(bone_lowerleg_right) { transformation: [-0.9985817090635472f,0.017696137154083653f,0.05021371379960908f,-0.1419199590045562f,0.0514294850463365f,0.564527305440756f,0.8238106150564388f,0.7497991744972756f,-0.013768746914437868f,0.8252246773707287f,-0.5646367447012131f,0.12161352397885698f,0f,0f,0f,1f], start_interpolation: 0, interpolation_duration: 1 }
$data merge entity $(bone_leg_right) { transformation: [-0.9985817090635472f,0.05128275359631078f,0.014305576091345132f,-0.125f,0.0514294850463365f,0.9986257095080209f,0.01008466050348451f,1.0625f,-0.013768746914437868f,0.01080608593256428f,-0.9998468133245333f,0.062499999999999986f,0f,0f,0f,1f], start_interpolation: 0, interpolation_duration: 1 }
$data merge entity $(bone_shoe_left) { transformation: [-0.9995919252609075f,0.006369040962426079f,-0.02945042485802274f,0.14935873061142566f,0.007997001681152634f,0.9493429731582197f,0.10203139035192021f,0.2888534482444624f,0.032261471456607765f,0.13669647864062706f,-1.0017277194949112f,-0.20966443830180637f,0f,0f,0f,1f], start_interpolation: 0, interpolation_duration: 1 }
$data merge entity $(bone_lowerleg_left) { transformation: [-0.9994218678813094f,-0.027820783434218593f,-0.02198541416830127f,0.13524866970760027f,-0.032843014017990675f,0.9693535680755286f,0.4270904387561488f,0.7325602723188263f,0.008790132584241895f,0.45867265826837944f,-0.9039415903070998f,-0.005015532122945476f,0f,0f,0f,1f], start_interpolation: 0, interpolation_duration: 1 }
$data merge entity $(bone_leg_left) { transformation: [-0.9994218678813094f,-0.03074054953995578f,-0.01452407018077259f,0.12499999999999999f,-0.032843014017990675f,0.9833615461936793f,0.17866562595471577f,1.0625f,0.008790132584241895f,0.1790393478583908f,-0.983802645599001f,0.06250000000000001f,0f,0f,0f,1f], start_interpolation: 0, interpolation_duration: 1 }