# This file was generated by Animated Java via MC-Build. It is not recommended to edit this file directly.
$data merge entity $(bone_hammer) { transformation: [-0.000016751605497286438f,-0.00001238463661363631f,-1.796301456873721e-7f,0.8888838439707952f,-0.000007146337689028408f,0.00000941740996210377f,0.00001715430048173981f,0.6870373788392439f,-0.000010116390100991206f,0.000013854997052746909f,-0.000011820553530639736f,-0.016721996209604573f,0f,0f,0f,1f], start_interpolation: 0, interpolation_duration: 1 }
$data merge entity $(bone_hand_left) { transformation: [-0.804077063869749f,-0.008622246992993993f,0.5944625574545428f,0.6531523824016077f,-0.34302420907336356f,0.823406423123511f,-0.45203567818098067f,0.9579074758458381f,-0.4855867248475778f,-0.5673865694707071f,-0.6650398585318517f,0.26979996490174357f,0f,0f,0f,1f], start_interpolation: 0, interpolation_duration: 1 }
$data merge entity $(bone_lowerarm_left) { transformation: [-0.804077063869749f,-0.26032130790709007f,0.5345024714705684f,0.5380415540614413f,-0.34302420907336356f,0.9374427377282984f,-0.059460116633472344f,1.37243293643507f,-0.4855867248475778f,-0.231157803523945f,-0.8430727148483623f,0.16758487365599917f,0f,0f,0f,1f], start_interpolation: 0, interpolation_duration: 1 }
$data merge entity $(bone_arm_left) { transformation: [-0.855450990614214f,-0.4346833108125756f,0.2815209085630723f,0.34375f,-0.4470535754852199f,0.8942294989598065f,0.022286853433679914f,1.7721290708822415f,-0.26143202424921225f,-0.10678961789945385f,-0.9592962390241337f,0.11985283448355771f,0f,0f,0f,1f], start_interpolation: 0, interpolation_duration: 1 }
$data merge entity $(bone_bread) { transformation: [-0.000009413149131305721f,0.000003239501355049545f,9.477628408154158e-7f,-0.6135889514106588f,0.0000033327214057564537f,0.000009365061665262148f,0.0000010902238474047737f,0.8244029632921039f,-5.344075817305307e-7f,0.0000013421069169293105f,-0.000009895107758893757f,-0.3605096713182657f,0f,0f,0f,1f], start_interpolation: 0, interpolation_duration: 1 }
$data merge entity $(bone_hand_right) { transformation: [-0.941314913130572f,0.3239501355049545f,0.09477628408154157f,-0.6134040768498035f,0.33327214057564536f,0.9365061665262148f,0.10902238474047736f,1.0364653979131315f,-0.053440758173053056f,0.13421069169293104f,-0.9895107758893756f,-0.21080228291008088f,0f,0f,0f,1f], start_interpolation: 0, interpolation_duration: 1 }
$data merge entity $(bone_lowerarm_right) { transformation: [-0.941314913130572f,0.30913214760649127f,0.1355121752248924f,-0.4767097053300582f,0.33327214057564536f,0.914810953855674f,0.22814600373839286f,1.4409833665711873f,-0.053440758173053056f,0.2599196684013543f,-0.9641503261131115f,-0.09586905453885705f,0f,0f,0f,1f], start_interpolation: 0, interpolation_duration: 1 }
$data merge entity $(bone_arm_right) { transformation: [-0.9178961086563161f,0.3071993191741416f,0.25118780227657594f,-0.34375f,0.38319219506086616f,0.8506553850268466f,0.3599293785859419f,1.8091576504031193f,-0.1031041966072549f,0.42663098132199806f,-0.8985296491592258f,0.08878216706457026f,0f,0f,0f,1f], start_interpolation: 0, interpolation_duration: 1 }
$data merge entity $(bone_uppertail) { transformation: [-0.4641801862126695f,0.3125088199937341f,-0.8287792179788869f,-0.33182135530847995f,0.2056771953510157f,0.9481437677079486f,0.24232269202267362f,0.7881355287267999f,0.8615298288742599f,-0.057979592812465786f,-0.5043854882698242f,-0.6055306864990986f,0f,0f,0f,1f], start_interpolation: 0, interpolation_duration: 1 }
$data merge entity $(bone_middletail) { transformation: [-0.7290339824467433f,0.05531447548701741f,-0.6822387860855154f,-0.07319635176273759f,0.2790465315730412f,0.934157570988741f,-0.222446995442669f,0.8724791131208891f,0.6250139883673782f,-0.3525477859326469f,-0.6964679267411323f,-0.3415195848585142f,0f,0f,0f,1f], start_interpolation: 0, interpolation_duration: 1 }
$data merge entity $(bone_tail) { transformation: [-0.951856671084428f,-0.03760323908775182f,-0.3042283256407603f,0.021875000000000012f,0.15666221600084404f,0.7933803618045594f,-0.5882215157409417f,1.0562983367899335f,0.2634878133610282f,-0.6075636574985173f,-0.7492933833267501f,-0.10736540256890476f,0f,0f,0f,1f], start_interpolation: 0, interpolation_duration: 1 }
$data merge entity $(bone_hair) { transformation: [-0.6893654271085455f,0.1215537243668512f,1.2199866483456202e-16f,0.12499999999999994f,0.1210911757475626f,0.6867421835332848f,0.08715574274765818f,2.220255147528588f,0.01059410513093695f,0.06008215582420191f,-0.9961946980917455f,0.392858621229533f,0f,0f,0f,1f], start_interpolation: 0, interpolation_duration: 1 }
$data merge entity $(bone_ear_left) { transformation: [-0.35355339059327406f,0.6239154396521538f,-0.8029087372382531f,0.142644375f,0.06536792897911303f,1.129600559603441f,0.4906108153830282f,2.30207058566198f,0.9331275549789435f,0.15726442670627117f,-0.33858320616308496f,0.16955456716522194f,0f,0f,0f,1f], start_interpolation: 0, interpolation_duration: 1 }
$data merge entity $(bone_ear_right) { transformation: [-0.35355339059327384f,-0.6239154396521538f,0.8029087372382531f,-0.142644375f,-0.06536792897911303f,1.129600559603441f,0.4906108153830282f,2.30207058566198f,-0.9331275549789435f,0.157264426706271f,-0.3385832061630848f,0.1695545671652219f,0f,0f,0f,1f], start_interpolation: 0, interpolation_duration: 1 }
$data merge entity $(bone_head) { transformation: [-1f,-1.0673500138322974e-17f,1.2199866483456202e-16f,-9.590510955207084e-18f,0f,0.9961946980917455f,0.08715574274765818f,1.8880141240054782f,-1.2246467991473532e-16f,0.08715574274765818f,-0.9961946980917455f,0.07831246496446459f,0f,0f,0f,1f], start_interpolation: 0, interpolation_duration: 1 }
$data merge entity $(bone_body) { transformation: [-1f,-1.0673500138322974e-17f,1.2199866483456202e-16f,1.2500582202296609e-18f,0f,0.9961946980917455f,0.08715574274765818f,0.9572880787037037f,-1.2246467991473532e-16f,0.08715574274765818f,-0.9961946980917455f,-0.010207500000000001f,0f,0f,0f,1f], start_interpolation: 0, interpolation_duration: 1 }
$data merge entity $(bone_shoe_right) { transformation: [-0.9977229218905844f,-0.02529746761598979f,0.06214899862346072f,-0.15861362003344848f,0.06515027702313692f,-0.1302556259146379f,0.98497920430812f,0.5026291035720716f,-0.017447422099645164f,0.960237741622457f,0.12404053224423756f,-0.18205130276616804f,0f,0f,0f,1f], start_interpolation: 0, interpolation_duration: 1 }
$data merge entity $(bone_lowerleg_right) { transformation: [-0.9977229218905844f,0.024234301452261228f,0.06283627804747f,-0.14639740385092842f,0.06515027702313692f,0.5846213948210233f,0.8038965225284928f,0.761843377344573f,-0.017447422099645164f,0.7972024572958513f,-0.5914405999149343f,0.16342138690306213f,0f,0f,0f,1f], start_interpolation: 0, interpolation_duration: 1 }
$data merge entity $(bone_leg_right) { transformation: [-0.9977229218905844f,0.06660381800186109f,0.010625561711723037f,-0.125f,0.06515027702313692f,0.9924804737548772f,-0.10362408320030164f,1.0625f,-0.017447422099645164f,-0.10269586477979277f,-0.9945597753876875f,0.062499999999999986f,0f,0f,0f,1f], start_interpolation: 0, interpolation_duration: 1 }
$data merge entity $(bone_shoe_left) { transformation: [-0.99970452072543f,0.01470986431404703f,-0.018893834280448652f,0.13847783491302f,0.009754192747488387f,0.8736765825390369f,0.4340238939448277f,0.3320504270532751f,0.026281167110475942f,0.4376298716359444f,-0.901642119913984f,-0.2904791759328015f,0f,0f,0f,1f], start_interpolation: 0, interpolation_duration: 1 }
$data merge entity $(bone_lowerleg_left) { transformation: [-0.9998045247002616f,-0.014728892914956868f,-0.014394921709935705f,0.13043829800308046f,-0.019099451957230094f,0.9240251599754985f,0.5259691776614328f,0.7512668632841673f,0.005111098102903761f,0.5717676145492305f,-0.8503818027093013f,-0.03672474228496904f,0f,0f,0f,1f], start_interpolation: 0, interpolation_duration: 1 }
$data merge entity $(bone_leg_left) { transformation: [-0.9998045247002616f,-0.01683417958756357f,-0.010369319480935326f,0.12499999999999999f,-0.019099451957230094f,0.9579112203262001f,0.28642853368354143f,1.0625f,0.005111098102903761f,0.2865705922993213f,-0.9580454959475561f,0.06250000000000001f,0f,0f,0f,1f], start_interpolation: 0, interpolation_duration: 1 }