# This file was generated by Animated Java via MC-Build. It is not recommended to edit this file directly.
$data merge entity $(bone_hammer) { transformation: [-0.000014920052579543434f,-0.000014080017003826082f,0.0000036294531231861385f,0.8612553502227933f,-0.000007248750928933764f,0.00001171061559046943f,0.00001563153448130778f,0.6598509889463203f,-0.000012604579277854502f,0.000009931887103768377f,-0.000013285705760856599f,0.16749060799248047f,0f,0f,0f,1f], start_interpolation: 0, interpolation_duration: 1 }
$data merge entity $(bone_hand_left) { transformation: [-0.7161625238180848f,0.17421374991293448f,0.6758408161836519f,0.596340247021403f,-0.3479400445888206f,0.7503136551027735f,-0.5621095483425324f,0.9762389333779785f,-0.605019805337016f,-0.6377138765211166f,-0.47673058098088217f,0.3693653769436961f,0f,0f,0f,1f], start_interpolation: 0, interpolation_duration: 1 }
$data merge entity $(bone_lowerarm_left) { transformation: [-0.7161625238180848f,-0.1817406008251634f,0.6738557660881295f,0.515976825094026f,-0.3479400445888206f,0.9299364603609687f,-0.11897859077515544f,1.3874452119438443f,-0.605019805337016f,-0.31966941314899205f,-0.7292204751972742f,0.22801155831687614f,0f,0f,0f,1f], start_interpolation: 0, interpolation_duration: 1 }
$data merge entity $(bone_arm_left) { transformation: [-0.8213354015947255f,-0.3927736285655358f,0.41368712185744133f,0.34375f,-0.45178445728453526f,0.8906479708371896f,-0.0513516913033491f,1.7779843447617483f,-0.3482800055176136f,-0.22907437383317014f,-0.9089697294242488f,0.1275650180036278f,0f,0f,0f,1f], start_interpolation: 0, interpolation_duration: 1 }
$data merge entity $(bone_bread) { transformation: [-0.000009246984785311838f,0.000002642878811052923f,0.0000027401576542781063f,-0.5094034949348849f,0.0000033706859399956814f,0.000009029494685613649f,0.000002665839833221479f,0.9022177986620634f,-0.0000017696747368165813f,0.000003388719125652401f,-0.00000924039144264521f,-0.5017548272082594f,0f,0f,0f,1f], start_interpolation: 0, interpolation_duration: 1 }
$data merge entity $(bone_hand_right) { transformation: [-0.9246984785311837f,0.2642878811052923f,0.2740157654278106f,-0.5436361465297775f,0.3370685939995681f,0.9029494685613648f,0.2665839833221479f,1.0874817841195665f,-0.1769674736816581f,0.3388719125652401f,-0.9240391442645208f,-0.32318217040665165f,0f,0f,0f,1f], start_interpolation: 0, interpolation_duration: 1 }
$data merge entity $(bone_lowerarm_right) { transformation: [-0.9246984785311837f,0.2498272548674992f,0.2872613209735756f,-0.4331656572680552f,0.3370685939995681f,0.8880242398711445f,0.31272625783651464f,1.4801550026875883f,-0.1769674736816581f,0.38600426438919744f,-0.9053635850486181f,-0.15249590974705346f,0f,0f,0f,1f], start_interpolation: 0, interpolation_duration: 1 }
$data merge entity $(bone_arm_right) { transformation: [-0.913083593947233f,0.20659213231608425f,0.3515651309921079f,-0.34375f,0.35899836785185835f,0.8161501029397643f,0.45279043867015784f,1.833394969116205f,-0.1933869756320375f,0.5396468292656834f,-0.8193795075051538f,0.08106998354450018f,0f,0f,0f,1f], start_interpolation: 0, interpolation_duration: 1 }
$data merge entity $(bone_uppertail) { transformation: [-0.6538027710361749f,0.2509643954102492f,-0.7138338804104127f,-0.26005757347275366f,0.1814136546199207f,0.9678696430594136f,0.17411903962946532f,0.7827775323859983f,0.7345958225465641f,-0.01565970243687037f,-0.6783242227848904f,-0.6459330573745009f,0f,0f,0f,1f], start_interpolation: 0, interpolation_duration: 1 }
$data merge entity $(bone_middletail) { transformation: [-0.8315564301468827f,0.04193274479518673f,-0.5538551691510286f,-0.050100651185089905f,0.22535705256866484f,0.9368567482969246f,-0.26742032837478263f,0.8841697163412197f,0.507669284415491f,-0.34719026208183656f,-0.7884990929459645f,-0.34703456240800623f,0f,0f,0f,1f], start_interpolation: 0, interpolation_duration: 1 }
$data merge entity $(bone_tail) { transformation: [-0.9727335060844887f,-0.02722616128205351f,-0.23032208379228772f,0.021875000000000012f,0.11965897429317245f,0.7917884612799372f,-0.5989597335840324f,1.0713446330862297f,0.1986737426326989f,-0.6101883059562785f,-0.7669413114851248f,-0.10736540256890476f,0f,0f,0f,1f], start_interpolation: 0, interpolation_duration: 1 }
$data merge entity $(bone_hair) { transformation: [-0.6893654271085455f,0.1215537243668512f,1.2199866483456202e-16f,0.12499999999999994f,0.1210911757475626f,0.6867421835332848f,0.08715574274765818f,2.235301443824884f,0.01059410513093695f,0.06008215582420191f,-0.9961946980917455f,0.392858621229533f,0f,0f,0f,1f], start_interpolation: 0, interpolation_duration: 1 }
$data merge entity $(bone_ear_left) { transformation: [-0.35355339059327406f,0.5897082579661553f,-0.8180631514831297f,0.142644375f,0.06536792897911295f,1.1497065458645632f,0.4621493045083317f,2.317116881958276f,0.9331275549789436f,0.14289516745746522f,-0.34233127307909694f,0.16955456716522194f,0f,0f,0f,1f], start_interpolation: 0, interpolation_duration: 1 }
$data merge entity $(bone_ear_right) { transformation: [-0.35355339059327384f,-0.5897082579661553f,0.8180631514831297f,-0.142644375f,-0.06536792897911295f,1.1497065458645632f,0.4621493045083317f,2.317116881958276f,-0.9331275549789436f,0.14289516745746508f,-0.3423312730790967f,0.1695545671652219f,0f,0f,0f,1f], start_interpolation: 0, interpolation_duration: 1 }
$data merge entity $(bone_head) { transformation: [-1f,-1.0673500138322974e-17f,1.2199866483456202e-16f,-9.590510955207084e-18f,0f,0.9961946980917455f,0.08715574274765818f,1.9030604203017745f,-1.2246467991473532e-16f,0.08715574274765818f,-0.9961946980917455f,0.07831246496446459f,0f,0f,0f,1f], start_interpolation: 0, interpolation_duration: 1 }
$data merge entity $(bone_body) { transformation: [-1f,-1.0673500138322974e-17f,1.2199866483456202e-16f,1.2500582202296609e-18f,0f,0.9961946980917455f,0.08715574274765818f,0.972334375f,-1.2246467991473532e-16f,0.08715574274765818f,-0.9961946980917455f,-0.010207500000000001f,0f,0f,0f,1f], start_interpolation: 0, interpolation_duration: 1 }
$data merge entity $(bone_shoe_right) { transformation: [-0.9968540757654673f,-0.02620433033959328f,0.07450227520079268f,-0.16652613342473022f,0.0765593037637341f,-0.07904199811371426f,0.9890178007644006f,0.48737967663109294f,-0.020509135451994804f,0.9786123459482913f,0.07073031196984098f,-0.13075247480818292f,0f,0f,0f,1f], start_interpolation: 0, interpolation_duration: 1 }
$data merge entity $(bone_lowerleg_right) { transformation: [-0.9968540757654673f,0.03469456602336165f,0.07107064812643225f,-0.14970121903632766f,0.0765593037637341f,0.6509501987086774f,0.7488837397062568f,0.7752928847073298f,-0.020509135451994804f,0.7436137172332725f,-0.6588794331123566f,0.19098586894895786f,0f,0f,0f,1f], start_interpolation: 0, interpolation_duration: 1 }
$data merge entity $(bone_leg_right) { transformation: [-0.9968540757654673f,0.07909940457842277f,0.00502352715877729f,-0.125f,0.0765593037637341f,0.9773670397534153f,-0.19721141602569073f,1.0625f,-0.020509135451994804f,-0.1962064061109748f,-0.9803481124396716f,0.062499999999999986f,0f,0f,0f,1f], start_interpolation: 0, interpolation_duration: 1 }
$data merge entity $(bone_shoe_left) { transformation: [-0.9998350669029014f,0.015572774191884544f,-0.005953573753292343f,0.1307965835214284f,0.010612162300966307f,0.724867547094794f,0.694983615068955f,0.37031615971287174f,0.017720112014762337f,0.667380786915115f,-0.7211617987040227f,-0.3433767719318836f,0f,0f,0f,1f], start_interpolation: 0, interpolation_duration: 1 }
$data merge entity $(bone_lowerleg_left) { transformation: [-0.9999685879230298f,-0.005455344394885686f,-0.006169691701151595f,0.1270041358058147f,-0.007656720527213797f,0.8854684108790418f,0.5896478430911084f,0.7683164097613272f,0.0020488528473145582f,0.6465135494359489f,-0.8076368961620789f,-0.05874281288866212f,0f,0f,0f,1f], start_interpolation: 0, interpolation_duration: 1 }
$data merge entity $(bone_leg_left) { transformation: [-0.9999685879230298f,-0.006349781826065842f,-0.004743778871656017f,0.12499999999999999f,-0.007656720527213797f,0.9285791384093935f,0.3710554653170284f,1.0625f,0.0020488528473145582f,0.3710801314832548f,-0.928598588314876f,0.06250000000000001f,0f,0f,0f,1f], start_interpolation: 0, interpolation_duration: 1 }