# This file was generated by Animated Java via MC-Build. It is not recommended to edit this file directly.
$data merge entity $(bone_hammer) { transformation: [-0.000013481169214441455f,-0.000014553922923256273f,0.0000063615392738935f,0.8172510355822495f,-0.000007317202998312634f,0.000013096483613495932f,0.000014455740555941612f,0.6519203101129034f,-0.000014097673377932206f,0.000007119917294682995f,-0.00001358639616763008f,0.28292546633142324f,0f,0f,0f,1f], start_interpolation: 0, interpolation_duration: 1 }
$data merge entity $(bone_hand_left) { transformation: [-0.6470961222931897f,0.30535388514688777f,0.698588300316301f,0.5472894150205667f,-0.3512257439190064f,0.6938755466851975f,-0.6286312134478045f,0.9950631444908224f,-0.6766883221407458f,-0.6521470160462437f,-0.34175603014478384f,0.4257837326788698f,0f,0f,0f,1f], start_interpolation: 0, interpolation_duration: 1 }
$data merge entity $(bone_lowerarm_left) { transformation: [-0.6470961222931897f,-0.11781836547700643f,0.7532499195283353f,0.4951916065362029f,-0.3512257439190064f,0.9229720053131291f,-0.15736312851745765f,1.4031898280902217f,-0.6766883221407458f,-0.3663898335988429f,-0.6386324486852779f,0.2637707281343815f,0f,0f,0f,1f], start_interpolation: 0, interpolation_duration: 1 }
$data merge entity $(bone_arm_left) { transformation: [-0.7948860147204375f,-0.3499011847767865f,0.49570695425186584f,0.34375f,-0.45199219711461786f,0.886507260924349f,-0.0990349941985602f,1.7868812519590416f,-0.4047953524305347f,-0.30277720723365137f,-0.8628248289371543f,0.13272496812856677f,0f,0f,0f,1f], start_interpolation: 0, interpolation_duration: 1 }
$data merge entity $(bone_bread) { transformation: [-0.000009051644149225303f,0.0000019591234928683186f,0.0000037722106695526404f,-0.42466467959948023f,0.0000034161281729641665f,0.000008633789724200891f,0.000003713185061933168f,0.9689181956859998f,-0.0000025293885628103582f,0.000004649678498345296f,-0.000008484260920100796f,-0.5836010345737698f,0f,0f,0f,1f], start_interpolation: 0, interpolation_duration: 1 }
$data merge entity $(bone_hand_right) { transformation: [-0.9051644149225303f,0.19591234928683182f,0.37722106695526403f,-0.48553426249505194f,0.3416128172964166f,0.8633789724200891f,0.37131850619331674f,1.1327183337097557f,-0.2529388562810358f,0.46496784983452955f,-0.8484260920100796f,-0.39164473443877124f,0f,0f,0f,1f], start_interpolation: 0, interpolation_duration: 1 }
$data merge entity $(bone_lowerarm_right) { transformation: [-0.9051644149225303f,0.19591234928683182f,0.37722106695526403f,-0.398904270544781f,0.3416128172964166f,0.8633789724200891f,0.37131850619331674f,1.5144937230767639f,-0.2529388562810358f,0.46496784983452955f,-0.8484260920100796f,-0.18604176334006525f,0f,0f,0f,1f], start_interpolation: 0, interpolation_duration: 1 }
$data merge entity $(bone_arm_right) { transformation: [-0.9051644149225303f,0.127432249634151f,0.4055100537731868f,-0.34375f,0.3416128172964166f,0.7857835238925408f,0.5156015289327853f,1.8545906545115043f,-0.2529388562810358f,0.6052315881810865f,-0.7547957734718984f,0.07591003341956123f,0f,0f,0f,1f], start_interpolation: 0, interpolation_duration: 1 }
$data merge entity $(bone_uppertail) { transformation: [-0.8429452071003691f,0.16808714510969514f,-0.5110675977553147f,-0.16785670666502883f,0.13263545971960022f,0.985547596186792f,0.1053744298936225f,0.7801072943602044f,0.5213935295450896f,0.021039184853695048f,-0.853056938339526f,-0.6825692087749766f,0f,0f,0f,1f], start_interpolation: 0, interpolation_duration: 1 }
$data merge entity $(bone_middletail) { transformation: [-0.9257591730166025f,0.02647545709863378f,-0.37718563565840457f,-0.024872191455614936f,0.15251550362054384f,0.938942320502107f,-0.3084255824757252f,0.8970438417045401f,0.3459898477282074f,-0.34305446935076783f,-0.8732723838113025f,-0.351534668609652f,0f,0f,0f,1f], start_interpolation: 0, interpolation_duration: 1 }
$data merge entity $(bone_tail) { transformation: [-0.9886048493075962f,-0.016822034878954582f,-0.14959101265796784f,0.021875000000000012f,0.07821238854066494f,0.7916786402641559f,-0.6059106805695549f,1.086390929382526f,0.12862066009887027f,-0.6107061074625243f,-0.7813416513303911f,-0.10736540256890476f,0f,0f,0f,1f], start_interpolation: 0, interpolation_duration: 1 }
$data merge entity $(bone_hair) { transformation: [-0.6893654271085455f,0.1215537243668512f,1.2199866483456202e-16f,0.12499999999999994f,0.1210911757475626f,0.6867421835332848f,0.08715574274765818f,2.2503477401211804f,0.01059410513093695f,0.06008215582420191f,-0.9961946980917455f,0.392858621229533f,0f,0f,0f,1f], start_interpolation: 0, interpolation_duration: 1 }
$data merge entity $(bone_ear_left) { transformation: [-0.35355339059327384f,0.5480699589017166f,-0.8350209295288149f,0.142644375f,0.06536792897911307f,1.1721163698895767f,0.4275441792888211f,2.3321631782545724f,0.9331275549789437f,0.12554893701800945f,-0.3463322422257019f,0.16955456716522194f,0f,0f,0f,1f], start_interpolation: 0, interpolation_duration: 1 }
$data merge entity $(bone_ear_right) { transformation: [-0.3535533905932736f,-0.5480699589017166f,0.8350209295288149f,-0.142644375f,-0.06536792897911307f,1.1721163698895767f,0.4275441792888211f,2.3321631782545724f,-0.9331275549789437f,0.12554893701800932f,-0.3463322422257017f,0.1695545671652219f,0f,0f,0f,1f], start_interpolation: 0, interpolation_duration: 1 }
$data merge entity $(bone_head) { transformation: [-1f,-1.0673500138322974e-17f,1.2199866483456202e-16f,-9.590510955207084e-18f,0f,0.9961946980917455f,0.08715574274765818f,1.9181067165980707f,-1.2246467991473532e-16f,0.08715574274765818f,-0.9961946980917455f,0.07831246496446459f,0f,0f,0f,1f], start_interpolation: 0, interpolation_duration: 1 }
$data merge entity $(bone_body) { transformation: [-1f,-1.0673500138322974e-17f,1.2199866483456202e-16f,1.2500582202296609e-18f,0f,0.9961946980917455f,0.08715574274765818f,0.9873806712962963f,-1.2246467991473532e-16f,0.08715574274765818f,-0.9961946980917455f,-0.010207500000000001f,0f,0f,0f,1f], start_interpolation: 0, interpolation_duration: 1 }
$data merge entity $(bone_shoe_right) { transformation: [-0.9961946983606114f,-0.018863902054427797f,0.085089812301424f,-0.17574464214717742f,0.08418599352884863f,0.044414951356504195f,0.9954597081698284f,0.44123195446727415f,-0.02255751430834674f,0.998835054098163f,-0.042657862733010976f,-0.07397998363608488f,0f,0f,0f,1f], start_interpolation: 0, interpolation_duration: 1 }
$data merge entity $(bone_lowerleg_right) { transformation: [-0.9961946983606114f,0.04999052269787486f,0.07139377142723216f,-0.1522361652813944f,0.08418599352884863f,0.7639361887494145f,0.6397766938648044f,0.7779730085963446f,-0.02255751430834674f,0.6433525061421711f,-0.7652376829383251f,0.20344354353268107f,0f,0f,0f,1f], start_interpolation: 0, interpolation_duration: 1 }
$data merge entity $(bone_leg_right) { transformation: [-0.9961946983606114f,0.08715573967449138f,-5.3870146454418034e-8f,-0.125f,0.08418599352884863f,0.9622501834102963f,-0.25881905459299503f,1.0625f,-0.02255751430834674f,-0.25783417455535906f,-0.9659258237461018f,0.062499999999999986f,0f,0f,0f,1f], start_interpolation: 0, interpolation_duration: 1 }
$data merge entity $(bone_shoe_left) { transformation: [-0.9999396760142639f,0.009553446190657861f,0.0028226542097780877f,0.12632812500000004f,0.00823822240002139f,0.4805446511481224f,0.9104906158416244f,0.4178870261839632f,0.008827498481330425f,0.8541205255497292f,-0.4417311803101234f,-0.39418181246937206f,0f,0f,0f,1f], start_interpolation: 0, interpolation_duration: 1 }
$data merge entity $(bone_lowerleg_left) { transformation: [-1f,-9.100953238209955e-17f,9.029043306084034e-17f,0.125f,0f,0.8110050704911366f,0.6755902076156601f,0.7792788165510469f,-1.2246467991473532e-16f,0.7431492283772263f,-0.7372773368101241f,-0.06956820679396856f,0f,0f,0f,1f], start_interpolation: 0, interpolation_duration: 1 }
$data merge entity $(bone_leg_left) { transformation: [-1f,-5.175581015019659e-17f,1.1099069304367545e-16f,0.12499999999999999f,0f,0.9063077870366499f,0.42261826174069944f,1.0625f,-1.2246467991473532e-16f,0.42261826174069944f,-0.9063077870366499f,0.06250000000000001f,0f,0f,0f,1f], start_interpolation: 0, interpolation_duration: 1 }