# This file was generated by Animated Java via MC-Build. It is not recommended to edit this file directly.
$data merge entity $(bone_hammer) { transformation: [-0.000011844141673195684f,-0.000014458855930580994f,0.000009202476350512952f,0.7516552695788261f,-0.000007387399701447887f,0.000014400498356170427f,0.000013117917156422296f,0.6440917379830502f,-0.000015465135351948747f,0.0000041946287142503705f,-0.000013313994752637892f,0.39150100781110797f,0f,0f,0f,1f], start_interpolation: 0, interpolation_duration: 1 }
$data merge entity $(bone_hand_left) { transformation: [-0.5685188003133927f,0.4417188648246214f,0.6940250846678877f,0.4889446311535474f,-0.3545951856694985f,0.6296600235082703f,-0.6912239210961802f,1.0117266240899774f,-0.7423264968935398f,-0.6390717481266186f,-0.20134217828401788f,0.4743410742061154f,0f,0f,0f,1f], start_interpolation: 0, interpolation_duration: 1 }
$data merge entity $(bone_lowerarm_left) { transformation: [-0.5685188003133927f,-0.04408432858142776f,0.8214882504721206f,0.4694510921089473f,-0.3545951856694985f,0.914172709000587f,-0.19634284407266303f,1.4159623688511744f,-0.7423264968935398f,-0.402920376863783f,-0.5353564624787046f,0.29617472006166135f,0f,0f,0f,1f], start_interpolation: 0, interpolation_duration: 1 }
$data merge entity $(bone_arm_left) { transformation: [-0.7647590019586115f,-0.294414268800462f,0.5731177080233676f,0.34375f,-0.449588170509354f,0.8809988232142533f,-0.14734839813568734f,1.7921075695438224f,-0.461534555435799f,-0.37035295573518834f,-0.8061169532498923f,0.13805136825753603f,0f,0f,0f,1f], start_interpolation: 0, interpolation_duration: 1 }
$data merge entity $(bone_bread) { transformation: [-0.000008794507205490985f,0.0000010520498168410007f,0.000004642179896929026f,-0.32746009558516886f,0.000003480264495310793f,0.000008074534690562684f,0.000004763365257208281f,1.0423009178013245f,-0.0000032472145071193357f,0.000005804746395303125f,-0.0000074672965141990395f,-0.6551221029504704f,0f,0f,0f,1f], start_interpolation: 0, interpolation_duration: 1 }
$data merge entity $(bone_hand_right) { transformation: [-0.8794507205490985f,0.10520498168410006f,0.4642179896929025f,-0.41743942458770344f,0.34802644953107925f,0.8074534690562682f,0.4763365257208281f,1.181140951537972f,-0.32472145071193353f,0.5804746395303124f,-0.7467296514199039f,-0.45509715979522236f,0f,0f,0f,1f], start_interpolation: 0, interpolation_duration: 1 }
$data merge entity $(bone_lowerarm_right) { transformation: [-0.8794507205490985f,0.12973081335711972f,0.45796980925752273f,-0.3600740805563521f,0.34802644953107925f,0.831630726365478f,0.43274464224484455f,1.5488776633527068f,-0.32472145071193353f,0.5399631941443116f,-0.7765279959003473f,-0.21633218488453457f,0f,0f,0f,1f], start_interpolation: 0, interpolation_duration: 1 }
$data merge entity $(bone_arm_right) { transformation: [-0.893030881252496f,0.03771628720601201f,0.4484120056474673f,-0.34375f,0.322901739522656f,0.7477483245566267f,0.5801783430428962f,1.8725124850748718f,-0.3134171529170562f,0.6629101936176207f,-0.679940999981039f,0.07058363329059195f,0f,0f,0f,1f], start_interpolation: 0, interpolation_duration: 1 }
$data merge entity $(bone_uppertail) { transformation: [-0.9648992299482154f,0.07859691890148807f,-0.2505833202440536f,-0.06816350529697773f,0.06592231882102001f,0.9961030066482244f,0.05859221814906257f,0.7810567408342771f,0.2542119665291169f,0.040016552644629944f,-0.9663203152101475f,-0.7050726045000284f,0f,0f,0f,1f], start_interpolation: 0, interpolation_duration: 1 }
$data merge entity $(bone_middletail) { transformation: [-0.9836327275361156f,0.011811759221884219f,-0.1797974962671786f,-0.000005416812310411051f,0.0723799598095839f,0.9397041746684608f,-0.3342412385218647f,0.9077795341030779f,0.16500848080576008f,-0.3417843566559935f,-0.9251787150639729f,-0.35436132279209387f,0f,0f,0f,1f], start_interpolation: 0, interpolation_duration: 1 }
$data merge entity $(bone_tail) { transformation: [-0.9975173117007577f,-0.007535636994814314f,-0.07001733379939336f,0.021875000000000012f,0.03673030034125147f,0.7926315880936573f,-0.6085935019312714f,1.0979650034566002f,0.06008409019145374f,-0.6096543116645772f,-0.7903869447142051f,-0.10736540256890476f,0f,0f,0f,1f], start_interpolation: 0, interpolation_duration: 1 }
$data merge entity $(bone_hair) { transformation: [-0.6893654271085455f,0.1215537243668512f,1.2199866483456202e-16f,0.12499999999999994f,0.1210911757475626f,0.6867421835332848f,0.08715574274765818f,2.261921814195255f,0.01059410513093695f,0.06008215582420191f,-0.9961946980917455f,0.392858621229533f,0f,0f,0f,1f], start_interpolation: 0, interpolation_duration: 1 }
$data merge entity $(bone_ear_left) { transformation: [-0.35355339059327406f,0.5125477760640541f,-0.8482647715390496f,0.142644375f,0.06536792897911305f,1.1895388807923981f,0.3980543942404093f,2.3437372523286464f,0.9331275549789434f,0.11086942019764046f,-0.34928437782372174f,0.16955456716522194f,0f,0f,0f,1f], start_interpolation: 0, interpolation_duration: 1 }
$data merge entity $(bone_ear_right) { transformation: [-0.35355339059327384f,-0.5125477760640541f,0.8482647715390496f,-0.142644375f,-0.06536792897911305f,1.1895388807923981f,0.3980543942404093f,2.3437372523286464f,-0.9331275549789434f,0.11086942019764032f,-0.3492843778237215f,0.1695545671652219f,0f,0f,0f,1f], start_interpolation: 0, interpolation_duration: 1 }
$data merge entity $(bone_head) { transformation: [-1f,-1.0673500138322974e-17f,1.2199866483456202e-16f,-9.590510955207084e-18f,0f,0.9961946980917455f,0.08715574274765818f,1.929680790672145f,-1.2246467991473532e-16f,0.08715574274765818f,-0.9961946980917455f,0.07831246496446459f,0f,0f,0f,1f], start_interpolation: 0, interpolation_duration: 1 }
$data merge entity $(bone_body) { transformation: [-1f,-1.0673500138322974e-17f,1.2199866483456202e-16f,1.2500582202296609e-18f,0f,0.9961946980917455f,0.08715574274765818f,0.9989547453703704f,-1.2246467991473532e-16f,0.08715574274765818f,-0.9961946980917455f,-0.010207500000000001f,0f,0f,0f,1f], start_interpolation: 0, interpolation_duration: 1 }
$data merge entity $(bone_shoe_right) { transformation: [-0.9954484678921215f,0.03391828475534295f,0.08927184749288417f,-0.18904095163961038f,0.09205241212566112f,0.5829949929849959f,0.809149661223159f,0.37478699295874024f,-0.024671870481897326f,0.8066753910215239f,-0.5829045567092078f,0.026657603819095044f,0f,0f,0f,1f], start_interpolation: 0, interpolation_duration: 1 }
$data merge entity $(bone_lowerleg_right) { transformation: [-0.9954484678921215f,0.07247425494894688f,0.062344299664598354f,-0.15575385189958899f,0.09205241212566112f,0.9014879423907305f,0.4331998952310842f,0.7706184318138598f,-0.024671870481897326f,0.43935677907628135f,-0.8991390543576162f,0.21431144661976193f,0f,0f,0f,1f], start_interpolation: 0, interpolation_duration: 1 }
$data merge entity $(bone_leg_right) { transformation: [-0.9954484678921215f,0.0950971064098682f,-0.00623603429258405f,-0.125f,0.09205241212566112f,0.942511768701576f,-0.32124432956999316f,1.0625f,-0.024671870481897326f,-0.3203562176882121f,-0.9469758141554764f,0.062499999999999986f,0f,0f,0f,1f], start_interpolation: 0, interpolation_duration: 1 }
$data merge entity $(bone_shoe_left) { transformation: [-0.9999665286649072f,-0.0005482336563008127f,0.008317147520776984f,0.122651718254742f,0.007903705361590447f,0.18329334157461608f,1.022262120393473f,0.46586231979571024f,-0.002114944777644073f,0.944191022784038f,-0.11215920876422453f,-0.42891722176900393f,0f,0f,0f,1f], start_interpolation: 0, interpolation_duration: 1 }
$data merge entity $(bone_lowerleg_left) { transformation: [-0.9999665286649072f,0.003955049465441978f,0.007341906326823796f,0.12308702493881894f,0.007903705361590447f,0.721025521757974f,0.7527410825621509f,0.7845225663587172f,-0.002114944777644073f,0.8245398253133558f,-0.658275746959167f,-0.0718489930912156f,0f,0f,0f,1f], start_interpolation: 0, interpolation_duration: 1 }
$data merge entity $(bone_leg_left) { transformation: [-0.9999665286649072f,0.006077769861168609f,0.005477432187621134f,0.12499999999999999f,0.007903705361590447f,0.8906241505902701f,0.4546714790119532f,1.0625f,-0.002114944777644073f,0.4546995525606711f,-0.8906423771131222f,0.06250000000000001f,0f,0f,0f,1f], start_interpolation: 0, interpolation_duration: 1 }