# This file was generated by Animated Java via MC-Build. It is not recommended to edit this file directly.
$data merge entity $(bone_hammer) { transformation: [-0.00002065510127862105f,-3.155152431220945e-21f,-0.000002719295671251074f,0.4408739038243141f,-0.000002719295671251074f,4.58635380309792e-21f,0.00002065510127862105f,0.9190914447179253f,-2.529520366692768e-21f,0.000020833333333333336f,-4.958946943244775e-21f,-0.39062499999999994f,0f,0f,0f,1f], start_interpolation: 0, interpolation_duration: 1 }
$data merge entity $(bone_hand_left) { transformation: [-0.9914448613738104f,-0.13052619222005155f,1.2246467991473532e-16f,0.47485242341894773f,-0.13052619222005155f,0.9914448613738104f,0f,0.9866041117231406f,-1.2141697760125285e-16f,-1.5984848350717833e-17f,-1f,0.06250000000000006f,0f,0f,0f,1f], start_interpolation: 0, interpolation_duration: 1 }
$data merge entity $(bone_lowerarm_left) { transformation: [-0.9762960071199334f,-0.21643961393810285f,1.2246467991473532e-16f,0.3791455316306929f,-0.21643961393810285f,0.9762960071199334f,0f,1.418310002371486f,-1.1956177801397682e-16f,-2.6506208041798655e-17f,-1f,0.06250000000000004f,0f,0f,0f,1f], start_interpolation: 0, interpolation_duration: 1 }
$data merge entity $(bone_arm_left) { transformation: [-0.9762960071199334f,-0.21643961393810285f,1.2246467991473532e-16f,0.27194028535197634f,-0.21643961393810285f,0.9762960071199334f,0f,1.901881618398078f,-1.1956177801397682e-16f,-2.6506208041798655e-17f,-1f,0.06250000000000003f,0f,0f,0f,1f], start_interpolation: 0, interpolation_duration: 1 }
$data merge entity $(bone_bread) { transformation: [0.000008791355757355018f,-0.000001497098186133289f,-0.000004524462506054956f,-0.4714614600665057f,9.92406334448933e-7f,0.00000986074213249385f,-0.0000013345015038606318f,0.7748106926277938f,0.00000466124378411667f,7.24197222817847e-7f,0.000008817502184150367f,0.07349836530073986f,0f,0f,0f,1f], start_interpolation: 0, interpolation_duration: 1 }
$data merge entity $(bone_hand_right) { transformation: [0.8791355757355018f,-0.14970981861332888f,-0.4524462506054956f,-0.3927087280790156f,0.0992406334448933f,0.9860742132493848f,-0.13345015038606317f,1.0133982351646604f,0.466124378411667f,0.0724197222817847f,0.8817502184150366f,0.008254175898729878f,0f,0f,0f,1f], start_interpolation: 0, interpolation_duration: 1 }
$data merge entity $(bone_lowerarm_right) { transformation: [-0.8813551591972792f,-0.45496626844348165f,-0.12735296594485918f,-0.6152156687396558f,-0.461045056815047f,0.88711656538283f,0.021486158562691825f,1.4472536804222007f,0.10320144835586709f,0.07765239212017157f,-0.9916247107929825f,0.04623104892000128f,0f,0f,0f,1f], start_interpolation: 0, interpolation_duration: 1 }
$data merge entity $(bone_arm_right) { transformation: [-0.7812997549979515f,0.6237839750608402f,0.021546352300052442f,-0.3452341670336359f,0.6241511652316161f,0.780692401739453f,0.030898168332448638f,1.7851471105500578f,0.002452708738661447f,0.03758891224259623f,-0.9992902770948298f,0.06249999999999996f,0f,0f,0f,1f], start_interpolation: 0, interpolation_duration: 1 }
$data merge entity $(bone_uppertail) { transformation: [-0.9961946980917455f,-0.07898992833716559f,0.03683360850073497f,0.06388706092075874f,-0.08715574274765818f,0.9028590122851736f,-0.4210100716628343f,0.5868394044550558f,-1.2199866483456202e-16f,-0.4226182617406994f,-0.90630778703665f,-0.41609559043157496f,0f,0f,0f,1f], start_interpolation: 0, interpolation_duration: 1 }
$data merge entity $(bone_middletail) { transformation: [-0.9961946980917455f,-0.05888156633778738f,0.06425795390070178f,0.03952693460329055f,-0.08715574274765818f,0.6730193829094224f,-0.7344717739534476f,0.8652769223655901f,-1.2199866483456202e-16f,-0.737277336810124f,-0.6755902076156604f,-0.16000629478927153f,0f,0f,0f,1f], start_interpolation: 0, interpolation_duration: 1 }
$data merge entity $(bone_tail) { transformation: [-0.9961946980917455f,-0.029809019626209063f,0.08189960831908938f,0.013933307003575118f,-0.08715574274765818f,0.34071865342161023f,-0.9361168066628591f,1.1578134244477336f,-1.2199866483456202e-16f,-0.9396926207859083f,-0.3420201433256689f,-0.053125f,0f,0f,0f,1f], start_interpolation: 0, interpolation_duration: 1 }
$data merge entity $(bone_hair) { transformation: [-0.6834525651758127f,0.1512504793252451f,0.005693472539768853f,0.05727906331915038f,0.15046881055709124f,0.6775152014153193f,0.13040196020729425f,2.3098753850874716f,0.0158659447917707f,0.08998024424862798f,-0.9914448613738104f,0.38809642792573595f,0f,0f,0f,1f], start_interpolation: 0, interpolation_duration: 1 }
$data merge entity $(bone_ear_left) { transformation: [-0.38757928528159163f,0.26323462022389266f,-0.89932243320871f,0.07889685709472012f,-0.10378328516024123f,1.2477268965734805f,0.2608300947761589f,2.4004966355167614f,0.9159756150367534f,0.25275507172496753f,-0.3509798039583262f,0.16857364912917205f,0f,0f,0f,1f], start_interpolation: 0, interpolation_duration: 1 }
$data merge entity $(bone_ear_right) { transformation: [-0.2972754332013993f,-0.820496827678056f,0.7164322854517035f,-0.20612036123009106f,0.04134451062477382f,0.9634838015193176f,0.6700746807030062f,2.4129407560139837f,-0.9538961936479871f,0.29746246818738364f,-0.1942284805151213f,0.168573649129172f,0f,0f,0f,1f], start_interpolation: 0, interpolation_duration: 1 }
$data merge entity $(bone_head) { transformation: [-0.9990482215818577f,0.04324621745963607f,0.005693472539768853f,-0.08148184942244642f,0.04361938736533598f,0.9905012255519767f,0.13040196020729425f,1.9974261756242866f,-1.240828441513846e-16f,0.13052619222005157f,-0.9914448613738104f,0.059357499999999994f,0f,0f,0f,1f], start_interpolation: 0, interpolation_duration: 1 }
$data merge entity $(bone_body) { transformation: [-0.9961946980917455f,-0.08715574274765818f,1.2246467991473532e-16f,-6.403984274441296e-18f,-0.08715574274765818f,0.9961946980917455f,0f,1.066084375f,-1.2199866483456202e-16f,-1.0673500138322974e-17f,-1f,0.0522925f,0f,0f,0f,1f], start_interpolation: 0, interpolation_duration: 1 }
$data merge entity $(bone_shoe_right) { transformation: [-0.9238795377647416f,3.166665672738045e-8f,0.38268341968212655f,-0.16191454134691532f,6.389640008466484e-9f,0.9999999999999978f,-6.732300839261785e-8f,0.25142568663053855f,-0.38268341968212777f,-5.975314058478953e-8f,-0.9238795377647396f,0.059255885842137854f,0f,0f,0f,1f], start_interpolation: 0, interpolation_duration: 1 }
$data merge entity $(bone_lowerleg_right) { transformation: [-0.9753667912377996f,0.04258546548391725f,0.21643960053556952f,-0.14096954955646895f,0.04361940533130473f,0.9990482207974444f,-6.519067127785938e-8f,0.6878569172009583f,-0.21623360060134536f,0.009440903080690823f,-0.9762960100912013f,0.05895966134474093f,0f,0f,0f,1f], start_interpolation: 0, interpolation_duration: 1 }
$data merge entity $(bone_leg_right) { transformation: [-0.9753667912377996f,0.04258546548391725f,0.21643960053556952f,-0.125f,0.04361940533130473f,0.9990482207974444f,-6.519067127785938e-8f,1.0625f,-0.21623360060134536f,0.009440903080690823f,-0.9762960100912013f,0.062499999999999986f,0f,0f,0f,1f], start_interpolation: 0, interpolation_duration: 1 }
$data merge entity $(bone_shoe_left) { transformation: [-0.843391407762225f,-1.1627203311270762e-8f,-0.5372996680743922f,0.22239562766898685f,-2.182504534368506e-8f,0.9999999999999997f,1.2618381907125862e-8f,0.2577143170702837f,0.5372996680743919f,2.2368824528773423e-8f,-0.843391407762225f,0.017235823109441432f,0f,0f,0f,1f], start_interpolation: 0, interpolation_duration: 1 }
$data merge entity $(bone_lowerleg_left) { transformation: [-0.879422298599285f,-0.1157781537721785f,-0.46174867605165454f,0.16841680766456693f,-0.13052621268568446f,0.9914448586794584f,1.4472543195115373e-8f,0.6907081779952031f,0.4577983491978553f,0.06027031862512869f,-0.8870108004779559f,0.03989863051557675f,0f,0f,0f,1f], start_interpolation: 0, interpolation_duration: 1 }
$data merge entity $(bone_leg_left) { transformation: [-0.879422298599285f,-0.1157781537721785f,-0.46174867605165454f,0.12499999999999999f,-0.13052621268568446f,0.9914448586794584f,1.4472543195115373e-8f,1.0625f,0.4577983491978553f,0.06027031862512869f,-0.8870108004779559f,0.06250000000000001f,0f,0f,0f,1f], start_interpolation: 0, interpolation_duration: 1 }
$data merge entity $(bone_string2) { transformation: [-1f,0f,1.2246467991473532e-16f,1.1875f,0f,1f,0f,0.783563125f,-1.2246467991473532e-16f,0f,-1f,0.06791125000000015f,0f,0f,0f,1f], start_interpolation: 0, interpolation_duration: 1 }
$data merge entity $(bone_string) { transformation: [-1f,0f,1.2246467991473532e-16f,1.1875f,0f,1f,0f,0.615485f,-1.2246467991473532e-16f,0f,-1f,0.16466437500000014f,0f,0f,0f,1f], start_interpolation: 0, interpolation_duration: 1 }
$data merge entity $(bone_flame) { transformation: [-0.00001f,0f,1.2246467991473532e-21f,1.1875f,0f,0.00001f,0f,0.87923375f,-1.2246467991473532e-21f,0f,-0.00001f,-0.16305874999999986f,0f,0f,0f,1f], start_interpolation: 0, interpolation_duration: 1 }
$data merge entity $(bone_bomb) { transformation: [-1f,0f,1.2246467991473532e-16f,1.1640625f,0f,1f,0f,-0.000783125f,-1.2246467991473532e-16f,0f,-1f,0.22031250000000013f,0f,0f,0f,1f], start_interpolation: 0, interpolation_duration: 1 }
$data merge entity $(bone_gg) { transformation: [-0.000010833333333333334f,0f,1.3267006990762992e-21f,-1.1481063742006437e-16f,0f,0.000010833333333333334f,0f,1.09375f,-1.3267006990762992e-21f,0f,-0.000010833333333333334f,0.9375f,0f,0f,0f,1f], start_interpolation: 0, interpolation_duration: 1 }