# This file was generated by Animated Java via MC-Build. It is not recommended to edit this file directly.
$data merge entity $(bone_hammer) { transformation: [-0.000020642911177454346f,-3.175367739939629e-21f,-0.000002810337328063718f,0.44216157278084034f,-0.000002810337328063718f,4.583647056900363e-21f,0.000020642911177454346f,0.9191623220844897f,-2.5280275098552586e-21f,0.000020833333333333336f,-4.970096330605242e-21f,-0.39062499999999994f,0f,0f,0f,1f], start_interpolation: 0, interpolation_duration: 1 }
$data merge entity $(bone_hand_left) { transformation: [-0.9908597365178085f,-0.13489619174705844f,1.2246467991473532e-16f,0.475842099598656f,-0.13489619174705844f,0.9908597365178085f,0f,0.9868241437661027f,-1.213453204730524e-16f,-1.6520018944020276e-17f,-1f,0.06250000000000006f,0f,0f,0f,1f], start_interpolation: 0, interpolation_duration: 1 }
$data merge entity $(bone_lowerarm_left) { transformation: [-0.9759768586442439f,-0.21787421001787577f,1.2246467991473532e-16f,0.37950084735637657f,-0.21787421001787577f,0.9759768586442439f,0f,1.4183889109478542f,-1.1952269359805622e-16f,-2.668189539151498e-17f,-1f,0.06250000000000004f,0f,0f,0f,1f], start_interpolation: 0, interpolation_duration: 1 }
$data merge entity $(bone_arm_left) { transformation: [-0.9761366964294736f,-0.21715697060825284f,1.2246467991473532e-16f,0.27194028535197634f,-0.21715697060825284f,0.9761366964294736f,0f,1.901881618398078f,-1.1954226808126267e-16f,-2.6594058896793275e-17f,-1f,0.06250000000000003f,0f,0f,0f,1f], start_interpolation: 0, interpolation_duration: 1 }
$data merge entity $(bone_bread) { transformation: [0.000008800363793192897f,-0.0000014766359801454299f,-0.000004513661849274877f,-0.47175764139903376f,9.673616538246657e-7f,0.000009862431470384388f,-0.000001340394316117932f,0.7754118958026818f,0.000004649495514372412f,7.429614216845959e-7f,0.000008822142584866744f,0.07305362828470585f,0f,0f,0f,1f], start_interpolation: 0, interpolation_duration: 1 }
$data merge entity $(bone_hand_right) { transformation: [0.8800363793192896f,-0.14766359801454298f,-0.4513661849274877f,-0.3926360066413235f,0.09673616538246657f,0.9862431470384387f,-0.13403943161179319f,1.0139535235052186f,0.46494955143724115f,0.07429614216845959f,0.8822142584866743f,0.008088474038049659f,0f,0f,0f,1f], start_interpolation: 0, interpolation_duration: 1 }
$data merge entity $(bone_lowerarm_right) { transformation: [-0.8808634970784842f,-0.4558984627410793f,-0.12742092130016897f,-0.6155988485756325f,-0.4620123485878181f,0.886607644193579f,0.02171347530637295f,1.4475600744936408f,0.10307322284197644f,0.07799664690121359f,-0.9916110294894545f,0.04623370916317443f,0f,0f,0f,1f], start_interpolation: 0, interpolation_duration: 1 }
$data merge entity $(bone_arm_right) { transformation: [-0.7805942849251284f,0.6246693003136384f,0.021466895162013774f,-0.3452341670336359f,0.6250326644542424f,0.7799844876393749f,0.03095750970559711f,1.7851471105500578f,0.002594360703096531f,0.03758276583237666f,-0.9992901505593513f,0.06249999999999996f,0f,0f,0f,1f], start_interpolation: 0, interpolation_duration: 1 }
$data merge entity $(bone_hair) { transformation: [-0.6834535879545914f,0.15124467885855142f,0.005757023920954193f,0.05725797420310101f,0.15044538507173386f,0.6773823488860963f,0.1318575261422422f,2.3093923649178536f,0.016043042810297073f,0.0909846170213869f,-0.9912519606413001f,0.388563727478787f,0f,0f,0f,1f], start_interpolation: 0, interpolation_duration: 1 }
$data merge entity $(bone_ear_left) { transformation: [-0.3876379991019316f,0.2632183578541204f,-0.8992999437369362f,0.07888983638904508f,-0.1051280527357603f,1.2473544270689563f,0.261345188364973f,2.4003358349199955f,0.9157973979981807f,0.254603671144106f,-0.35065410836495253f,0.16917562786991103f,0f,0f,0f,1f], start_interpolation: 0, interpolation_duration: 1 }
$data merge entity $(bone_ear_right) { transformation: [-0.2972142841000117f,-0.8205159404546364f,0.7164447036485064f,-0.20612738193576613f,0.04274505530645335f,0.9630460469655394f,0.6703591041711162f,2.412779955417218f,-0.9538535157841406f,0.2988242006328986f,-0.19319849396126854f,0.169175627869911f,0f,0f,0f,1f], start_interpolation: 0, interpolation_duration: 1 }
$data merge entity $(bone_head) { transformation: [-0.9990482215818577f,0.04323780324786161f,0.005757023920954193f,-0.08148184942244642f,0.04361938736533595f,0.9903085084182205f,0.1318575261422422f,1.9974261756242866f,-1.223481206754078e-16f,0.13198314485106996f,-0.9912519606413001f,0.059357499999999994f,0f,0f,0f,1f], start_interpolation: 0, interpolation_duration: 1 }
$data merge entity $(bone_string2) { transformation: [-0.9126710453076022f,0f,-0.4086949511030551f,1.1231676062076024f,0f,1f,0f,0.783563125f,0.4086949511030551f,0f,-0.9126710453076022f,0.07164150393983708f,0f,0f,0f,1f], start_interpolation: 0, interpolation_duration: 1 }
$data merge entity $(bone_string) { transformation: [-0.9126710453076022f,0f,-0.4086949511030551f,1.1627101198985452f,0f,1f,0f,0.615485f,0.4086949511030551f,0f,-0.9126710453076022f,0.15994527967036418f,0f,0f,0f,1f], start_interpolation: 0, interpolation_duration: 1 }
$data merge entity $(bone_flame) { transformation: [-0.000009126710453076024f,0f,-0.000004086949511030551f,1.0287713333513298f,0f,0.00001f,0f,0.87923375f,0.000004086949511030551f,0f,-0.000009126710453076024f,-0.13915812739485983f,0f,0f,0f,1f], start_interpolation: 0, interpolation_duration: 1 }
$data merge entity $(bone_bomb) { transformation: [-0.9126710453076022f,0f,-0.4086949511030551f,1.1640625f,0f,1f,0f,-0.000783125f,0.4086949511030551f,0f,-0.9126710453076022f,0.22031250000000013f,0f,0f,0f,1f], start_interpolation: 0, interpolation_duration: 1 }