# This file was generated by Animated Java via MC-Build. It is not recommended to edit this file directly.
$data merge entity $(bone_hammer) { transformation: [-0.000019517537235652913f,-4.169282151891486e-21f,-0.000007286529903368265f,0.5073402622467554f,-0.000007286529903368265f,4.333763844600139e-21f,0.000019517537235652913f,0.9260205395531573f,-2.3902089502881622e-21f,0.000020833333333333336f,-5.518271821576629e-21f,-0.39062499999999994f,0f,0f,0f,1f], start_interpolation: 0, interpolation_duration: 1 }
$data merge entity $(bone_hand_left) { transformation: [-0.9368417873113397f,-0.3497534353616767f,1.2246467991473532e-16f,0.5252964484973826f,-0.3497534353616767f,0.9368417873113397f,0f,0.9994376722629873f,-1.1473002961383177e-16f,-4.2832442510646814e-17f,-1f,0.06250000000000006f,0f,0f,0f,1f], start_interpolation: 0, interpolation_duration: 1 }
$data merge entity $(bone_lowerarm_left) { transformation: [-0.9571979487142278f,-0.2894340805386858f,1.2246467991473532e-16f,0.39731231600918243f,-0.2894340805386858f,0.9571979487142278f,0f,1.4226986402100599f,-1.1722294040432915e-16f,-3.5445452029585886e-17f,-1f,0.06250000000000004f,0f,0f,0f,1f], start_interpolation: 0, interpolation_duration: 1 }
$data merge entity $(bone_arm_left) { transformation: [-0.9674356657423708f,-0.25311703350350756f,1.2246467991473532e-16f,0.27194028535197634f,-0.25311703350350756f,0.9674356657423708f,0f,1.901881618398078f,-1.1847669914323832e-16f,-3.099789648897439e-17f,-1f,0.06250000000000003f,0f,0f,0f,1f], start_interpolation: 0, interpolation_duration: 1 }
$data merge entity $(bone_bread) { transformation: [0.000009140815405750947f,-3.8019863256400567e-7f,-0.000004037442596221353f,-0.4881475218515231f,-3.4858882413348646e-7f,0.00000984543935327699f,-0.0000017163361479133384f,0.8085429679398648f,0.000004040294487989137f,0.0000017096119269416725f,0.000008986281072255834f,0.049320106274757206f,0f,0f,0f,1f], start_interpolation: 0, interpolation_duration: 1 }
$data merge entity $(bone_hand_right) { transformation: [0.9140815405750946f,-0.03801986325640056f,-0.4037442596221353f,-0.3888662382001504f,-0.03485888241334864f,0.9845439353276989f,-0.17163361479133382f,1.0431874754908814f,0.40402944879891367f,0.17096119269416724f,0.8986281072255833f,-0.0003588056766595099f,0f,0f,0f,1f], start_interpolation: 0, interpolation_duration: 1 }
$data merge entity $(bone_lowerarm_right) { transformation: [-0.8547728079428936f,-0.5021149842050473f,-0.13131637155429687f,-0.6344318476629314f,-0.5100304144487509f,0.8595067942074376f,0.033422253791280644f,1.4635400170329562f,0.09608549910708047f,0.09554377712869716f,-0.9907769494257147f,0.04636807282534394f,0f,0f,0f,1f], start_interpolation: 0, interpolation_duration: 1 }
$data merge entity $(bone_arm_right) { transformation: [-0.7437873521571304f,0.668182366796928f,0.01768331057071834f,-0.3452341670336359f,0.6683455453642326f,0.7430633207615341f,0.034221825354994115f,1.7851471105500578f,0.009726600787075575f,0.03727232271400668f,-0.9992578081739626f,0.06249999999999996f,0f,0f,0f,1f], start_interpolation: 0, interpolation_duration: 1 }
$data merge entity $(bone_hair) { transformation: [-0.6835197082934982f,0.15086969178260282f,0.00893793518060076f,0.056158396467052105f,0.1489309803314317f,0.6687937328148776f,0.2047123718635523f,2.284207894249114f,0.0249072574140483f,0.14125607614883107f,-0.978781363799243f,0.41115259761632716f,0f,0f,0f,1f], start_interpolation: 0, interpolation_duration: 1 }
$data merge entity $(bone_ear_left) { transformation: [-0.3905767779094537f,0.2622471608344136f,-0.8981956125744441f,0.0784867998789772f,-0.17243715354194616f,1.2251103582282559f,0.2866385303985185f,2.3911047811859434f,0.9042760688176043f,0.34688764289914303f,-0.33329115566272743f,0.19915191740056637f,0f,0f,0f,1f], start_interpolation: 0, interpolation_duration: 1 }
$data merge entity $(bone_ear_right) { transformation: [-0.29414177304362066f,-0.8215901933567429f,0.7169840670255678f,-0.20653041844583397f,0.1131171281869962f,0.9384416103559731f,0.6827125565047417f,2.4035489016831657f,-0.9490443259729662f,0.36649269860737654f,-0.1408453507299253f,0.19915191740056631f,0f,0f,0f,1f], start_interpolation: 0, interpolation_duration: 1 }
$data merge entity $(bone_head) { transformation: [-0.9990482215818577f,0.042693843453531f,0.00893793518060076f,-0.08148184942244642f,0.04361938736533598f,0.9778497808210991f,0.2047123718635523f,1.9974261756242866f,-1.240828441513846e-16f,0.20490739830297475f,-0.978781363799243f,0.059357499999999994f,0f,0f,0f,1f], start_interpolation: 0, interpolation_duration: 1 }
$data merge entity $(bone_string2) { transformation: [-0.6936533058128048f,0f,-0.720309024887907f,1.0705440035757894f,0f,1f,0f,0.783563125f,0.720309024887907f,0f,-0.6936533058128048f,0.09771662635668611f,0f,0f,0f,1f], start_interpolation: 0, interpolation_duration: 1 }
$data merge entity $(bone_string) { transformation: [-0.6936533058128048f,0f,-0.720309024887907f,1.1402361526993972f,0f,1f,0f,0.615485f,0.720309024887907f,0f,-0.6936533058128048f,0.16482975136065564f,0f,0f,0f,1f], start_interpolation: 0, interpolation_duration: 1 }
$data merge entity $(bone_flame) { transformation: [-0.000006936533058128048f,0f,-0.000007203090248879071f,0.9041742280974296f,0f,0.00001f,0f,0.87923375f,0.000007203090248879071f,0f,-0.000006936533058128048f,-0.06249647768689742f,0f,0f,0f,1f], start_interpolation: 0, interpolation_duration: 1 }
$data merge entity $(bone_bomb) { transformation: [-0.6936533058128048f,0f,-0.720309024887907f,1.1640625f,0f,1f,0f,-0.000783125f,0.720309024887907f,0f,-0.6936533058128048f,0.22031250000000013f,0f,0f,0f,1f], start_interpolation: 0, interpolation_duration: 1 }