# This file was generated by Animated Java via MC-Build. It is not recommended to edit this file directly.
$data merge entity $(bone_hammer) { transformation: [-0.00001937780984170576f,-4.250072368137404e-21f,-0.000007650376691148566f,0.5128473801810257f,-0.000007650376691148566f,4.302738130613939e-21f,0.00001937780984170576f,0.9268970768704022f,-2.373097279713104e-21f,0.000020833333333333336f,-5.562830201980147e-21f,-0.39062499999999994f,0f,0f,0f,1f], start_interpolation: 0, interpolation_duration: 1 }
$data merge entity $(bone_hand_left) { transformation: [-0.9301348724018764f,-0.3672180811751311f,1.2246467991473532e-16f,0.5294269821846597f,-0.3672180811751311f,0.9301348724018764f,0f,1.0006372748454626f,-1.1390866942622898e-16f,-4.497124477001573e-17f,-1f,0.06250000000000006f,0f,0f,0f,1f], start_interpolation: 0, interpolation_duration: 1 }
$data merge entity $(bone_lowerarm_left) { transformation: [-0.9553743918669373f,-0.2953976495588275f,1.2246467991473532e-16f,0.3988058340203656f,-0.2953976495588275f,0.9553743918669373f,0f,1.423091888749124f,-1.1699961909871939e-16f,-3.617577860078698e-17f,-1f,0.06250000000000004f,0f,0f,0f,1f], start_interpolation: 0, interpolation_duration: 1 }
$data merge entity $(bone_arm_left) { transformation: [-0.9666417254742291f,-0.2561323380055809f,1.2246467991473532e-16f,0.27194028535197634f,-0.2561323380055809f,0.9666417254742291f,0f,1.901881618398078f,-1.1837946950242893e-16f,-3.136716478966626e-17f,-1f,0.06250000000000003f,0f,0f,0f,1f], start_interpolation: 0, interpolation_duration: 1 }
$data merge entity $(bone_bread) { transformation: [0.000009158903547482117f,-2.825669992391833e-7f,-0.000004004327871049082f,-0.4896552095830756f,-4.636347239542953e-7f,0.000009833980184440695f,-0.0000017543878062650723f,0.8116135977284925f,0.000003987421303381841f,0.000001792481414957688f,0.000008993746812445188f,0.04721161028898066f,0f,0f,0f,1f], start_interpolation: 0, interpolation_duration: 1 }
$data merge entity $(bone_hand_right) { transformation: [0.9158903547482116f,-0.028256699923918327f,-0.4004327871049082f,-0.38853911713155603f,-0.046363472395429525f,0.9833980184440695f,-0.17543878062650722f,1.0457640448167318f,0.398742130338184f,0.1792481414957688f,0.8993746812445187f,-0.0010783107682482557f,0f,0f,0f,1f], start_interpolation: 0, interpolation_duration: 1 }
$data merge entity $(bone_lowerarm_right) { transformation: [-0.8524557735005884f,-0.5059425718296227f,-0.13168624922876457f,-0.6359766561669808f,-0.5140125408879564f,0.8570914199261229f,0.03442972115671592f,1.4649353173743513f,0.09544769266682149f,0.09703819814613984f,-0.9906933562233726f,0.04637943301259825f,0f,0f,0f,1f], start_interpolation: 0, interpolation_duration: 1 }
$data merge entity $(bone_arm_right) { transformation: [-0.7405724539280026f,0.6717515994416635f,0.017384738439885323f,-0.3452341670336359f,0.6718971501749685f,0.7398395221388165f,0.03452102356772594f,1.7851471105500578f,0.01032763621611019f,0.03724607534995338f,-0.9992527557135948f,0.06249999999999996f,0f,0f,0f,1f], start_interpolation: 0, interpolation_duration: 1 }
$data merge entity $(bone_hair) { transformation: [-0.6835265843649799f,0.15083069564341792f,0.009204005124921208f,0.056062454634028966f,0.14877349240231919f,0.6679005743856927f,0.21080637548775188f,2.2820104649992654f,0.025648711951301445f,0.14546107378602785f,-0.9774845054236806f,0.41296989909733167f,0f,0f,0f,1f], start_interpolation: 0, interpolation_duration: 1 }
$data merge entity $(bone_ear_left) { transformation: [-0.3908225944852278f,0.2621517541920727f,-0.898105161857251f,0.07844843411892267f,-0.17806727876139378f,1.2229251868603177f,0.28871019241879636f,2.3902260608125667f,0.9030779279078563f,0.3545848912696027f,-0.3317431883835179f,0.20164540171728268f,0f,0f,0f,1f], start_interpolation: 0, interpolation_duration: 1 }
$data merge entity $(bone_ear_right) { transformation: [-0.29388370320850987f,-0.8216906498686406f,0.7170217741195172f,-0.20656878420588853f,0.11902789918549563f,0.9361407779596512f,0.683576190944071f,2.4026701813097895f,-0.9484011430844755f,0.3721087472225683f,-0.1363941590131145f,0.20164540171728262f,0f,0f,0f,1f], start_interpolation: 0, interpolation_duration: 1 }
$data merge entity $(bone_head) { transformation: [-0.9990482215818577f,0.04263727528568936f,0.009204005124921208f,-0.08148184942244642f,0.04361938736533598f,0.9765541567673498f,0.21080637548775188f,1.9974261756242866f,-1.223481206754078e-16f,0.2110072075940123f,-0.9774845054236806f,0.059357499999999994f,0f,0f,0f,1f], start_interpolation: 0, interpolation_duration: 1 }
$data merge entity $(bone_string2) { transformation: [0.16045453442066326f,0f,-0.9870432322770103f,1.009875224446459f,0f,1f,0f,0.783563125f,0.9870432322770103f,0f,0.16045453442066326f,0.2216321458573848f,0f,0f,0f,1f], start_interpolation: 0, interpolation_duration: 1 }
$data merge entity $(bone_string) { transformation: [0.16045453442066326f,0f,-0.9870432322770103f,1.1053747416793607f,0f,1f,0f,0.615485f,0.9870432322770103f,0f,0.16045453442066326f,0.20610766823176557f,0f,0f,0f,1f], start_interpolation: 0, interpolation_duration: 1 }
$data merge entity $(bone_flame) { transformation: [0.0000016045453442066328f,0f,-0.000009870432322770104f,0.781897849087438f,0f,0.00001f,0f,0.87923375f,0.000009870432322770104f,0f,0.0000016045453442066328f,0.2586923296725254f,0f,0f,0f,1f], start_interpolation: 0, interpolation_duration: 1 }
$data merge entity $(bone_bomb) { transformation: [0.16045453442066326f,0f,-0.9870432322770103f,1.1640625f,0f,1f,0f,-0.000783125f,0.9870432322770103f,0f,0.16045453442066326f,0.22031250000000013f,0f,0f,0f,1f], start_interpolation: 0, interpolation_duration: 1 }