# This file was generated by Animated Java via MC-Build. It is not recommended to edit this file directly.
$data merge entity $(bone_hammer) { transformation: [-0.000019282454151773062f,-4.302753644872093e-21f,-0.000007887632069420313f,0.5164600902610297f,-0.000007887632069420313f,4.281564914115479e-21f,0.000019282454151773062f,0.9274975990269579f,-2.361419575667447e-21f,0.000020833333333333336f,-5.591885605938246e-21f,-0.39062499999999994f,0f,0f,0f,1f], start_interpolation: 0, interpolation_duration: 1 }
$data merge entity $(bone_hand_left) { transformation: [-0.9255577992851068f,-0.37860633933217497f,1.2246467991473532e-16f,0.5321334005223857f,-0.37860633933217497f,0.9255577992851068f,0f,1.0014357309038946f,-1.1334813963203743e-16f,-4.636590416000448e-17f,-1f,0.06250000000000006f,0f,0f,0f,1f], start_interpolation: 0, interpolation_duration: 1 }
$data merge entity $(bone_lowerarm_left) { transformation: [-0.9541578581005873f,-0.2993038286171756f,1.2246467991473532e-16f,0.3997849888057283f,-0.2993038286171756f,0.9541578581005873f,0f,1.423352408782748f,-1.1685063668041787e-16f,-3.665414756885721e-17f,-1f,0.06250000000000004f,0f,0f,0f,1f], start_interpolation: 0, interpolation_duration: 1 }
$data merge entity $(bone_arm_left) { transformation: [-0.9661157544284261f,-0.25810918047445186f,1.2246467991473532e-16f,0.27194028535197634f,-0.25810918047445186f,0.9661157544284261f,0f,1.901881618398078f,-1.1831505662666025e-16f,-3.16092581698584e-17f,-1f,0.06250000000000003f,0f,0f,0f,1f], start_interpolation: 0, interpolation_duration: 1 }
$data merge entity $(bone_bread) { transformation: [0.000009169838139487975f,-2.1814275834956954e-7f,-0.000003983275314684065f,-0.4906542915965662f,-5.393913532691034e-7f,0.000009825543603485247f,-0.000001779817368166941f,0.8136535428924372f,0.00000395260995591651f,0.0000018469181446371166f,0.000008998098015880908f,0.04582024099230108f,0f,0f,0f,1f], start_interpolation: 0, interpolation_duration: 1 }
$data merge entity $(bone_hand_right) { transformation: [0.9169838139487974f,-0.021814275834956952f,-0.3983275314684065f,-0.3883237346301124f,-0.05393913532691033f,0.9825543603485247f,-0.1779817368166941f,1.0474638303628319f,0.39526099559165095f,0.18469181446371163f,0.8998098015880908f,-0.0015508375677951644f,0f,0f,0f,1f], start_interpolation: 0, interpolation_duration: 1 }
$data merge entity $(bone_lowerarm_right) { transformation: [-0.8509258066403853f,-0.5084477636855049f,-0.13193234325448328f,-0.6369864690575546f,-0.5166193145229367f,0.8554957762846812f,0.03509217321457769f,1.4658547334520589f,0.09502502541573479f,0.09801963253491455f,-0.9906373686584103f,0.04638688896881148f,0f,0f,0f,1f], start_interpolation: 0, interpolation_duration: 1 }
$data merge entity $(bone_arm_right) { transformation: [-0.738453954940322f,0.674084741138296f,0.01719064273125393f,-0.3452341670336359f,0.6742186561853298f,0.7377152395044019f,0.03471928937364751f,1.7851471105500578f,0.010721944070219164f,0.03722884859191562f,-0.9992492445570701f,0.06249999999999996f,0f,0f,0f,1f], start_interpolation: 0, interpolation_duration: 1 }
$data merge entity $(bone_hair) { transformation: [-0.6835312049244817f,0.1508044911483187f,0.009378366767712329f,0.055999244147403274f,0.14866766419078664f,0.6673003927736256f,0.21479991367487897f,2.280562706833389f,0.026134603852773358f,0.148216703693145f,-0.9766130468727288f,0.4141546754940107f,0f,0f,0f,1f], start_interpolation: 0, interpolation_duration: 1 }
$data merge entity $(bone_ear_left) { transformation: [-0.3909836836382576f,0.26208802595370567f,-0.8980460510520225f,0.07842289608402166f,-0.18175682695478274f,1.2214655702299435f,0.2900640524431293f,2.3896411436486256f,0.9022728051892001f,0.35962720613786703f,-0.33072063085047687f,0.20327825456595638f,0f,0f,0f,1f], start_interpolation: 0, interpolation_duration: 1 }
$data merge entity $(bone_ear_right) { transformation: [-0.2937144933884791f,-0.8217573835058393f,0.7170458538501074f,-0.20659432224078955f,0.1229034412319731f,0.9346123263790587f,0.6841277074479789f,2.4020852641458483f,-0.9479591449566208f,0.3757853137550218f,-0.13347105820492555f,0.20327825456595633f,0f,0f,0f,1f], start_interpolation: 0, interpolation_duration: 1 }
$data merge entity $(bone_head) { transformation: [-0.9990482215818577f,0.042599262797582554f,0.009378366767712329f,-0.08148184942244642f,0.04361938736533598f,0.9756835276518392f,0.21479991367487897f,1.9974261756242866f,-1.1887867372345418e-16f,0.21500455036571944f,-0.9766130468727288f,0.059357499999999994f,0f,0f,0f,1f], start_interpolation: 0, interpolation_duration: 1 }
$data merge entity $(bone_string2) { transformation: [0.8910749742120577f,0f,-0.45385613395984903f,1.0740096881562566f,0f,1f,0f,0.783563125f,0.45385613395984903f,0f,0.8910749742120577f,0.34547618677395153f,0f,0f,0f,1f], start_interpolation: 0, interpolation_duration: 1 }
$data merge entity $(bone_string) { transformation: [0.8910749742120577f,0f,-0.45385613395984903f,1.1179216874172906f,0f,1f,0f,0.615485f,0.45385613395984903f,0f,0.8910749742120577f,0.25926189840964053f,0f,0f,0f,1f], start_interpolation: 0, interpolation_duration: 1 }
$data merge entity $(bone_flame) { transformation: [0.000008910749742120578f,0f,-0.00000453856133959849f,0.9691825368955501f,0f,0.00001f,0f,0.87923375f,0.00000453856133959849f,0f,0.000008910749742120578f,0.5512877735677105f,0f,0f,0f,1f], start_interpolation: 0, interpolation_duration: 1 }
$data merge entity $(bone_bomb) { transformation: [0.8910749742120577f,0f,-0.45385613395984903f,1.1640625f,0f,1f,0f,-0.000783125f,0.45385613395984903f,0f,0.8910749742120577f,0.22031250000000013f,0f,0f,0f,1f], start_interpolation: 0, interpolation_duration: 1 }