# This file was generated by Animated Java via MC-Build. It is not recommended to edit this file directly.
$data merge entity $(bone_hammer) { transformation: [-0.000019247490260651805f,-4.321613988866597e-21f,-0.000007972571507606038f,0.5177577737387029f,-0.000007972571507606038f,4.273801370724818e-21f,0.000019247490260651805f,0.9277182517478206f,-2.3571377339327097e-21f,0.000020833333333333336f,-5.602287687047798e-21f,-0.39062499999999994f,0f,0f,0f,1f], start_interpolation: 0, interpolation_duration: 1 }
$data merge entity $(bone_hand_left) { transformation: [-0.9238795325112866f,-0.3826834323650898f,1.2246467991473532e-16f,0.5331049393476144f,-0.3826834323650898f,0.9238795325112866f,0f,1.0017247684052923f,-1.1314261122877005e-16f,-4.6865204053262986e-17f,-1f,0.06250000000000006f,0f,0f,0f,1f], start_interpolation: 0, interpolation_duration: 1 }
$data merge entity $(bone_lowerarm_left) { transformation: [-0.9537169507482268f,-0.3007057995042731f,1.2246467991473532e-16f,0.40013659362931864f,-0.3007057995042731f,0.9537169507482268f,0f,1.4234464825642739f,-1.1679664110263902e-16f,-3.682583948479538e-17f,-1f,0.06250000000000004f,0f,0f,0f,1f], start_interpolation: 0, interpolation_duration: 1 }
$data merge entity $(bone_arm_left) { transformation: [-0.9659258262890682f,-0.25881904510252074f,1.2246467991473532e-16f,0.27194028535197634f,-0.25881904510252074f,0.9659258262890682f,0f,1.901881618398078f,-1.1829179713786698e-16f,-3.169619151431765e-17f,-1f,0.06250000000000003f,0f,0f,0f,1f], start_interpolation: 0, interpolation_duration: 1 }
$data merge entity $(bone_bread) { transformation: [0.000009173584909239122f,-1.949300240016725e-7f,-0.000003975844840876345f,-0.4910150869331519f,-5.666572518013097e-7f,0.000009822333472453695f,-0.0000017890401658142753f,0.814391313816136f,0.000003940081150428417f,0.0000018664853178255887f,0.000008999555160472114f,0.04531889418852942f,0f,0f,0f,1f], start_interpolation: 0, interpolation_duration: 1 }
$data merge entity $(bone_hand_right) { transformation: [0.9173584909239122f,-0.01949300240016725f,-0.3975844840876344f,-0.38824621501448964f,-0.056665725180130966f,0.9822333472453695f,-0.17890401658142752f,1.048076252774981f,0.3940081150428416f,0.18664853178255886f,0.8999555160472114f,-0.0017206717997596474f,0f,0f,0f,1f], start_interpolation: 0, interpolation_duration: 1 }
$data merge entity $(bone_lowerarm_right) { transformation: [-0.8503743001478833f,-0.5093465395944754f,-0.13202140830612027f,-0.6373485070349127f,-0.5175546180300833f,0.8549204515107791f,0.03533042519331358f,1.4661857860919714f,0.09487237218354154f,0.09837237514535892f,-0.9906170343803544f,0.04638956791976744f,0f,0f,0f,1f], start_interpolation: 0, interpolation_duration: 1 }
$data merge entity $(bone_arm_right) { transformation: [-0.7376911350327651f,0.6749212187755134f,0.017121265743114688f,-0.3452341670336359f,0.6750509401109843f,0.7369503525385388f,0.03479089174769392f,1.7851471105500578f,0.010863588235346153f,0.037222658957937936f,-0.9992479452622126f,0.06249999999999996f,0f,0f,0f,1f], start_interpolation: 0, interpolation_duration: 1 }
$data merge entity $(bone_hair) { transformation: [-0.6835328859006344f,0.15079495785882455f,0.009440963361570005f,0.05597648592439326f,0.14862916350709215f,0.6670820445461462f,0.21623361138472552f,2.2800414578292685f,0.02630904117469976f,0.149205986905649f,-0.9762960071199334f,0.41457882599364976f,0f,0f,0f,1f], start_interpolation: 0, interpolation_duration: 1 }
$data merge entity $(bone_ear_left) { transformation: [-0.3910415153501276f,0.2620649136808666f,-0.8980248616925405f,0.0784136511179729f,-0.18308139092471826f,1.220936212151547f,0.2905493685648286f,2.3894293991137423f,0.9019798986505999f,0.36143705797063974f,-0.33035195202794365f,0.20386422667201587f,0f,0f,0f,1f], start_interpolation: 0, interpolation_duration: 1 }
$data merge entity $(bone_ear_right) { transformation: [-0.2936537287330046f,-0.8217815158826917f,0.7170543764710723f,-0.2066035672068383f,0.12429518065459279f,0.9340596040775082f,0.6843229075604153f,2.4018735196109646f,-0.9477964948591259f,0.377104489742715f,-0.13242046432383844f,0.2038642266720158f,0f,0f,0f,1f], start_interpolation: 0, interpolation_duration: 1 }
$data merge entity $(bone_head) { transformation: [-0.9990482215818577f,0.04258543371779516f,0.009440963361570005f,-0.08148184942244642f,0.04361938736533598f,0.9753667896506382f,0.21623361138472552f,1.9974261756242866f,-1.240828441513846e-16f,0.21643961393810288f,-0.9762960071199334f,0.059357499999999994f,0f,0f,0f,1f], start_interpolation: 0, interpolation_duration: 1 }
$data merge entity $(bone_string2) { transformation: [0.8910749742120584f,0f,0.45385613395984814f,1.2123461724275533f,0f,1f,0f,0.783563125f,-0.45385613395984814f,0f,0.8910749742120584f,0.36675069305331953f,0f,0f,0f,1f], start_interpolation: 0, interpolation_duration: 1 }
$data merge entity $(bone_string) { transformation: [0.8910749742120584f,0f,0.45385613395984814f,1.1684341731665193f,0f,1f,0f,0.615485f,-0.45385613395984814f,0f,0.8910749742120584f,0.2805364046890085f,0f,0f,0f,1f], start_interpolation: 0, interpolation_duration: 1 }
$data merge entity $(bone_flame) { transformation: [0.000008910749742120585f,0f,0.000004538561339598482f,1.3171733236882592f,0f,0.00001f,0f,0.87923375f,-0.000004538561339598482f,0f,0.000008910749742120585f,0.5725622798470786f,0f,0f,0f,1f], start_interpolation: 0, interpolation_duration: 1 }
$data merge entity $(bone_bomb) { transformation: [0.8910749742120584f,0f,0.45385613395984814f,1.1640625f,0f,1f,0f,-0.000783125f,-0.45385613395984814f,0f,0.8910749742120584f,0.22031250000000013f,0f,0f,0f,1f], start_interpolation: 0, interpolation_duration: 1 }