# This file was generated by Animated Java via MC-Build. It is not recommended to edit this file directly.
$data merge entity $(bone_hammer) { transformation: [-0.000019288302595015416f,-4.299575627779247e-21f,-0.000007873319552825194f,0.5162416530893978f,-0.000007873319552825194f,4.282863529384654e-21f,0.000019288302595015416f,0.9274607141194062f,-2.3621358033971212e-21f,0.000020833333333333336f,-5.590132828174651e-21f,-0.39062499999999994f,0f,0f,0f,1f], start_interpolation: 0, interpolation_duration: 1 }
$data merge entity $(bone_hand_left) { transformation: [-0.9258385245607399f,-0.3779193385356093f,1.2246467991473532e-16f,0.5319698317247537f,-0.3779193385356093f,0.9258385245607399f,0f,1.0013871937922159f,-1.133825185630618e-16f,-4.6281770827351887e-17f,-1f,0.06250000000000006f,0f,0f,0f,1f], start_interpolation: 0, interpolation_duration: 1 }
$data merge entity $(bone_lowerarm_left) { transformation: [-0.9542318710224168f,-0.29906777881453206f,1.2246467991473532e-16f,0.3997257982802028f,-0.29906777881453206f,0.9542318710224168f,0f,1.4233365992599407f,-1.1685970064919924e-16f,-3.662523980533253e-17f,-1f,0.06250000000000004f,0f,0f,0f,1f], start_interpolation: 0, interpolation_duration: 1 }
$data merge entity $(bone_arm_left) { transformation: [-0.966147672707911f,-0.25798967909799664f,1.2246467991473532e-16f,0.27194028535197634f,-0.25798967909799664f,0.966147672707911f,0f,1.901881618398078f,-1.1831896548854078e-16f,-3.1594623472041444e-17f,-1f,0.06250000000000003f,0f,0f,0f,1f], start_interpolation: 0, interpolation_duration: 1 }
$data merge entity $(bone_bread) { transformation: [0.000009169198034113281f,-2.2204642718967422e-7f,-0.000003984532945702108f,-0.4905936592815024f,-5.348045205773445e-7f,0.00000982607458728598f,-0.0000017782694761657298f,0.8135296173553408f,0.000003954717630373028f,0.0000018436251216733308f,0.000008997847235575398f,0.04590455073451064f,0f,0f,0f,1f], start_interpolation: 0, interpolation_duration: 1 }
$data merge entity $(bone_hand_right) { transformation: [0.9169198034113281f,-0.02220464271896742f,-0.3984532945702108f,-0.3883367753417922f,-0.05348045205773445f,0.9826074587285979f,-0.17782694761657297f,1.0473608391506848f,0.3954717630373027f,0.18436251216733307f,0.8997847235575397f,-0.0015222549837462865f,0f,0f,0f,1f], start_interpolation: 0, interpolation_duration: 1 }
$data merge entity $(bone_lowerarm_right) { transformation: [-0.8510185396895135f,-0.5082964178774291f,-0.1319173858052916f,-0.6369254922099723f,-0.5164618221323601f,0.8555925067893144f,0.03505208418481677f,1.4657990495023339f,0.09505067797996211f,0.09796026693997507f,-0.990640779857461f,0.04638643806658527f,0f,0f,0f,1f], start_interpolation: 0, interpolation_duration: 1 }
$data merge entity $(bone_arm_right) { transformation: [-0.7385822625145988f,0.6739438560030877f,0.01720233863478481f,-0.3452341670336359f,0.6740784762292246f,0.7378438955615282f,0.03470725669187239f,1.7851471105500578f,0.010698101855151234f,0.03722989038767293f,-0.999249461285028f,0.06249999999999996f,0f,0f,0f,1f], start_interpolation: 0, interpolation_duration: 1 }
$data merge entity $(bone_hair) { transformation: [-0.6835309230745258f,0.15080608959884995f,0.009367828227192806f,0.05600307224091318f,0.14867411961609822f,0.6673370033098331f,0.21455854141359715f,2.280650384589637f,0.026105236203961376f,0.1480501514803527f,-0.9766662050571707f,0.4140832051638404f,0f,0f,0f,1f], start_interpolation: 0, interpolation_duration: 1 }
$data merge entity $(bone_ear_left) { transformation: [-0.3909739472963691f,0.2620919049077602f,-0.8980496200648959f,0.07842444854490431f,-0.1815338280628685f,1.2215544128841809f,0.2899823086090389f,2.389676700848705f,0.9023219169477914f,0.3593224871129075f,-0.3307826183387937f,0.20317959045970896f,0f,0f,0f,1f], start_interpolation: 0, interpolation_duration: 1 }
$data merge entity $(bone_ear_right) { transformation: [-0.29372472259564586f,-0.821753329750299f,0.7170444126615765f,-0.20659276977990687f,0.12266915386927861f,0.9347051726455442f,0.6840946988037545f,2.4021208213459277f,-0.9479863216445192f,0.3755631841301263f,-0.13364787068792022f,0.2031795904597089f,0f,0f,0f,1f], start_interpolation: 0, interpolation_duration: 1 }
$data merge entity $(bone_head) { transformation: [-0.9990482215818577f,0.0426015815250214f,0.009367828227192806f,-0.08148184942244642f,0.04361938736533598f,0.9757366352414685f,0.21455854141359715f,1.9974261756242866f,-1.223481206754078e-16f,0.21476294815266547f,-0.9766662050571707f,0.059357499999999994f,0f,0f,0f,1f], start_interpolation: 0, interpolation_duration: 1 }
$data merge entity $(bone_string2) { transformation: [0.16045453442066593f,0f,0.98704323227701f,1.3107284692525722f,0f,1f,0f,0.783563125f,-0.98704323227701f,0f,0.16045453442066593f,0.26789979737037006f,0f,0f,0f,1f], start_interpolation: 0, interpolation_duration: 1 }
$data merge entity $(bone_string) { transformation: [0.16045453442066593f,0f,0.98704323227701f,1.2152289520196706f,0f,1f,0f,0.615485f,-0.98704323227701f,0f,0.16045453442066593f,0.2523753197447506f,0f,0f,0f,1f], start_interpolation: 0, interpolation_duration: 1 }
$data merge entity $(bone_flame) { transformation: [0.0000016045453442066593f,0f,0.000009870432322770101f,1.5387058446115933f,0f,0.00001f,0f,0.87923375f,-0.000009870432322770101f,0f,0.0000016045453442066593f,0.30495998118551126f,0f,0f,0f,1f], start_interpolation: 0, interpolation_duration: 1 }
$data merge entity $(bone_bomb) { transformation: [0.16045453442066593f,0f,0.98704323227701f,1.1640625f,0f,1f,0f,-0.000783125f,-0.98704323227701f,0f,0.16045453442066593f,0.22031250000000013f,0f,0f,0f,1f], start_interpolation: 0, interpolation_duration: 1 }