# This file was generated by Animated Java via MC-Build. It is not recommended to edit this file directly.
$data merge entity $(bone_hammer) { transformation: [-0.000019398469942869212f,-4.238406426145726e-21f,-0.000007597837959141917f,0.5120497164643809f,-0.000007597837959141917f,4.307325594614489e-21f,0.000019398469942869212f,0.9267672119361852f,-2.3756274123890923e-21f,0.000020833333333333336f,-5.556396062981827e-21f,-0.39062499999999994f,0f,0f,0f,1f], start_interpolation: 0, interpolation_duration: 1 }
$data merge entity $(bone_hand_left) { transformation: [-0.931126557257722f,-0.3646962220388119f,1.2246467991473532e-16f,0.5288290812704083f,-0.3646962220388119f,0.931126557257722f,0f,1.0004622112014423f,-1.1403011579467642e-16f,-4.466240609809634e-17f,-1f,0.06250000000000006f,0f,0f,0f,1f], start_interpolation: 0, interpolation_duration: 1 }
$data merge entity $(bone_lowerarm_left) { transformation: [-0.9556408285781451f,-0.29453455952481417f,1.2246467991473532e-16f,0.3985895807305295f,-0.29453455952481417f,0.9556408285781451f,0f,1.4230346400883407f,-1.17032248185275e-16f,-3.6070080556033926e-17f,-1f,0.06250000000000004f,0f,0f,0f,1f], start_interpolation: 0, interpolation_duration: 1 }
$data merge entity $(bone_arm_left) { transformation: [-0.966757306366662f,-0.2556957383037036f,1.2246467991473532e-16f,0.27194028535197634f,-0.2556957383037036f,0.966757306366662f,0f,1.901881618398078f,-1.1839362407942499e-16f,-3.131369674692499e-17f,-1f,0.06250000000000003f,0f,0f,0f,1f], start_interpolation: 0, interpolation_duration: 1 }
$data merge entity $(bone_bread) { transformation: [0.000009156389611870524f,-2.967515323323069e-7f,-0.000004009048241626428f,-0.4894356859025149f,-4.469383658414886e-7f,0.000009835744291032899f,-0.0000017488225577664222f,0.8111659415398178f,0.00000399509391288471f,0.0000017804698170629513f,0.00000899272772065069f,0.04751794603441274f,0f,0f,0f,1f], start_interpolation: 0, interpolation_duration: 1 }
$data merge entity $(bone_hand_right) { transformation: [0.9156389611870522f,-0.029675153233230687f,-0.40090482416264284f,-0.388586587577763f,-0.044693836584148855f,0.9835744291032898f,-0.1748822557766422f,1.0453897650917334f,0.39950939128847096f,0.17804698170629513f,0.8992727720650688f,-0.000974036269939374f,0f,0f,0f,1f], start_interpolation: 0, interpolation_duration: 1 }
$data merge entity $(bone_lowerarm_right) { transformation: [-0.8527925120147651f,-0.5053888342754483f,-0.13163228191158144f,-0.6357533143405995f,-0.5134363964544708f,0.8574425345872394f,0.03428362111064678f,1.464732754663305f,0.09554055812791751f,0.09682161984967227f,-0.990705594857671f,0.04637778718779097f,0f,0f,0f,1f], start_interpolation: 0, interpolation_duration: 1 }
$data merge entity $(bone_arm_right) { transformation: [-0.7410391860390633f,0.6712355750052587f,0.017427782472890025f,-0.3452341670336359f,0.6713836870916029f,0.7403075370668656f,0.034477460307801924f,1.7851471105500578f,0.010240579175386108f,0.03724987797766697f,-0.9992535099406965f,0.06249999999999996f,0f,0f,0f,1f], start_interpolation: 0, interpolation_duration: 1 }
$data merge entity $(bone_hair) { transformation: [-0.6835255759079467f,0.15083641488745614f,0.009165488019198203f,0.056076381963394165f,0.14879658986577313f,0.6680315666102583f,0.20992418872866797f,2.282329453285762f,0.025541376705777476f,0.14485234535948358f,-0.9776747050097904f,0.4127075212092255f,0f,0f,0f,1f], start_interpolation: 0, interpolation_duration: 1 }
$data merge entity $(bone_ear_left) { transformation: [-0.39078700931959875f,0.26216570305966186f,-0.8981182371310027f,0.07845403322212603f,-0.17725224447082372f,1.2232446684532452f,0.2884107194143081f,2.3903543013596176f,0.9032536494125553f,0.3534708265754654f,-0.33196820489260875f,0.20128457219370544f,0f,0f,0f,1f], start_interpolation: 0, interpolation_duration: 1 }
$data merge entity $(bone_ear_right) { transformation: [-0.2939210725491468f,-0.8216760046131613f,0.7170163874161907f,-0.20656318510268518f,0.11817200056884904f,0.9364762094575462f,0.683452815153999f,2.4027984218568403f,-0.9484965900798564f,0.37129617903094236f,-0.13703922662766568f,0.20128457219370538f,0f,0f,0f,1f], start_interpolation: 0, interpolation_duration: 1 }
$data merge entity $(bone_head) { transformation: [-0.9990482215818577f,0.0426455716751126f,0.009165488019198203f,-0.08148184942244642f,0.04361938736533598f,0.9767441753255984f,0.20992418872866797f,1.9974261756242866f,-1.223481206754078e-16f,0.21012418038869174f,-0.9776747050097904f,0.059357499999999994f,0f,0f,0f,1f], start_interpolation: 0, interpolation_duration: 1 }
$data merge entity $(bone_string2) { transformation: [-0.6936533058128048f,0f,0.720309024887907f,1.2900959951341857f,0f,1f,0f,0.783563125f,-0.720309024887907f,0f,-0.6936533058128048f,0.13148111189830675f,0f,0f,0f,1f], start_interpolation: 0, interpolation_duration: 1 }
$data merge entity $(bone_string) { transformation: [-0.6936533058128048f,0f,0.720309024887907f,1.220403846010578f,0f,1f,0f,0.615485f,-0.720309024887907f,0f,-0.6936533058128048f,0.19859423690227626f,0f,0f,0f,1f], start_interpolation: 0, interpolation_duration: 1 }
$data merge entity $(bone_flame) { transformation: [-0.000006936533058128048f,0f,0.000007203090248879071f,1.4564657706125457f,0f,0.00001f,0f,0.87923375f,-0.000007203090248879071f,0f,-0.000006936533058128048f,-0.028731992145276802f,0f,0f,0f,1f], start_interpolation: 0, interpolation_duration: 1 }
$data merge entity $(bone_bomb) { transformation: [-0.6936533058128048f,0f,0.720309024887907f,1.1640625f,0f,1f,0f,-0.000783125f,-0.720309024887907f,0f,-0.6936533058128048f,0.22031250000000013f,0f,0f,0f,1f], start_interpolation: 0, interpolation_duration: 1 }