# This file was generated by Animated Java via MC-Build. It is not recommended to edit this file directly.
$data merge entity $(bone_hammer) { transformation: [-0.00001955742525978777f,-4.145357063533813e-21f,-0.000007178780884355843f,0.505716836373667f,-0.000007178780884355843f,4.3426207651604035e-21f,0.00001955742525978777f,0.9257710874602714f,-2.3950938243962702e-21f,0.000020833333333333336f,-5.505076372452146e-21f,-0.39062499999999994f,0f,0f,0f,1f], start_interpolation: 0, interpolation_duration: 1 }
$data merge entity $(bone_hand_left) { transformation: [-0.938756412469813f,-0.34458148244908043f,1.2246467991473532e-16f,0.5240776412505666f,-0.34458148244908043f,0.938756412469813f,0f,0.9990880762437206f,-1.1496450357102095e-16f,-4.2199060952671635e-17f,-1f,0.06250000000000006f,0f,0f,0f,1f], start_interpolation: 0, interpolation_duration: 1 }
$data merge entity $(bone_lowerarm_left) { transformation: [-0.957728405049183f,-0.2876739511355657f,1.2246467991473532e-16f,0.39687181598280863f,-0.2876739511355657f,0.957728405049183f,0f,1.4225836053514063f,-1.1728790256959823e-16f,-3.5229898345624274e-17f,-1f,0.06250000000000004f,0f,0f,0f,1f], start_interpolation: 0, interpolation_duration: 1 }
$data merge entity $(bone_arm_left) { transformation: [-0.9676679127756146f,-0.25222769591082855f,1.2246467991473532e-16f,0.27194028535197634f,-0.25222769591082855f,0.9676679127756146f,0f,1.901881618398078f,-1.1850514120182568e-16f,-3.088898404535082e-17f,-1f,0.06250000000000003f,0f,0f,0f,1f], start_interpolation: 0, interpolation_duration: 1 }
$data merge entity $(bone_bread) { transformation: [0.000009135157511588455f,-4.0884412472552245e-7f,-0.000004047436685131278f,-0.48770662321048386f,-3.147772222890108e-7f,0.000009848497981451202f,-0.0000017052867235980116f,0.8076466386124636f,0.00000405583684814824f,0.00000168521036996247f,0.000008983888549518741f,0.049938761868155566f,0f,0f,0f,1f], start_interpolation: 0, interpolation_duration: 1 }
$data merge entity $(bone_hand_right) { transformation: [0.9135157511588454f,-0.04088441247255224f,-0.4047436685131277f,-0.38896239542728583f,-0.03147772222890108f,0.9848497981451201f,-0.17052867235980115f,1.0424312583623774f,0.405583684814824f,0.168521036996247f,0.898388854951874f,-0.00014688785697316437f,0f,0f,0f,1f], start_interpolation: 0, interpolation_duration: 1 }
$data merge entity $(bone_lowerarm_right) { transformation: [-0.8554523601275412f,-0.5009846070106883f,-0.1312085480849695f,-0.6339751797934505f,-0.5088545522867848f,0.8602149298096033f,0.033125807909768865f,1.4631301224723865f,0.09627203212374491f,0.09510361754951954f,-0.990801189825567f,0.046364725100838736f,0f,0f,0f,1f], start_interpolation: 0, interpolation_duration: 1 }
$data merge entity $(bone_arm_right) { transformation: [-0.7447317574640236f,0.6671272496977666f,0.017771947986653082f,-0.3452341670336359f,0.6672956001117608f,0.7440103695657386f,0.03413432363674553f,1.7851471105500578f,0.009549423858622676f,0.03728005752874794f,-0.9992592285361299f,0.06249999999999996f,0f,0f,0f,1f], start_interpolation: 0, interpolation_duration: 1 }
$data merge entity $(bone_hair) { transformation: [-0.6835177198345734f,0.15088096889355143f,0.008859434944028107f,0.05618658415466703f,0.14897652352844537f,0.6690520211201086f,0.2029144208495958f,2.2848534984375997f,0.024688501564976748f,0.14001545007905652f,-0.9791563962022337f,0.4106142702260099f,0f,0f,0f,1f], start_interpolation: 0, interpolation_duration: 1 }
$data merge entity $(bone_ear_left) { transformation: [-0.39050425314758697f,0.26227488551613876f,-0.8982223562724692f,0.07849798001318549f,-0.17077606339969387f,1.225745357838394f,0.28602599900905507f,2.3913608483586493f,0.904622553578756f,0.344616021341323f,-0.33374500233442483f,0.19841583367357968f,0f,0f,0f,1f], start_interpolation: 0, interpolation_duration: 1 }
$data merge entity $(bone_ear_right) { transformation: [-0.2942178810497692f,-0.8215608720194154f,0.7169727205418445f,-0.20651923831162572f,0.111373968257811f,0.9391131793916869f,0.6824526793017431f,2.403804968855872f,-0.9492268841879121f,0.3648344417123124f,-0.1421564578649108f,0.19841583367357962f,0f,0f,0f,1f], start_interpolation: 0, interpolation_duration: 1 }
$data merge entity $(bone_head) { transformation: [-0.9990482215818577f,0.042710202137191594f,0.008859434944028107f,-0.08148184942244642f,0.04361938736533598f,0.9782244562763425f,0.2029144208495958f,1.9974261756242866f,-1.240828441513846e-16f,0.2031077344077629f,-0.9791563962022337f,0.059357499999999994f,0f,0f,0f,1f], start_interpolation: 0, interpolation_duration: 1 }
$data merge entity $(bone_string2) { transformation: [-0.9944551409261055f,0f,-0.1051616502611076f,1.1713432754136f,0f,1f,0f,0.783563125f,0.1051616502611076f,0f,-0.9944551409261055f,0.06629156727594081f,0f,0f,0f,1f], start_interpolation: 0, interpolation_duration: 1 }
$data merge entity $(bone_string) { transformation: [-0.9944551409261055f,0f,-0.1051616502611076f,1.1815179937065192f,0f,1f,0f,0.615485f,0.1051616502611076f,0f,-0.9944551409261055f,0.1625082098328569f,0f,0f,0f,1f], start_interpolation: 0, interpolation_duration: 1 }
$data merge entity $(bone_flame) { transformation: [-0.000009944551409261055f,0f,-0.0000010516165026110762f,1.147054089052792f,0f,0.00001f,0f,0.87923375f,0.0000010516165026110762f,0f,-0.000009944551409261055f,-0.16339773662376178f,0f,0f,0f,1f], start_interpolation: 0, interpolation_duration: 1 }
$data merge entity $(bone_bomb) { transformation: [-0.9944551409261055f,0f,-0.1051616502611076f,1.1640625f,0f,1f,0f,-0.000783125f,0.1051616502611076f,0f,-0.9944551409261055f,0.22031250000000013f,0f,0f,0f,1f], start_interpolation: 0, interpolation_duration: 1 }