# This file was generated by Animated Java via MC-Build. It is not recommended to edit this file directly.
$data merge entity $(bone_hammer) { transformation: [-0.00001974388620528796f,-4.0276809043785866e-21f,-0.000006648814577833976f,0.49777903978155486f,-0.000006648814577833976f,4.3840234121379406e-21f,0.00001974388620528796f,0.9246097989590257f,-2.4179287044035485e-21f,0.000020833333333333336f,-5.44017421835835e-21f,-0.39062499999999994f,0f,0f,0f,1f], start_interpolation: 0, interpolation_duration: 1 }
$data merge entity $(bone_hand_left) { transformation: [-0.9477065378538219f,-0.31914309973603083f,1.2246467991473532e-16f,0.5181101239068403f,-0.31914309973603083f,0.9477065378538219f,0f,0.9974050393136709f,-1.160605778113703e-16f,-3.9083757556169466e-17f,-1f,0.06250000000000006f,0f,0f,0f,1f], start_interpolation: 0, interpolation_duration: 1 }
$data merge entity $(bone_lowerarm_left) { transformation: [-0.960275649176615f,-0.27905318059185463f,1.2246467991473532e-16f,0.39471629561387955f,-0.27905318059185463f,0.960275649176615f,0f,1.4220269279339552f,-1.1759985000632884e-16f,-3.4174158440370307e-17f,-1f,0.06250000000000004f,0f,0f,0f,1f], start_interpolation: 0, interpolation_duration: 1 }
$data merge entity $(bone_arm_left) { transformation: [-0.9687918040916041f,-0.24787585668018314f,1.2246467991473532e-16f,0.27194028535197634f,-0.24787585668018314f,0.9687918040916041f,0f,1.901881618398078f,-1.186427781920973e-16f,-3.035603744692943e-17f,-1f,0.06250000000000003f,0f,0f,0f,1f], start_interpolation: 0, interpolation_duration: 1 }
$data merge entity $(bone_bread) { transformation: [0.00000910537074561049f,-5.479994585125487e-7f,-0.000004097794550541873f,-0.4855743054722259f,-1.5014457020280094e-7f,0.000009861392392515325f,-0.0000016523912033412287f,0.8033207800679271f,0.000004131546949148629f,0.0000015660896124777824f,0.000008970935465862519f,0.05294442611001093f,0f,0f,0f,1f], start_interpolation: 0, interpolation_duration: 1 }
$data merge entity $(bone_hand_right) { transformation: [0.9105370745610489f,-0.05479994585125486f,-0.4097794550541873f,-0.38943079458534896f,-0.015014457020280092f,0.9861392392515325f,-0.16523912033412286f,1.0387552251321976f,0.4131546949148629f,0.15660896124777823f,0.8970935465862517f,0.0008881114918598831f,0f,0f,0f,1f], start_interpolation: 0, interpolation_duration: 1 }
$data merge entity $(bone_lowerarm_right) { transformation: [-0.8587524719047275f,-0.49544374525057755f,-0.13068927763822408f,-0.6317337512469595f,-0.5030917528322094f,0.8636521718060368f,0.03167987321519134f,1.4611351154060874f,0.09717448342921653f,0.09295386719656337f,-0.9909170996321885f,0.04634836216767915f,0f,0f,0f,1f], start_interpolation: 0, interpolation_duration: 1 }
$data merge entity $(bone_arm_right) { transformation: [-0.7493281009882148f,0.6619484978213974f,0.018209428914465777f,-0.3452341670336359f,0.6621419801610586f,0.7486197721737942f,0.03371104891350175f,1.7851471105500578f,0.008683039662913861f,0.0373178635837015f,-0.9992657213573177f,0.06249999999999996f,0f,0f,0f,1f], start_interpolation: 0, interpolation_duration: 1 }
$data merge entity $(bone_hair) { transformation: [-0.6835082492177527f,0.15093467943054786f,0.008475149325038971f,0.05632379544443224f,0.14919343631570828f,0.6702821946669555f,0.1941128331286348f,2.2879961536489795f,0.023617616551908645f,0.13394215937354229f,-0.9809425976369326f,0.4079648353306921f,0f,0f,0f,1f], start_interpolation: 0, interpolation_duration: 1 }
$data merge entity $(bone_ear_left) { transformation: [-0.3901492195295645f,0.26240783130882045f,-0.898353652391664f,0.07855179895848459f,-0.16264445665069535f,1.2287903171046255f,0.28301882347759577f,2.3925935048638443f,0.9062727885252165f,0.33349135919498024f,-0.3359480031074964f,0.19480972648675715f,0f,0f,0f,1f], start_interpolation: 0, interpolation_duration: 1 }
$data merge entity $(bone_ear_right) { transformation: [-0.29459024682155055f,-0.8214194105897572f,0.7169157242333216f,-0.2064654193663266f,0.10284538992267098f,0.942353178810725f,0.681147249214207f,2.4050376253610666f,-0.95007337203464f,0.3567080575087943f,-0.148560658435977f,0.1948097264867571f,0f,0f,0f,1f], start_interpolation: 0, interpolation_duration: 1 }
$data merge entity $(bone_head) { transformation: [-0.9990482215818577f,0.04278811514948424f,0.008475149325038971f,-0.08148184942244642f,0.04361938736533595f,0.9800089576430655f,0.1941128331286348f,1.9974261756242866f,-1.223481206754078e-16f,0.19429776154476647f,-0.9809425976369326f,0.059357499999999994f,0f,0f,0f,1f], start_interpolation: 0, interpolation_duration: 1 }
$data merge entity $(bone_string2) { transformation: [-0.5490018116946088f,0f,-0.8358211595527103f,1.0495495404693098f,0f,1f,0f,0.783563125f,0.8358211595527103f,0f,-0.5490018116946088f,0.11705437921846047f,0f,0f,0f,1f], start_interpolation: 0, interpolation_duration: 1 }
$data merge entity $(bone_string) { transformation: [-0.5490018116946088f,0f,-0.8358211595527103f,1.1304178495971582f,0f,1f,0f,0.615485f,0.8358211595527103f,0f,-0.5490018116946088f,0.17017202013057542f,0f,0f,0f,1f], start_interpolation: 0, interpolation_duration: 1 }
$data merge entity $(bone_flame) { transformation: [-0.000005490018116946088f,0f,-0.000008358211595527104f,0.8564999272474204f,0f,0.00001f,0f,0.87923375f,0.000008358211595527104f,0f,-0.000005490018116946088f,-0.009748569228643311f,0f,0f,0f,1f], start_interpolation: 0, interpolation_duration: 1 }
$data merge entity $(bone_bomb) { transformation: [-0.5490018116946088f,0f,-0.8358211595527103f,1.1640625f,0f,1f,0f,-0.000783125f,0.8358211595527103f,0f,-0.5490018116946088f,0.22031250000000013f,0f,0f,0f,1f], start_interpolation: 0, interpolation_duration: 1 }