# This file was generated by Animated Java via MC-Build. It is not recommended to edit this file directly.
$data merge entity $(bone_hammer) { transformation: [-0.000019938088552913745f,-3.8928424819719014e-21f,-0.000006041556308928004f,0.4887739022740063f,-0.000006041556308928004f,4.427144995692022e-21f,0.000019938088552913745f,0.9234093469462378f,-2.4417116327442304e-21f,0.000020833333333333336f,-5.365806528831204e-21f,-0.39062499999999994f,0f,0f,0f,1f], start_interpolation: 0, interpolation_duration: 1 }
$data merge entity $(bone_hand_left) { transformation: [-0.9570282505398596f,-0.2899947028285441f,1.2246467991473532e-16f,0.5113229339951663f,-0.2899947028285441f,0.9570282505398596f,0f,0.9955483874751921f,-1.1720215837172304e-16f,-3.551410845886645e-17f,-1f,0.06250000000000006f,0f,0f,0f,1f], start_interpolation: 0, interpolation_duration: 1 }
$data merge entity $(bone_lowerarm_left) { transformation: [-0.9630723359085581f,-0.26924278227583615f,1.2246467991473532e-16f,0.39226714120756995f,-0.26924278227583615f,0.9630723359085581f,0f,1.4214069360097576f,-1.1794234535177805e-16f,-3.2972731150763046e-17f,-1f,0.06250000000000004f,0f,0f,0f,1f], start_interpolation: 0, interpolation_duration: 1 }
$data merge entity $(bone_arm_left) { transformation: [-0.9700435228029178f,-0.24293119163274413f,1.2246467991473532e-16f,0.27194028535197634f,-0.24293119163274413f,0.9700435228029178f,0f,1.901881618398078f,-1.1879606952342159e-16f,-2.975049062460924e-17f,-1f,0.06250000000000003f,0f,0f,0f,1f], start_interpolation: 0, interpolation_duration: 1 }
$data merge entity $(bone_bread) { transformation: [0.000009067344741865248f,-7.039872498491032e-7f,-0.000004157843345319592f,-0.4832029252961396f,3.519033803456671e-8f,0.000009871959667203308f,-0.0000015947331968765716f,0.7985243110899685f,0.000004216873364505691f,0.0000014313679754560177f,0.000008953723512961593f,0.056314863076896614f,0f,0f,0f,1f], start_interpolation: 0, interpolation_duration: 1 }
$data merge entity $(bone_hand_right) { transformation: [0.9067344741865246f,-0.07039872498491032f,-0.4157843345319592f,-0.38995869993343607f,0.0035190338034566705f,0.9871959667203307f,-0.15947331968765716f,1.034627533383714f,0.4216873364505691f,0.14313679754560177f,0.8953723512961592f,0.002059952156137669f,0f,0f,0f,1f], start_interpolation: 0, interpolation_duration: 1 }
$data merge entity $(bone_lowerarm_right) { transformation: [-0.8624514687920827f,-0.48912908033497116f,-0.13011612793594932f,-0.6291733907847579f,-0.4965262300510571f,0.8675015289978812f,0.030046631385614128f,1.4588899999092402f,0.09817925875491063f,0.09051983184365517f,-0.9910433861306642f,0.046329807417175274f,0f,0f,0f,1f], start_interpolation: 0, interpolation_duration: 1 }
$data merge entity $(bone_arm_right) { transformation: [-0.7545002779937289f,0.6560328635404985f,0.018713964364601193f,-0.3452341670336359f,0.6562545566304663f,0.7538070426358239f,0.033240026690473747f,1.7851471105500578f,0.007699831760241866f,0.03736073376537111f,-0.9992721792201448f,0.06249999999999996f,0f,0f,0f,1f], start_interpolation: 0, interpolation_duration: 1 }
$data merge entity $(bone_hair) { transformation: [-0.6834980108012838f,0.15099274437572946f,0.008038222030734331f,0.05647824142653336f,0.14942793460609854f,0.6716121005579769f,0.18410555281817095f,2.29153354821292f,0.022400035492013557f,0.12703691404464842f,-0.9828736095796348f,0.4049240621190285f,0f,0f,0f,1f], start_interpolation: 0, interpolation_duration: 1 }
$data merge entity $(bone_ear_left) { transformation: [-0.38974555134516087f,0.26255341146675704f,-0.8985036907019249f,0.07861115874742754f,-0.15339893519575457f,1.2321246509105086f,0.279582381196098f,2.393953067552797f,0.9080568109361139f,0.32083414834743623f,-0.3384151443415898f,0.19070415997006546f,0f,0f,0f,1f], start_interpolation: 0, interpolation_duration: 1 }
$data merge entity $(bone_ear_right) { transformation: [-0.29501320140353243f,-0.8212627429979564f,0.7168480043020853f,-0.20640605957738367f,0.09315813733932313f,0.9459414566023652f,0.6795962077862163f,2.4063971880500197f,-0.9509409931457927f,0.34745110108397675f,-0.15581377696054732f,0.19070415997006546f,0f,0f,0f,1f], start_interpolation: 0, interpolation_duration: 1 }
$data merge entity $(bone_head) { transformation: [-0.9990482215818577f,0.04287234470742008f,0.008038222030734331f,-0.08148184942244642f,0.04361938736533601f,0.9819381316902753f,0.18410555281817095f,1.9974261756242866f,-1.223481206754078e-16f,0.18428094744682566f,-0.9828736095796348f,0.059357499999999994f,0f,0f,0f,1f], start_interpolation: 0, interpolation_duration: 1 }
$data merge entity $(bone_string2) { transformation: [0.2672410670410842f,0f,-0.9636297069345374f,1.0109406656172675f,0f,1f,0f,0.783563125f,0.9636297069345374f,0f,0.2672410670410842f,0.23845530141211696f,0f,0f,0f,1f], start_interpolation: 0, interpolation_duration: 1 }
$data merge entity $(bone_string) { transformation: [0.2672410670410842f,0f,-0.9636297069345374f,1.104174851106018f,0f,1f,0f,0.615485f,0.9636297069345374f,0f,0.2672410670410842f,0.21259889304755755f,0f,0f,0f,1f], start_interpolation: 0, interpolation_duration: 1 }
$data merge entity $(bone_flame) { transformation: [0.0000026724106704108423f,0f,-0.000009636297069345376f,0.7883711122065973f,0f,0.00001f,0f,0.87923375f,0.000009636297069345376f,0f,0.0000026724106704108423f,0.3001799706665962f,0f,0f,0f,1f], start_interpolation: 0, interpolation_duration: 1 }
$data merge entity $(bone_bomb) { transformation: [0.2672410670410842f,0f,-0.9636297069345374f,1.1640625f,0f,1f,0f,-0.000783125f,0.9636297069345374f,0f,0.2672410670410842f,0.22031250000000013f,0f,0f,0f,1f], start_interpolation: 0, interpolation_duration: 1 }