# This file was generated by Animated Java via MC-Build. It is not recommended to edit this file directly.
$data merge entity $(bone_hammer) { transformation: [-0.00002012345471435559f,-3.7486260944083004e-21f,-0.0000053920634396358495f,0.47923996810267705f,-0.0000053920634396358495f,4.4683045517758455e-21f,0.00002012345471435559f,0.9222732495715756f,-2.4644124403722294e-21f,0.000020833333333333336f,-5.2862665924864375e-21f,-0.39062499999999994f,0f,0f,0f,1f], start_interpolation: 0, interpolation_duration: 1 }
$data merge entity $(bone_hand_left) { transformation: [-0.9659258262890682f,-0.25881904510252074f,1.2246467991473532e-16f,0.5041156254010548f,-0.25881904510252074f,0.9659258262890682f,0f,0.9936434231314996f,-1.1829179713786698e-16f,-3.1696191514317656e-17f,-1f,0.06250000000000006f,0f,0f,0f,1f], start_interpolation: 0, interpolation_duration: 1 }
$data merge entity $(bone_lowerarm_left) { transformation: [-0.9659258262890682f,-0.25881904510252074f,1.2246467991473532e-16f,0.38966907889478397f,-0.25881904510252074f,0.9659258262890682f,0f,1.4207637494436969f,-1.1829179713786698e-16f,-3.1696191514317656e-17f,-1f,0.06250000000000004f,0f,0f,0f,1f], start_interpolation: 0, interpolation_duration: 1 }
$data merge entity $(bone_arm_left) { transformation: [-0.9713420698132613f,-0.2376858923261731f,1.2246467991473532e-16f,0.27194028535197634f,-0.2376858923261731f,0.9713420698132613f,0f,1.901881618398078f,-1.1895509566739756e-16f,-2.9108126723973034e-17f,-1f,0.06250000000000003f,0f,0f,0f,1f], start_interpolation: 0, interpolation_duration: 1 }
$data merge entity $(bone_bread) { transformation: [0.000009022233228646368f,-8.668729297344359e-7f,-0.000004224670270163459f,-0.48074818270878805f,2.2966822419709407e-7f,0.000009878578538232421f,-0.0000015365345979729853f,0.7935698463795238f,0.000004306571731052845f,0.0000012892700988029951f,0.000008932593270581003f,0.059836538789288955f,0f,0f,0f,1f], start_interpolation: 0, interpolation_duration: 1 }
$data merge entity $(bone_hand_right) { transformation: [0.9022233228646368f,-0.08668729297344357f,-0.42246702701634586f,-0.3905136919906458f,0.022966822419709404f,0.9878578538232421f,-0.15365345979729852f,1.0303058607792521f,0.4306571731052845f,0.1289270098802995f,0.8932593270581002f,0.0032979796374222325f,0f,0f,0f,1f], start_interpolation: 0, interpolation_duration: 1 }
$data merge entity $(bone_lowerarm_right) { transformation: [-0.8663165527197174f,-0.48240872946509444f,-0.12952778937239218f,-0.6264417112446685f,-0.489541346207118f,0.8715198932351543f,0.028325713567505358f,1.4565335585645698f,0.09922147367152033f,0.08794824291172021f,-0.9911711283785424f,0.046310167186435394f,0f,0f,0f,1f], start_interpolation: 0, interpolation_duration: 1 }
$data merge entity $(bone_arm_right) { transformation: [-0.7599284448168198f,0.6497214017872232f,0.01925769503173614f,-0.3452341670336359f,0.6499726356031778f,0.759251528053113f,0.03275194827902091f,1.7851471105500578f,0.006658207367481589f,0.03740611191581703f,-0.9992779648656288f,0.06249999999999996f,0f,0f,0f,1f], start_interpolation: 0, interpolation_duration: 1 }
$data merge entity $(bone_hair) { transformation: [-0.6834877557813457f,0.15105090348386455f,0.007574427126938644f,0.056640377309242665f,0.14966281317845642f,0.6729441631352081f,0.1734829030790772f,2.2952470704574823f,0.021107582724931975f,0.11970705016398404f,-0.984807753012208f,0.40166342635279767f,0f,0f,0f,1f], start_interpolation: 0, interpolation_duration: 1 }
$data merge entity $(bone_ear_left) { transformation: [-0.38931706072626104f,0.2627014875368544f,-0.8986638308784852f,0.07867204851138106f,-0.1435848865207695f,1.2355161505033512f,0.27591456813727727f,2.395347672430688f,0.9098437264664094f,0.3073886307124981f,-0.3409904253207483f,0.1863397969102793f,0f,0f,0f,1f], start_interpolation: 0, interpolation_duration: 1 }
$data merge entity $(bone_ear_right) { transformation: [-0.29546167818636976f,-0.8211012710017269f,0.7167727447293274f,-0.20634516981343015f,0.08288633025130254f,0.9496397733466421f,0.6778724801764937f,2.4077917929279105f,-0.9517522014583238f,0.3376048039312923f,-0.16348006922116093f,0.18633979691027924f,0f,0f,0f,1f], start_interpolation: 0, interpolation_duration: 1 }
$data merge entity $(bone_head) { transformation: [-0.9990482215818577f,0.04295671085902563f,0.007574427126938644f,-0.08148184942244642f,0.04361938736533598f,0.9838704342468719f,0.1734829030790772f,1.9974261756242866f,-1.2061339719943099e-16f,0.17364817766693033f,-0.984807753012208f,0.059357499999999994f,0f,0f,0f,1f], start_interpolation: 0, interpolation_duration: 1 }
$data merge entity $(bone_string2) { transformation: [0.88309438300657f,0f,-0.46919538648866244f,1.0718590120031783f,0f,1f,0f,0.783563125f,0.46919538648866244f,0f,0.88309438300657f,0.3439004209673521f,0f,0f,0f,1f], start_interpolation: 0, interpolation_duration: 1 }
$data merge entity $(bone_string) { transformation: [0.88309438300657f,0f,-0.46919538648866244f,1.1172551318815391f,0f,1f,0f,0.615485f,0.46919538648866244f,0f,0.88309438300657f,0.2584582797415196f,0f,0f,0f,1f], start_interpolation: 0, interpolation_duration: 1 }
$data merge entity $(bone_flame) { transformation: [0.0000088309438300657f,0f,-0.000004691953864886625f,0.9634889535858919f,0f,0.00001f,0f,0.87923375f,0.000004691953864886625f,0f,0.0000088309438300657f,0.5478687306103796f,0f,0f,0f,1f], start_interpolation: 0, interpolation_duration: 1 }
$data merge entity $(bone_bomb) { transformation: [0.88309438300657f,0f,-0.46919538648866244f,1.1640625f,0f,1f,0f,-0.000783125f,0.46919538648866244f,0f,0.88309438300657f,0.22031250000000013f,0f,0f,0f,1f], start_interpolation: 0, interpolation_duration: 1 }