# This file was generated by Animated Java via MC-Build. It is not recommended to edit this file directly.
$data merge entity $(bone_hammer) { transformation: [-0.000020606863938195583f,-3.2315776721448975e-21f,-0.000003063484357797885f,0.44574818803213306f,-0.000003063484357797885f,4.575642961900513e-21f,0.000020606863938195583f,0.9193728486468943f,-2.523612996237625e-21f,0.000020833333333333336f,-5.001097900573003e-21f,-0.39062499999999994f,0f,0f,0f,1f], start_interpolation: 0, interpolation_duration: 1 }
$data merge entity $(bone_hand_left) { transformation: [-0.9891294690333878f,-0.14704724917429846f,1.2246467991473532e-16f,0.4785957373926583f,-0.14704724917429846f,0.9891294690333878f,0f,0.9874429485513887f,-1.2113342381940596e-16f,-1.8008094302472782e-17f,-1f,0.06250000000000006f,0f,0f,0f,1f], start_interpolation: 0, interpolation_duration: 1 }
$data merge entity $(bone_lowerarm_left) { transformation: [-0.9750773182612906f,-0.22186532719731084f,1.2246467991473532e-16f,0.38048966302259746f,-0.22186532719731084f,0.9750773182612906f,0f,1.418609950220053f,-1.1941253167298748e-16f,-2.7170666279396692e-17f,-1f,0.06250000000000004f,0f,0f,0f,1f], start_interpolation: 0, interpolation_duration: 1 }
$data merge entity $(bone_arm_left) { transformation: [-0.9756904341764538f,-0.21915331769462942f,1.2246467991473532e-16f,0.27194028535197634f,-0.21915331769462942f,0.9756904341764538f,0f,1.901881618398078f,-1.1948761671728857e-16f,-2.6838540903725093e-17f,-1f,0.06250000000000003f,0f,0f,0f,1f], start_interpolation: 0, interpolation_duration: 1 }
$data merge entity $(bone_bread) { transformation: [0.000008824999133764934f,-0.0000014193806013381287f,-0.000004483831954655872f,-0.4725883085841269f,8.973898185099823e-7f,0.000009866754563244571f,-0.0000013571462346877237f,0.7770962938307259f,0.0000046167176438117506f,7.953069201493613e-7f,0.000008834783817393598f,0.07180968151434129f,0f,0f,0f,1f], start_interpolation: 0, interpolation_duration: 1 }
$data merge entity $(bone_hand_right) { transformation: [0.8824999133764933f,-0.14193806013381285f,-0.44838319546558714f,-0.39243311521916924f,0.08973898185099823f,0.9866754563244571f,-0.13571462346877236f,1.0155045642009848f,0.461671764381175f,0.07953069201493612f,0.8834783817393597f,0.007626707949012046f,0f,0f,0f,1f], start_interpolation: 0, interpolation_duration: 1 }
$data merge entity $(bone_lowerarm_right) { transformation: [-0.8794893290569111f,-0.45849065758807683f,-0.12761205656001684f,-0.616663702445838f,-0.46470240033402505f,0.8851848791572162f,0.022347457019095716f,1.4484152941638109f,0.10271416260097585f,0.07895597897485386f,-0.991572364573208f,0.04624111641640151f,0f,0f,0f,1f], start_interpolation: 0, interpolation_duration: 1 }
$data merge entity $(bone_arm_right) { transformation: [-0.7786250914134353f,0.6271296125047268f,0.021246555981867213f,-0.3452341670336359f,0.6274822983641117f,0.7780085288346501f,0.031123854199559004f,1.7851471105500578f,0.00298868886156751f,0.037565651601093875f,-0.9992896925109725f,0.06249999999999996f,0f,0f,0f,1f], start_interpolation: 0, interpolation_duration: 1 }
$data merge entity $(bone_hair) { transformation: [-0.6834564949288647f,0.15122819258820513f,0.005933871306663566f,0.057199109156226266f,0.15037880441452275f,0.6770047512153167f,0.1359079972023827f,2.308044133685237f,0.0165358617074877f,0.09377953187338813f,-0.990703692063249f,0.3898608403621796f,0f,0f,0f,1f], start_interpolation: 0, interpolation_duration: 1 }
$data merge entity $(bone_ear_left) { transformation: [-0.38780138478196663f,0.26317246300916547f,-0.8992374481518428f,0.07887008910912381f,-0.1088702000452534f,1.2463032623002264f,0.2627765725937647f,2.399883547850459f,0.9152908638806003f,0.2597468634911737f,-0.34974345560315423f,0.1708501532226565f,0f,0f,0f,1f], start_interpolation: 0, interpolation_duration: 1 }
$data merge entity $(bone_ear_right) { transformation: [-0.2970440733935235f,-0.8205696058037811f,0.7164789253235608f,-0.2061471292156874f,0.04664352142169184f,0.9618169083906538f,0.6711429093932372f,2.4123276683476815f,-0.9537238596004438f,0.30261156085792806f,-0.190329043339098f,0.17085015322265645f,0f,0f,0f,1f], start_interpolation: 0, interpolation_duration: 1 }
$data merge entity $(bone_head) { transformation: [-0.9990482215818577f,0.04321388810837537f,0.005933871306663566f,-0.08148184942244642f,0.04361938736533598f,0.9897607616703695f,0.1359079972023827f,1.9974261756242866f,-1.2061339719943099e-16f,0.13603747473489392f,-0.990703692063249f,0.059357499999999994f,0f,0f,0f,1f], start_interpolation: 0, interpolation_duration: 1 }
$data merge entity $(bone_string2) { transformation: [-0.6016053625800678f,0f,-0.7987934574812848f,1.0564255042735007f,0f,1f,0f,0.783563125f,0.7987934574812848f,0f,-0.6016053625800678f,0.10990536907637696f,0f,0f,0f,1f], start_interpolation: 0, interpolation_duration: 1 }
$data merge entity $(bone_string) { transformation: [-0.6016053625800678f,0f,-0.7987934574812848f,1.1337112675143697f,0f,1f,0f,0.615485f,0.7987934574812848f,0f,-0.6016053625800678f,0.16811256792275658f,0f,0f,0f,1f], start_interpolation: 0, interpolation_duration: 1 }
$data merge entity $(bone_flame) { transformation: [-0.000006016053625800679f,0f,-0.00000798793457481285f,0.8719281793990483f,0f,0.00001f,0f,0.87923375f,0.00000798793457481285f,0f,-0.000006016053625800679f,-0.02904742151874129f,0f,0f,0f,1f], start_interpolation: 0, interpolation_duration: 1 }
$data merge entity $(bone_bomb) { transformation: [-0.6016053625800678f,0f,-0.7987934574812848f,1.1640625f,0f,1f,0f,-0.000783125f,0.7987934574812848f,0f,-0.6016053625800678f,0.22031250000000013f,0f,0f,0f,1f], start_interpolation: 0, interpolation_duration: 1 }