# This file was generated by Animated Java via MC-Build. It is not recommended to edit this file directly.
$data merge entity $(bone_hammer) { transformation: [-0.000020287669344191022f,-3.603151261094287e-21f,-0.000004736903034531074f,0.4697153758601125f,-0.000004736903034531074f,4.5047675243805646e-21f,0.000020287669344191022f,0.9212761031590037f,-2.484522932452342e-21f,0.000020833333333333336f,-5.206032583182473e-21f,-0.39062499999999994f,0f,0f,0f,1f], start_interpolation: 0, interpolation_duration: 1 }
$data merge entity $(bone_hand_left) { transformation: [-0.9738081285211689f,-0.22737134565749148f,1.2246467991473532e-16f,0.4968915122186689f,-0.22737134565749148f,0.9738081285211689f,0f,0.9918023933820201f,-1.1925710075771238e-16f,-2.784495906772734e-17f,-1f,0.06250000000000006f,0f,0f,0f,1f], start_interpolation: 0, interpolation_duration: 1 }
$data merge entity $(bone_lowerarm_left) { transformation: [-0.9686664997167497f,-0.2483650787178023f,1.2246467991473532e-16f,0.3870675789731407f,-0.2483650787178023f,0.9686664997167497f,0f,1.4201346112255204f,-1.186274328319388e-16f,-3.04159498671737e-17f,-1f,0.06250000000000004f,0f,0f,0f,1f], start_interpolation: 0, interpolation_duration: 1 }
$data merge entity $(bone_arm_left) { transformation: [-0.9726122542285073f,-0.23243365273673566f,1.2246467991473532e-16f,0.27194028535197634f,-0.23243365273673566f,0.9726122542285073f,0f,1.901881618398078f,-1.1911064839524332e-16f,-2.8464912883817076e-17f,-1f,0.06250000000000003f,0f,0f,0f,1f], start_interpolation: 0, interpolation_duration: 1 }
$data merge entity $(bone_bread) { transformation: [0.000008972237629376125f,-0.0000010271877237810338f,-0.000004294628889918265f,-0.4783538551812818f,4.220825418573843e-7f,0.000009880646185237927f,-0.00000148144432565064f,0.7887419184062997f,0.000004395542998295689f,0.0000011479182646237549f,0.000008908506351116156f,0.06330564546914533f,0f,0f,0f,1f], start_interpolation: 0, interpolation_duration: 1 }
$data merge entity $(bone_hand_right) { transformation: [0.8972237629376124f,-0.10271877237810337f,-0.42946288899182644f,-0.39106424033141285f,0.042208254185738425f,0.9880646185237926f,-0.148144432565064f,1.026037123665621f,0.4395542998295689f,0.11479182646237548f,0.8908506351116154f,0.004532171858186093f,0f,0f,0f,1f], start_interpolation: 0, interpolation_duration: 1 }
$data merge entity $(bone_lowerarm_right) { transformation: [-0.8701261959103889f,-0.47565741493247676f,-0.12895901213280603f,-0.6236904448218272f,-0.48252682833400334f,0.8754767303611889f,0.026614930659494322f,1.4541999621078898f,0.10024102517653567f,0.08538453147869374f,-0.9912927007981653f,0.046290544284484744f,0f,0f,0f,1f], start_interpolation: 0, interpolation_duration: 1 }
$data merge entity $(bone_arm_right) { transformation: [-0.7653034793124187f,0.6433646851423915f,0.019810766364222424f,-0.3452341670336359f,0.6436451185468179f,0.7646432310577167f,0.03227523150138532f,1.7851471105500578f,0.005616575750317985f,0.037451450028627216f,-0.999282664198471f,0.06249999999999996f,0f,0f,0f,1f], start_interpolation: 0, interpolation_duration: 1 }
$data merge entity $(bone_hair) { transformation: [-0.683478110621026f,0.15110560390623212f,0.007109747555019758f,0.056800966663547656f,0.14988372366909264f,0.674197008784516f,0.1628399911087017f,2.298925171378058f,0.019812664661758496f,0.11236320489441372f,-0.986626874145146f,0.39836281038260574f,0f,0f,0f,1f], start_interpolation: 0, interpolation_duration: 1 }
$data merge entity $(bone_ear_left) { transformation: [-0.38888775278058907f,0.2628432167580623f,-0.8988251756876036f,0.07873087736376476f,-0.1337521179850202f,1.2387622833572598f,0.27221916445677297f,2.396695074673168f,0.9115243752482897f,0.2939072110986426f,-0.3435258797421304f,0.18196060273674636f,0f,0f,0f,1f], start_interpolation: 0, interpolation_duration: 1 }
$data merge entity $(bone_ear_right) { transformation: [-0.29591051118156403f,-0.8209444499683067f,0.7166938756702832f,-0.20628634096104642f,0.07260636455897186f,0.953231565529163f,0.6760660817391199f,2.40913919517039f,-0.9524522482506905f,0.3277190756502507f,-0.17112726754851829f,0.1819606027367463f,0f,0f,0f,1f], start_interpolation: 0, interpolation_duration: 1 }
$data merge entity $(bone_head) { transformation: [-0.9990482215818577f,0.0430360598083877f,0.007109747555019758f,-0.08148184942244642f,0.04361938736533601f,0.9856878239795756f,0.1628399911087017f,1.9974261756242866f,-1.240828441513846e-16f,0.16299512635222613f,-0.986626874145146f,0.059357499999999994f,0f,0f,0f,1f], start_interpolation: 0, interpolation_duration: 1 }
$data merge entity $(bone_string2) { transformation: [0.9620276715860858f,0f,0.2729519355173251f,1.183113192609961f,0f,1f,0f,0.783563125f,-0.2729519355173251f,0f,0.9620276715860858f,0.3733240306729964f,0f,0f,0f,1f], start_interpolation: 0, interpolation_duration: 1 }
$data merge entity $(bone_string) { transformation: [0.9620276715860858f,0f,0.2729519355173251f,1.1567042398738612f,0f,1f,0f,0.615485f,-0.2729519355173251f,0f,0.9620276715860858f,0.2802448471105689f,0f,0f,0f,1f], start_interpolation: 0, interpolation_duration: 1 }
$data merge entity $(bone_flame) { transformation: [0.000009620276715860859f,0f,0.000002729519355173251f,1.2461569011563975f,0f,0.00001f,0f,0.87923375f,-0.000002729519355173251f,0f,0.000009620276715860859f,0.5955235619792346f,0f,0f,0f,1f], start_interpolation: 0, interpolation_duration: 1 }
$data merge entity $(bone_bomb) { transformation: [0.9620276715860858f,0f,0.2729519355173251f,1.1640625f,0f,1f,0f,-0.000783125f,-0.2729519355173251f,0f,0.9620276715860858f,0.22031250000000013f,0f,0f,0f,1f], start_interpolation: 0, interpolation_duration: 1 }