# This file was generated by Animated Java via MC-Build. It is not recommended to edit this file directly.
$data merge entity $(bone_hammer) { transformation: [-0.0000204231143121255f,-3.464816970106841e-21f,-0.00000411390077318745f,0.4607361755324525f,-0.00000411390077318745f,4.5348423487746594e-21f,0.0000204231143121255f,0.9204616999198026f,-2.5011101570964998e-21f,0.000020833333333333336f,-5.1297368106608695e-21f,-0.39062499999999994f,0f,0f,0f,1f], start_interpolation: 0, interpolation_duration: 1 }
$data merge entity $(bone_hand_left) { transformation: [-0.980309486982024f,-0.19746723711299755f,1.2246467991473532e-16f,0.4900576264096261f,-0.19746723711299755f,0.980309486982024f,0f,0.9901234004334816f,-1.2005328754063196e-16f,-2.4182761986690386e-17f,-1f,0.06250000000000006f,0f,0f,0f,1f], start_interpolation: 0, interpolation_duration: 1 }
$data merge entity $(bone_lowerarm_left) { transformation: [-0.9711496971184694f,-0.23847068118891485f,1.2246467991473532e-16f,0.3846088720714028f,-0.23847068118891485f,0.9711496971184694f,0f,1.4195536571280547f,-1.1893153680690551e-16f,-2.920423564084935e-17f,-1f,0.06250000000000004f,0f,0f,0f,1f], start_interpolation: 0, interpolation_duration: 1 }
$data merge entity $(bone_arm_left) { transformation: [-0.973785158400047f,-0.22746970189411025f,1.2246467991473532e-16f,0.27194028535197634f,-0.22746970189411025f,0.973785158400047f,0f,1.901881618398078f,-1.192542877291816e-16f,-2.7857004232762476e-17f,-1f,0.06250000000000003f,0f,0f,0f,1f], start_interpolation: 0, interpolation_duration: 1 }
$data merge entity $(bone_bread) { transformation: [0.000008920643173521121f,-0.0000011760393866239132f,-0.000004363376757950239f,-0.47615016474175775f,6.016852083698211e-7f,0.000009878570759634089f,-0.0000014324156718394916f,0.7842970631508965f,0.000004478850330245477f,0.0000010152689830836302f,0.00000888308103144671f,0.06653004683434857f,0f,0f,0f,1f], start_interpolation: 0, interpolation_duration: 1 }
$data merge entity $(bone_hand_right) { transformation: [0.892064317352112f,-0.11760393866239131f,-0.4363376757950238f,-0.3915797970152709f,0.0601685208369821f,0.9878570759634088f,-0.14324156718394915f,1.0220565269681972f,0.44788503302454774f,0.10152689830836302f,0.888308103144671f,0.005693357510253336f,0f,0f,0f,1f], start_interpolation: 0, interpolation_duration: 1 }
$data merge entity $(bone_lowerarm_right) { transformation: [-0.873671134242547f,-0.4692567097839849f,-0.12844021766584887f,-0.621075656644001f,-0.4758789584669567f,0.8791551195788441f,0.025009850193738005f,1.4520183276372256f,0.10118283490664826f,0.08297238119409261f,-0.9914018448032242f,0.04627203768798925f,0f,0f,0f,1f], start_interpolation: 0, interpolation_duration: 1 }
$data merge entity $(bone_arm_right) { transformation: [-0.7703280132483745f,0.6373232972947064f,0.020341256849458807f,-0.3452341670336359f,0.6376309936736408f,0.769683830556724f,0.03183577996992786f,1.7851471105500578f,0.004633347772153536f,0.03749420895193809f,-0.9992861033675444f,0.06249999999999996f,0f,0f,0f,1f], start_interpolation: 0, interpolation_duration: 1 }
$data merge entity $(bone_hair) { transformation: [-0.6834695668477697f,0.15115405805217208f,0.006670361995264277f,0.056951115240502795f,0.15007940824865618f,0.6753067911829745f,0.1527764072626959f,2.3023641391820693f,0.018588233177337044f,0.10541910887744682f,-0.9882382686653837f,0.3952109424546986f,0f,0f,0f,1f], start_interpolation: 0, interpolation_duration: 1 }
$data merge entity $(bone_ear_left) { transformation: [-0.38848181345504995f,0.26297116065338527f,-0.8989785613622839f,0.07878451040888533f,-0.12445457884598424f,1.2416926803390893f,0.2687060549254057f,2.397923473364258f,0.913013109664338f,0.2811502378745915f,-0.3458823532032572f,0.1778138243649358f,0f,0f,0f,1f], start_interpolation: 0, interpolation_duration: 1 }
$data merge entity $(bone_ear_right) { transformation: [-0.2963344555861782f,-0.820800706207361f,0.7166161259039028f,-0.20623270791592585f,0.06289644131012033f,0.9565238389289111f,0.6742853193184992f,2.4103675938614804f,-0.9530109800537273f,0.3183525502492405f,-0.17832732893763345f,0.1778138243649358f,0f,0f,0f,1f], start_interpolation: 0, interpolation_duration: 1 }
$data merge entity $(bone_head) { transformation: [-0.9990482215818577f,0.04310634785016431f,0.006670361995264277f,-0.08148184942244642f,0.04361938736533595f,0.9872976848092857f,0.1527764072626959f,1.9974261756242866f,-1.240828441513846e-16f,0.15292195507920042f,-0.9882382686653837f,0.059357499999999994f,0f,0f,0f,1f], start_interpolation: 0, interpolation_duration: 1 }
$data merge entity $(bone_string2) { transformation: [0.5511846074235028f,0f,0.8343833223042028f,1.278305172061825f,0f,1f,0f,0.783563125f,-0.8343833223042028f,0f,0.5511846074235028f,0.323869582268606f,0f,0f,0f,1f], start_interpolation: 0, interpolation_duration: 1 }
$data merge entity $(bone_string) { transformation: [0.5511846074235028f,0f,0.8343833223042028f,1.1975759781810111f,0f,1f,0f,0.615485f,-0.8343833223042028f,0f,0.5511846074235028f,0.2705407490484839f,0f,0f,0f,1f], start_interpolation: 0, interpolation_duration: 1 }
$data merge entity $(bone_flame) { transformation: [0.000005511846074235029f,0f,0.000008343833223042028f,1.4710226880144268f,0f,0.00001f,0f,0.87923375f,-0.000008343833223042028f,0f,0.000005511846074235029f,0.45117669104521246f,0f,0f,0f,1f], start_interpolation: 0, interpolation_duration: 1 }
$data merge entity $(bone_bomb) { transformation: [0.5511846074235028f,0f,0.8343833223042028f,1.1640625f,0f,1f,0f,-0.000783125f,-0.8343833223042028f,0f,0.5511846074235028f,0.22031250000000013f,0f,0f,0f,1f], start_interpolation: 0, interpolation_duration: 1 }