# This file was generated by Animated Java via MC-Build. It is not recommended to edit this file directly.
$data merge entity $(bone_hammer) { transformation: [-0.000020526617549769612f,-3.342205103369866e-21f,-0.0000035617060158396087f,0.452834963736088f,-0.0000035617060158396087f,4.5578246842858076e-21f,0.000020526617549769612f,0.9198455953348781f,-2.5137856479647242e-21f,0.000020833333333333336f,-5.062112456451671e-21f,-0.39062499999999994f,0f,0f,0f,1f], start_interpolation: 0, interpolation_duration: 1 }
$data merge entity $(bone_hand_left) { transformation: [-0.9852776423889412f,-0.1709618887603012f,1.2246467991473532e-16f,0.4840241454900991f,-0.1709618887603012f,0.9852776423889412f,0f,0.9886913282564997f,-1.2066171110230676e-16f,-2.0936792984648874e-17f,-1f,0.06250000000000006f,0f,0f,0f,1f], start_interpolation: 0, interpolation_duration: 1 }
$data merge entity $(bone_lowerarm_left) { transformation: [-0.9732541042663281f,-0.22973125283414836f,1.2246467991473532e-16f,0.3824398571274991f,-0.22973125283414836f,0.9732541042663281f,0f,1.4190521274867667f,-1.1918925235467832e-16f,-2.8133964344745115e-17f,-1f,0.06250000000000004f,0f,0f,0f,1f], start_interpolation: 0, interpolation_duration: 1 }
$data merge entity $(bone_arm_left) { transformation: [-0.9747977103572217f,-0.22309061809569264f,1.2246467991473532e-16f,0.27194028535197634f,-0.22309061809569264f,0.9747977103572217f,0f,1.901881618398078f,-1.1937828958051403e-16f,-2.7320721137069464e-17f,-1f,0.06250000000000003f,0f,0f,0f,1f], start_interpolation: 0, interpolation_duration: 1 }
$data merge entity $(bone_bread) { transformation: [0.000008871697466999061f,-0.0000013051334746254463f,-0.000004426015213197359f,-0.47425425515106967f,7.582251834323897e-7f,0.00000987361599228506f,-0.0000013916902701756831f,0.780467897825887f,0.000004551711614903922f,8.990738847863737e-7f,0.000008858531905707841f,0.06932952101321052f,0f,0f,0f,1f], start_interpolation: 0, interpolation_duration: 1 }
$data merge entity $(bone_hand_right) { transformation: [0.887169746699906f,-0.13051334746254462f,-0.44260152131973585f,-0.3920307505747902f,0.07582251834323896f,0.9873615992285059f,-0.1391690270175683f,1.0185882834307711f,0.4551711614903922f,0.08990738847863736f,0.8858531905707839f,0.006713311014713973f,0f,0f,0f,1f], start_interpolation: 0, interpolation_duration: 1 }
$data merge entity $(bone_lowerarm_right) { transformation: [-0.8767536144531201f,-0.46359430663208173f,-0.127997728111512f,-0.6187573411620426f,-0.4699998306671908f,0.882350851305983f,0.023603694041800287f,1.4501129966476034f,0.1019963661911602f,0.08085353460378976f,-0.9914935437136605f,0.0462557427818799f,0f,0f,0f,1f], start_interpolation: 0, interpolation_duration: 1 }
$data merge entity $(bone_arm_right) { transformation: [-0.7747157902888941f,0.6319669005132863f,0.020815401333728396f,-0.3452341670336359f,0.6322983903792052f,0.7740860393414111f,0.0314571012744921f,1.7851471105500578f,0.0037669352158455805f,0.03753185783247955f,-0.9992883316874676f,0.06249999999999996f,0f,0f,0f,1f], start_interpolation: 0, interpolation_duration: 1 }
$data merge entity $(bone_hair) { transformation: [-0.6834624900945012f,0.15119419231432557f,0.006282603815194765f,0.057082255989004335f,0.15024149254636165f,0.6762260169137969f,0.14389528481689756f,2.305367756139594f,0.01750767121193408f,0.0992909374480866f,-0.9895729765392571f,0.39240457447156957f,0f,0f,0f,1f], start_interpolation: 0, interpolation_duration: 1 }
$data merge entity $(bone_ear_left) { transformation: [-0.3881235716089199f,0.26307919335170027f,-0.8991145859892977f,0.07883023972020782f,-0.11624949159258456f,1.2441670359328607f,0.26559057875947123f,2.3989708467894797f,0.9142462189508914f,0.26988465077410084f,-0.34792902399124837f,0.1741495010549985f,0f,0f,0f,1f], start_interpolation: 0, interpolation_duration: 1 }
$data merge entity $(bone_ear_right) { transformation: [-0.2967082195875722f,-0.820677501061629f,0.7165449613878123f,-0.20618697860460336f,0.0543358382517483f,0.9593457007011189f,0.6726553839265929f,2.411414967286702f,-0.9534211289407492f,0.3100713882278057f,-0.1846565806688364f,0.17414950105499843f,0f,0f,0f,1f], start_interpolation: 0, interpolation_duration: 1 }
$data merge entity $(bone_head) { transformation: [-0.9990482215818577f,0.04316456698993439f,0.006282603815194765f,-0.08148184942244642f,0.04361938736533598f,0.9886311223370103f,0.14389528481689756f,1.9974261756242866f,-1.223481206754078e-16f,0.1440323717198143f,-0.9895729765392571f,0.059357499999999994f,0f,0f,0f,1f], start_interpolation: 0, interpolation_duration: 1 }
$data merge entity $(bone_string2) { transformation: [-0.06519831659144824f,0f,0.9978723262590465f,1.3176675754073985f,0f,1f,0f,0.783563125f,-0.9978723262590465f,0f,-0.06519831659144824f,0.2337638277002641f,0f,0f,0f,1f], start_interpolation: 0, interpolation_duration: 1 }
$data merge entity $(bone_string) { transformation: [-0.06519831659144824f,0f,0.9978723262590465f,1.2211203094908163f,0f,1f,0f,0.615485f,-0.9978723262590465f,0f,-0.06519831659144824f,0.24007196857522606f,0f,0f,0f,1f], start_interpolation: 0, interpolation_duration: 1 }
$data merge entity $(bone_flame) { transformation: [-6.519831659144825e-7f,0f,0.000009978723262590466f,1.5481461466034505f,0f,0.00001f,0f,0.87923375f,-0.000009978723262590466f,0f,-6.519831659144825e-7f,0.21870497251713727f,0f,0f,0f,1f], start_interpolation: 0, interpolation_duration: 1 }
$data merge entity $(bone_bomb) { transformation: [-0.06519831659144824f,0f,0.9978723262590465f,1.1640625f,0f,1f,0f,-0.000783125f,-0.9978723262590465f,0f,-0.06519831659144824f,0.22031250000000013f,0f,0f,0f,1f], start_interpolation: 0, interpolation_duration: 1 }