# This file was generated by Animated Java via MC-Build. It is not recommended to edit this file directly.
$data merge entity $(bone_hammer) { transformation: [-0.00002059848674464456f,-3.2439744062690427e-21f,-0.000003119314284979995f,0.4465404448187011f,-0.000003119314284979995f,4.573782851268096e-21f,0.00002059848674464456f,0.9194219546942635f,-2.5225870859108146e-21f,0.000020833333333333336f,-5.0079350947350234e-21f,-0.39062499999999994f,0f,0f,0f,1f], start_interpolation: 0, interpolation_duration: 1 }
$data merge entity $(bone_hand_left) { transformation: [-0.9887273637429387f,-0.14972708567903975f,1.2246467991473532e-16f,0.4792034149228359f,-0.14972708567903975f,0.9887273637429387f,0f,0.9875808160695563f,-1.2108418012371908e-16f,-1.8336279622249753e-17f,-1f,0.06250000000000006f,0f,0f,0f,1f], start_interpolation: 0, interpolation_duration: 1 }
$data merge entity $(bone_lowerarm_left) { transformation: [-0.9748765142046907f,-0.22274600344812365f,1.2246467991473532e-16f,0.38070791652311875f,-0.22274600344812365f,0.9748765142046907f,0f,1.4186590246944428f,-1.1938794026847037e-16f,-2.7278518014560994e-17f,-1f,0.06250000000000004f,0f,0f,0f,1f], start_interpolation: 0, interpolation_duration: 1 }
$data merge entity $(bone_arm_left) { transformation: [-0.9755913563732694f,-0.21959395567675433f,1.2246467991473532e-16f,0.27194028535197634f,-0.21959395567675433f,0.9755913563732694f,0f,1.901881618398078f,-1.1947548318583493e-16f,-2.6892503493164297e-17f,-1f,0.06250000000000003f,0f,0f,0f,1f], start_interpolation: 0, interpolation_duration: 1 }
$data merge entity $(bone_bread) { transformation: [0.000008830350368717232f,-0.0000014066818062907156f,-0.000004477293676044275f,-0.4727729271260563f,8.818915408575778e-7f,0.000009867633061813953f,-0.000001360913321104611f,0.7774703349938437f,0.0000046094663113921576f,8.068854027969731e-7f,0.000008837519803140129f,0.07153387674643302f,0f,0f,0f,1f], start_interpolation: 0, interpolation_duration: 1 }
$data merge entity $(bone_hand_right) { transformation: [0.8830350368717232f,-0.14066818062907155f,-0.44772936760442744f,-0.39238823088362956f,0.08818915408575777f,0.9867633061813952f,-0.1360913321104611f,1.0158480468651914f,0.4609466311392157f,0.08068854027969731f,0.8837519803140128f,0.007524661839566189f,0f,0f,0f,1f], start_interpolation: 0, interpolation_duration: 1 }
$data merge entity $(bone_lowerarm_right) { transformation: [-0.8791848477246889f,-0.45906240885300753f,-0.12765464468396567f,-0.6168984402133035f,-0.4652957869583953f,0.8848695585726821f,0.02248766217625817f,1.4486045653546438f,0.10263446872314758f,0.07916798020323798f,-0.9915637129002136f,0.04624275215771226f,0f,0f,0f,1f], start_interpolation: 0, interpolation_duration: 1 }
$data merge entity $(bone_arm_right) { transformation: [-0.778189272240036f,0.6276719669133115f,0.021198078254833542f,-0.3452341670336359f,0.6280222896775305f,0.7775712235561912f,0.031160808165376353f,1.7851471105500578f,0.0030757501061193394f,0.03756187227098962f,-0.999289570401284f,0.06249999999999996f,0f,0f,0f,1f], start_interpolation: 0, interpolation_duration: 1 }
$data merge entity $(bone_hair) { transformation: [-0.6834571485925384f,0.15122448547729656f,0.005972903078985136f,0.05718608153884629f,0.15036383305499373f,0.6769198444162048f,0.13680197176457565f,2.3077457521911118f,0.016644631169437915f,0.09439639414547601f,-0.9905804081194688f,0.390146477227345f,0f,0f,0f,1f], start_interpolation: 0, interpolation_duration: 1 }
$data merge entity $(bone_ear_left) { transformation: [-0.3878374454375321f,0.2631622064992456f,-0.8992236720682338f,0.07886568896666037f,-0.10969612484584919f,1.2460683496016776f,0.2630920967829195f,2.3997827680190973f,0.9151769643682545f,0.26088181460462084f,-0.3495416086855585f,0.17121961092969012f,0f,0f,0f,1f], start_interpolation: 0, interpolation_duration: 1 }
$data merge entity $(bone_ear_right) { transformation: [-0.29700649682195185f,-0.8205815453042475f,0.71648641189008f,-0.20615152935815084f,0.047504166407083104f,0.9615434488712045f,0.6713143799575549f,2.4122268885163196f,-0.9536930821912886f,0.30344706859510445f,-0.18969508385586126f,0.17121961092969007f,0f,0f,0f,1f], start_interpolation: 0, interpolation_duration: 1 }
$data merge entity $(bone_head) { transformation: [-0.9990482215818577f,0.04320851053827568f,0.005972903078985136f,-0.08148184942244642f,0.04361938736533598f,0.9896375950655862f,0.13680197176457565f,1.9974261756242866f,-1.240828441513846e-16f,0.13693230097338868f,-0.9905804081194688f,0.059357499999999994f,0f,0f,0f,1f], start_interpolation: 0, interpolation_duration: 1 }
$data merge entity $(bone_string2) { transformation: [-0.6016053625800643f,0f,0.7987934574812875f,1.2998997470974403f,0f,1f,0f,0.783563125f,-0.7987934574812875f,0f,-0.6016053625800643f,0.14734881239581282f,0f,0f,0f,1f], start_interpolation: 0, interpolation_duration: 1 }
$data merge entity $(bone_string) { transformation: [-0.6016053625800643f,0f,0.7987934574812875f,1.222613983856571f,0f,1f,0f,0.615485f,-0.7987934574812875f,0f,-0.6016053625800643f,0.20555601124219208f,0f,0f,0f,1f], start_interpolation: 0, interpolation_duration: 1 }
$data merge entity $(bone_flame) { transformation: [-0.000006016053625800643f,0f,0.000007987934574812875f,1.4843970719718933f,0f,0.00001f,0f,0.87923375f,-0.000007987934574812875f,0f,-0.000006016053625800643f,0.008396021800695347f,0f,0f,0f,1f], start_interpolation: 0, interpolation_duration: 1 }
$data merge entity $(bone_bomb) { transformation: [-0.6016053625800643f,0f,0.7987934574812875f,1.1640625f,0f,1f,0f,-0.000783125f,-0.7987934574812875f,0f,-0.6016053625800643f,0.22031250000000013f,0f,0f,0f,1f], start_interpolation: 0, interpolation_duration: 1 }