# This file was generated by Animated Java via MC-Build. It is not recommended to edit this file directly.
$data merge entity $(bone_hammer) { transformation: [-0.000020640819819577254f,-3.1787692911102817e-21f,-0.000002825656552648352f,0.4423783575169413f,-0.000002825656552648352f,4.5831826821667875e-21f,0.000020640819819577254f,0.9191744990777347f,-2.5277713923822535e-21f,0.000020833333333333336f,-4.9719723945405415e-21f,-0.39062499999999994f,0f,0f,0f,1f], start_interpolation: 0, interpolation_duration: 1 }
$data merge entity $(bone_hand_left) { transformation: [-0.9907593513397082f,-0.13563151452712086f,1.2246467991473532e-16f,0.4760086602909338f,-0.13563151452712086f,0.9907593513397082f,0f,0.9868612979038691f,-1.2133302683434816e-16f,-1.6610070012914633e-17f,-1f,0.06250000000000006f,0f,0f,0f,1f], start_interpolation: 0, interpolation_duration: 1 }
$data merge entity $(bone_lowerarm_left) { transformation: [-0.9759229308134348f,-0.218115641604438f,1.2246467991473532e-16f,0.3795606500189714f,-0.218115641604438f,0.9759229308134348f,0f,1.4184022188729348f,-1.1951608934351768e-16f,-2.6711462233484627e-17f,-1f,0.06250000000000004f,0f,0f,0f,1f], start_interpolation: 0, interpolation_duration: 1 }
$data merge entity $(bone_arm_left) { transformation: [-0.9761098286942953f,-0.21727770784503728f,1.2246467991473532e-16f,0.27194028535197634f,-0.21727770784503728f,0.9761098286942953f,0f,1.901881618398078f,-1.19538977732674e-16f,-2.6608844943849868e-17f,-1f,0.06250000000000003f,0f,0f,0f,1f], start_interpolation: 0, interpolation_duration: 1 }
$data merge entity $(bone_bread) { transformation: [0.000008801871853572658f,-0.0000014731861964539582f,-0.000004511848213743775f,-0.4718076111210029f,9.631412687633657e-7f,0.000009862708777626332f,-0.0000013413927329971008f,0.7755132934165987f,0.000004647516623928338f,7.461219728101177e-7f,0.000008822918521215052f,0.07297865762849974f,0f,0f,0f,1f], start_interpolation: 0, interpolation_duration: 1 }
$data merge entity $(bone_hand_right) { transformation: [0.8801871853572658f,-0.1473186196453958f,-0.45118482137437754f,-0.3926237574118069f,0.09631412687633657f,0.9862708777626331f,-0.13413927329971007f,1.0140470900194094f,0.4647516623928337f,0.07461219728101176f,0.8822918521215051f,0.008060573168085033f,0f,0f,0f,1f], start_interpolation: 0, interpolation_duration: 1 }
$data merge entity $(bone_lowerarm_right) { transformation: [-0.8807806357690093f,-0.4560553211733895f,-0.12743239652371174f,-0.6156633129231677f,-0.462175117659264f,0.8865218674874502f,0.021751760462303853f,1.4476116908374905f,0.10305160004087957f,0.07805461226603165f,-0.9916087157911703f,0.04623415697944113f,0f,0f,0f,1f], start_interpolation: 0, interpolation_duration: 1 }
$data merge entity $(bone_arm_right) { transformation: [-0.7804754376180465f,0.6248182432104704f,0.02145353645207049f,-0.3452341670336359f,0.6251809628272931f,0.7798652296608052f,0.030967519830273516f,1.7851471105500578f,0.0026182042047064955f,0.03758173116663411f,-0.9992901272849949f,0.06249999999999996f,0f,0f,0f,1f], start_interpolation: 0, interpolation_duration: 1 }
$data merge entity $(bone_hair) { transformation: [-0.6834537612296777f,0.1512436961667046f,0.005767719961205198f,0.057254421442003336f,0.15044141641978148f,0.6773598415424303f,0.13210250574044782f,2.3093109933106235f,0.01607284936208557f,0.09115365837665051f,-0.991219280171418f,0.3886423155870521f,0f,0f,0f,1f], start_interpolation: 0, interpolation_duration: 1 }
$data merge entity $(bone_ear_left) { transformation: [-0.3876478809545984f,0.2632156088458271f,-0.8992961602602437f,0.0788886508375269f,-0.10535438437242531f,1.247291464427515f,0.26143184422809745f,2.4003086813259777f,0.9157672051809438f,0.2549147818903121f,-0.3505992113007068f,0.16927693239731917f,0f,0f,0f,1f], start_interpolation: 0, interpolation_duration: 1 }
$data merge entity $(bone_ear_right) { transformation: [-0.2972039914754468f,-0.8205191661873573f,0.7164467874431243f,-0.20612856748728428f,0.04298079516636623f,0.9629721655395778f,0.6704068309144956f,2.4127528018232f,-0.9538461294663461f,0.2990533502825531f,-0.19302508082010839f,0.1692769323973191f,0f,0f,0f,1f], start_interpolation: 0, interpolation_duration: 1 }
$data merge entity $(bone_head) { transformation: [-0.9990482215818577f,0.04323637774578655f,0.005767719961205198f,-0.08148184942244642f,0.04361938736533598f,0.9902758590529044f,0.13210250574044782f,1.9974261756242866f,-1.240828441513846e-16f,0.13222835783770412f,-0.991219280171418f,0.059357499999999994f,0f,0f,0f,1f], start_interpolation: 0, interpolation_duration: 1 }
$data merge entity $(bone_string2) { transformation: [-0.9126710453076026f,0f,0.40869495110305454f,1.2477388490411911f,0f,1f,0f,0.783563125f,-0.40869495110305454f,0f,-0.9126710453076026f,0.09079907977279271f,0f,0f,0f,1f], start_interpolation: 0, interpolation_duration: 1 }
$data merge entity $(bone_string) { transformation: [-0.9126710453076026f,0f,0.40869495110305454f,1.2081963353502485f,0f,1f,0f,0.615485f,-0.40869495110305454f,0f,-0.9126710453076026f,0.17910285550331984f,0f,0f,0f,1f], start_interpolation: 0, interpolation_duration: 1 }
$data merge entity $(bone_flame) { transformation: [-0.000009126710453076027f,0f,0.000004086949511030546f,1.3421351218974638f,0f,0.00001f,0f,0.87923375f,-0.000004086949511030546f,0f,-0.000009126710453076027f,-0.12000055156190426f,0f,0f,0f,1f], start_interpolation: 0, interpolation_duration: 1 }
$data merge entity $(bone_bomb) { transformation: [-0.9126710453076026f,0f,0.40869495110305454f,1.1640625f,0f,1f,0f,-0.000783125f,-0.40869495110305454f,0f,-0.9126710453076026f,0.22031250000000013f,0f,0f,0f,1f], start_interpolation: 0, interpolation_duration: 1 }