# This file was generated by Animated Java via MC-Build. It is not recommended to edit this file directly.
$data merge entity $(bone_hammer) { transformation: [-0.000020545948017068263f,-3.317056908784201e-21f,-0.000003448448616074568f,0.45122059749647947f,-0.000003448448616074568f,4.562116910260153e-21f,0.000020545948017068263f,0.9197312682316244f,-2.5161529474550565e-21f,0.000020833333333333336f,-5.048242425241471e-21f,-0.39062499999999994f,0f,0f,0f,1f], start_interpolation: 0, interpolation_duration: 1 }
$data merge entity $(bone_hand_left) { transformation: [-0.9862055048192765f,-0.16552553357157923f,1.2246467991473532e-16f,0.4827889856030749f,-0.16552553357157923f,0.9862055048192765f,0f,0.9884039474596213f,-1.207753414778427e-16f,-2.0271031486559226e-17f,-1f,0.06250000000000006f,0f,0f,0f,1f], start_interpolation: 0, interpolation_duration: 1 }
$data merge entity $(bone_lowerarm_left) { transformation: [-0.9736747803062185f,-0.2279417078896208f,1.2246467991473532e-16f,0.38199601164563324f,-0.2279417078896208f,0.9736747803062185f,0f,1.4189507643762773f,-1.192407703112513e-16f,-2.791480829592051e-17f,-1f,0.06250000000000004f,0f,0f,0f,1f], start_interpolation: 0, interpolation_duration: 1 }
$data merge entity $(bone_arm_left) { transformation: [-0.9750023551228783f,-0.22219452627110545f,1.2246467991473532e-16f,0.27194028535197634f,-0.22219452627110545f,0.9750023551228783f,0f,1.901881618398078f,-1.194033513362364e-16f,-2.721098153859718e-17f,-1f,0.06250000000000003f,0f,0f,0f,1f], start_interpolation: 0, interpolation_duration: 1 }
$data merge entity $(bone_bread) { transformation: [0.000008861291465769397f,-0.0000013312882538443355f,-0.000004439052279919502f,-0.4738718772798276f,7.900314476160695e-7f,0.000009872251575789309f,-0.000001383654268993236f,0.7796947001276925f,0.000004566548354113869f,8.753972866656937e-7f,0.000008853265822284916f,0.06989707984967192f,0f,0f,0f,1f], start_interpolation: 0, interpolation_duration: 1 }
$data merge entity $(bone_hand_right) { transformation: [0.8861291465769396f,-0.13312882538443355f,-0.4439052279919502f,-0.3921225826726199f,0.07900314476160694f,0.9872251575789308f,-0.1383654268993236f,1.0178835782580995f,0.45665483541138685f,0.08753972866656937f,0.8853265822284915f,0.006921499930134224f,0f,0f,0f,1f], start_interpolation: 0, interpolation_duration: 1 }
$data merge entity $(bone_lowerarm_right) { transformation: [-0.877379213919908f,-0.4624337989732498f,-0.12790893850099908f,-0.6182816124829749f,-0.46879512965787157f,0.8829991159908435f,0.02331710892131853f,1.4497253334223714f,0.10216086036415098f,0.0804210341052479f,-0.9915117830278665f,0.04625241192223202f,0f,0f,0f,1f], start_interpolation: 0, interpolation_duration: 1 }
$data merge entity $(bone_arm_right) { transformation: [-0.7756084905905101f,0.6308677439984727f,0.02091312760416603f,-0.3452341670336359f,0.631204073980696f,0.7749817233275067f,0.03138065484498133f,1.7851471105500578f,0.003589751256403474f,0.03753955368148549f,-0.9992886948201265f,0.06249999999999996f,0f,0f,0f,1f], start_interpolation: 0, interpolation_duration: 1 }
$data merge entity $(bone_hair) { transformation: [-0.6834610950797992f,0.15120210383584312f,0.006203242722827275f,0.05710893877562441f,0.1502734436360329f,0.6764072205477663f,0.14207761696364515f,2.3059788924285196f,0.017286516424355473f,0.0980367063219706f,-0.9898360826609895f,0.3918273430116284f,0f,0f,0f,1f], start_interpolation: 0, interpolation_duration: 1 }
$data merge entity $(bone_ear_left) { transformation: [-0.38805025152000383f,0.2631007420206336f,-0.8991425018951724f,0.07883941441574253f,-0.11457018546606093f,1.2446605815939902f,0.26495119939624584f,2.3991809818649847f,0.9144892973116384f,0.2675780935994242f,-0.34834411610386146f,0.17339898541860072f,0f,0f,0f,1f], start_interpolation: 0, interpolation_duration: 1 }
$data merge entity $(bone_ear_right) { transformation: [-0.2967846742180239f,-0.8206527054986353f,0.7165301025731883f,-0.20617780390906865f,0.052584739320790566f,0.9599136124625667f,0.6723150611201169f,2.411625102362207f,-0.9534955177345438f,0.30837476155942956f,-0.18594910781584773f,0.17339898541860072f,0f,0f,0f,1f], start_interpolation: 0, interpolation_duration: 1 }
$data merge entity $(bone_head) { transformation: [-0.9990482215818577f,0.04317604351777641f,0.006203242722827275f,-0.08148184942244642f,0.04361938736533601f,0.9888939780400144f,0.14207761696364515f,1.9974261756242866f,-1.2061339719943099e-16f,0.1422129722013663f,-0.9898360826609895f,0.059357499999999994f,0f,0f,0f,1f], start_interpolation: 0, interpolation_duration: 1 }
$data merge entity $(bone_string2) { transformation: [-0.06519831659144672f,0f,-0.9978723262590468f,1.0135135956828256f,0f,1f,0f,0.783563125f,0.9978723262590468f,0f,-0.06519831659144672f,0.1869885624068715f,0f,0f,0f,1f], start_interpolation: 0, interpolation_duration: 1 }
$data merge entity $(bone_string) { transformation: [-0.06519831659144672f,0f,-0.9978723262590468f,1.1100608615994079f,0f,1f,0f,0.615485f,0.9978723262590468f,0f,-0.06519831659144672f,0.19329670328183332f,0f,0f,0f,1f], start_interpolation: 0, interpolation_duration: 1 }
$data merge entity $(bone_flame) { transformation: [-6.519831659144672e-7f,0f,-0.000009978723262590469f,0.7830350244867734f,0f,0.00001f,0f,0.87923375f,0.000009978723262590469f,0f,-6.519831659144672e-7f,0.17192970722374507f,0f,0f,0f,1f], start_interpolation: 0, interpolation_duration: 1 }
$data merge entity $(bone_bomb) { transformation: [-0.06519831659144672f,0f,-0.9978723262590468f,1.1640625f,0f,1f,0f,-0.000783125f,0.9978723262590468f,0f,-0.06519831659144672f,0.22031250000000013f,0f,0f,0f,1f], start_interpolation: 0, interpolation_duration: 1 }