# This file was generated by Animated Java via MC-Build. It is not recommended to edit this file directly.
$data merge entity $(bone_hammer) { transformation: [-0.00002045840522506651f,-3.42501425339859e-21f,-0.000003934645273051841f,0.4581655977738187f,-0.000003934645273051841f,4.54267850559609e-21f,0.00002045840522506651f,0.9202509423144059f,-2.505432047453719e-21f,0.000020833333333333336f,-5.1077843432138066e-21f,-0.39062499999999994f,0f,0f,0f,1f], start_interpolation: 0, interpolation_duration: 1 }
$data merge entity $(bone_hand_left) { transformation: [-0.9820034508031924f,-0.1888629731064883f,1.2246467991473532e-16f,0.4880968086137988f,-0.1888629731064883f,0.9820034508031924f,0f,0.9896528343466311f,-1.202607382777785e-16f,-2.3129043549231358e-17f,-1f,0.06250000000000006f,0f,0f,0f,1f], start_interpolation: 0, interpolation_duration: 1 }
$data merge entity $(bone_lowerarm_left) { transformation: [-0.9718426330593952f,-0.2356308480827197f,1.2246467991473532e-16f,0.38390379297722116f,-0.2356308480827197f,0.9718426330593952f,0f,1.4193894986525823f,-1.190163969851124e-16f,-2.8856456388487896e-17f,-1f,0.06250000000000004f,0f,0f,0f,1f], start_interpolation: 0, interpolation_duration: 1 }
$data merge entity $(bone_arm_left) { transformation: [-0.9741165824514739f,-0.2260461983601157f,1.2246467991473532e-16f,0.27194028535197634f,-0.2260461983601157f,0.9741165824514739f,0f,1.901881618398078f,-1.1929487546955565e-16f,-2.7682675328114336e-17f,-1f,0.06250000000000003f,0f,0f,0f,1f], start_interpolation: 0, interpolation_duration: 1 }
$data merge entity $(bone_bread) { transformation: [0.000008905081833811146f,-0.0000012182350836623846f,-0.0000043835397584669905f,-0.47552890112210955f,6.527708052337792e-7f,0.000009877275593538925f,-0.0000014189140654439818f,0.7830430084673902f,0.0000045026001164839395f,9.774099090015528e-7f,0.0000088753175752096f,0.06744475172595271f,0f,0f,0f,1f], start_interpolation: 0, interpolation_duration: 1 }
$data merge entity $(bone_hand_right) { transformation: [0.8905081833811145f,-0.12182350836623844f,-0.43835397584669905f,-0.39172678513506715f,0.06527708052337791f,0.9877275593538923f,-0.14189140654439816f,1.020924655426815f,0.4502600116483939f,0.09774099090015528f,0.8875317575209599f,0.006025374523266312f,0f,0f,0f,1f], start_interpolation: 0, interpolation_duration: 1 }
$data merge entity $(bone_lowerarm_right) { transformation: [-0.8746777543824961f,-0.46741765727642404f,-0.12829481538477483f,-0.6203232331468183f,-0.4739693184586252f,0.8801990102596701f,0.024551731054316753f,1.4513969838819347f,0.10144905691163632f,0.08228265919448959f,-0.9914321221584578f,0.046266737535571374f,0f,0f,0f,1f], start_interpolation: 0, interpolation_duration: 1 }
$data merge entity $(bone_arm_right) { transformation: [-0.7717589445862287f,0.6355848458932731f,0.020494758402444854f,-0.3452341670336359f,0.6359003027051777f,0.7711194262368186f,0.03171175648971168f,1.7851471105500578f,0.004351605521362908f,0.03750645479145954f,-0.9992869104408216f,0.06249999999999996f,0f,0f,0f,1f], start_interpolation: 0, interpolation_duration: 1 }
$data merge entity $(bone_hair) { transformation: [-0.6834672191242175f,0.15116737265407137f,0.006544327263694263f,0.05699388064446155f,0.15013317995846917f,0.6756117457032464f,0.14988973731985689f,2.3033436279679247f,0.018237013411373855f,0.10342724260404938f,-0.9886810600122012f,0.3943013261363051f,0f,0f,0f,1f], start_interpolation: 0, interpolation_duration: 1 }
$data merge entity $(bone_ear_left) { transformation: [-0.3883653725461669f,0.26300677565515895f,-0.8990227061317724f,0.07879953842359365f,-0.12178764356867974f,1.24250839798972f,0.2676949734748556f,2.3982676714897955f,0.9134221955268359f,0.27748930949587225f,-0.34655097032875415f,0.1766232847588306f,0f,0f,0f,1f], start_interpolation: 0, interpolation_duration: 1 }
$data merge entity $(bone_ear_right) { transformation: [-0.2964559794326219f,-0.8207602857871121f,0.7165932567478083f,-0.20621767990121753f,0.06011308762262979f,0.9574496187576622f,0.6737615295290188f,2.4107117919870182f,-0.953152804620077f,0.31566244758517725f,-0.18038709962269067f,0.17662328475883055f,0f,0f,0f,1f], start_interpolation: 0, interpolation_duration: 1 }
$data merge entity $(bone_head) { transformation: [-0.9990482215818577f,0.043125662137443184f,0.006544327263694263f,-0.08148184942244642f,0.04361938736533601f,0.9877400547168557f,0.14988973731985689f,1.9974261756242866f,-1.2061339719943099e-16f,0.15003253504873548f,-0.9886810600122012f,0.059357499999999994f,0f,0f,0f,1f], start_interpolation: 0, interpolation_duration: 1 }
$data merge entity $(bone_string2) { transformation: [0.5511846074235024f,0f,-0.8343833223042032f,1.0239830494651982f,0f,1f,0f,0.783563125f,0.8343833223042032f,0f,0.5511846074235024f,0.28475786403559644f,0f,0f,0f,1f], start_interpolation: 0, interpolation_duration: 1 }
$data merge entity $(bone_string) { transformation: [0.5511846074235024f,0f,-0.8343833223042032f,1.1047122433460121f,0f,1f,0f,0.615485f,0.8343833223042032f,0f,0.5511846074235024f,0.23142903081547436f,0f,0f,0f,1f], start_interpolation: 0, interpolation_duration: 1 }
$data merge entity $(bone_flame) { transformation: [0.000005511846074235024f,0f,-0.000008343833223042032f,0.8312655335125964f,0f,0.00001f,0f,0.87923375f,0.000008343833223042032f,0f,0.000005511846074235024f,0.4120649728122028f,0f,0f,0f,1f], start_interpolation: 0, interpolation_duration: 1 }
$data merge entity $(bone_bomb) { transformation: [0.5511846074235024f,0f,-0.8343833223042032f,1.1640625f,0f,1f,0f,-0.000783125f,0.8343833223042032f,0f,0.5511846074235024f,0.22031250000000013f,0f,0f,0f,1f], start_interpolation: 0, interpolation_duration: 1 }