# This file was generated by Animated Java via MC-Build. It is not recommended to edit this file directly.
$data merge entity $(bone_hammer) { transformation: [-0.00002034343273839542f,-3.5486348853472614e-21f,-0.000004491383105031183f,0.4661681172077655f,-0.000004491383105031183f,4.5171494852159585e-21f,0.00002034343273839542f,0.9209398250739369f,-2.491351978674542e-21f,0.000020833333333333336f,-5.1759650636035806e-21f,-0.39062499999999994f,0f,0f,0f,1f], start_interpolation: 0, interpolation_duration: 1 }
$data merge entity $(bone_hand_left) { transformation: [-0.97648477144298f,-0.21558638904149674f,1.2246467991473532e-16f,0.4941945706789986f,-0.21558638904149674f,0.97648477144298f,0f,0.9911325448233868f,-1.19584894976378e-16f,-2.64017181279405e-17f,-1f,0.06250000000000006f,0f,0f,0f,1f], start_interpolation: 0, interpolation_duration: 1 }
$data merge entity $(bone_lowerarm_left) { transformation: [-0.9696591489104717f,-0.24446090676061052f,1.2246467991473532e-16f,0.3860970134707911f,-0.24446090676061052f,0.9696591489104717f,0f,1.4199036997322358f,-1.187489972977156e-16f,-2.9937826698104126e-17f,-1f,0.06250000000000004f,0f,0f,0f,1f], start_interpolation: 0, interpolation_duration: 1 }
$data merge entity $(bone_arm_left) { transformation: [-0.973078447779618f,-0.23047415140707084f,1.2246467991473532e-16f,0.27194028535197634f,-0.23047415140707084f,0.973078447779618f,0f,1.901881618398078f,-1.191677406392584e-16f,-2.822494318068718e-17f,-1f,0.06250000000000003f,0f,0f,0f,1f], start_interpolation: 0, interpolation_duration: 1 }
$data merge entity $(bone_bread) { transformation: [0.00000895236990320856f,-0.0000010862607686410712f,-0.000004321470890638613f,-0.477477052786436f,4.93247431719485e-7f,0.000009880285717028365f,-0.000001461732232998732f,0.7869738547572438f,0.0000044285189496295175f,0.0000010954413231189675f,0.0000088987767822536f,0.06458485631381276f,0f,0f,0f,1f], start_interpolation: 0, interpolation_duration: 1 }
$data merge entity $(bone_hand_right) { transformation: [0.8952369903208559f,-0.10862607686410711f,-0.4321470890638613f,-0.39126830907242327f,0.049324743171948494f,0.9880285717028364f,-0.1461732232998732f,1.0244595541779702f,0.4428518949629517f,0.10954413231189673f,0.8898776782253599f,0.0049911689140546694f,0f,0f,0f,1f], start_interpolation: 0, interpolation_duration: 1 }
$data merge entity $(bone_lowerarm_right) { transformation: [-0.8715319964574599f,-0.4731330591594169f,-0.128752038746287f,-0.6226599458175756f,-0.47990471794297335f,0.8769358610431606f,0.025979940580493452f,1.4533359987193908f,0.1006153111954088f,0.08443106032108329f,-0.9913364490454837f,0.04628323435233446f,0f,0f,0f,1f], start_interpolation: 0, interpolation_duration: 1 }
$data merge entity $(bone_arm_right) { transformation: [-0.767293335135063f,0.6409837488148785f,0.020019281019469353f,-0.3452341670336359f,0.6412749820801894f,0.7666393919553314f,0.0321004682273102f,1.7851471105500578f,0.005228309034905298f,0.03746833940254845f,-0.999284137934277f,0.06249999999999996f,0f,0f,0f,1f], start_interpolation: 0, interpolation_duration: 1 }
$data merge entity $(bone_hair) { transformation: [-0.6834746716750775f,0.1511251071378693f,0.0069363242651282455f,0.056860426398383f,0.149962488480834f,0.6746437062293705f,0.15886794473638902f,2.300287023204299f,0.019329387659225056f,0.10962240481610647f,-0.9872754750022532f,0.39712236474564294f,0f,0f,0f,1f], start_interpolation: 0, interpolation_duration: 1 }
$data merge entity $(bone_ear_left) { transformation: [-0.3887275305525975f,0.2628944187304597f,-0.8988856208755014f,0.07875227697476593f,-0.13008242563945482f,1.2399350013286674f,0.2708347420446302f,2.397185206346366f,0.9121236043049402f,0.2888731851184029f,-0.34446071341283996f,0.1803245800942217f,0f,0f,0f,1f], start_interpolation: 0, interpolation_duration: 1 }
$data merge entity $(bone_ear_right) { transformation: [-0.2960778928774707f,-0.8208871890363103f,0.7166635558487813f,-0.20626494135004528f,0.06877269343882635f,0.9545430564906928f,0.6753716436559721f,2.4096293268435884f,-0.9526847316853598f,0.3240243450444281f,-0.173972672174716f,0.1803245800942217f,0f,0f,0f,1f], start_interpolation: 0, interpolation_duration: 1 }
$data merge entity $(bone_head) { transformation: [-0.9990482215818577f,0.04306435138041934f,0.0069363242651282455f,-0.08148184942244642f,0.04361938736533598f,0.986335807512385f,0.15886794473638902f,1.9974261756242866f,-1.223481206754078e-16f,0.15901929587026653f,-0.9872754750022532f,0.059357499999999994f,0f,0f,0f,1f], start_interpolation: 0, interpolation_duration: 1 }
$data merge entity $(bone_string2) { transformation: [0.9620276715860858f,0f,-0.27295193551732516f,1.0999167602844413f,0f,1f,0f,0.783563125f,0.27295193551732516f,0f,0.9620276715860858f,0.3605294086956218f,0f,0f,0f,1f], start_interpolation: 0, interpolation_duration: 1 }
$data merge entity $(bone_string) { transformation: [0.9620276715860858f,0f,-0.27295193551732516f,1.126325713020541f,0f,1f,0f,0.615485f,0.27295193551732516f,0f,0.9620276715860858f,0.2674502251331943f,0f,0f,0f,1f], start_interpolation: 0, interpolation_duration: 1 }
$data merge entity $(bone_flame) { transformation: [0.000009620276715860859f,0f,-0.000002729519355173252f,1.0368730517380047f,0f,0.00001f,0f,0.87923375f,0.000002729519355173252f,0f,0.000009620276715860859f,0.58272894000186f,0f,0f,0f,1f], start_interpolation: 0, interpolation_duration: 1 }
$data merge entity $(bone_bomb) { transformation: [0.9620276715860858f,0f,-0.27295193551732516f,1.1640625f,0f,1f,0f,-0.000783125f,0.27295193551732516f,0f,0.9620276715860858f,0.22031250000000013f,0f,0f,0f,1f], start_interpolation: 0, interpolation_duration: 1 }