# This file was generated by Animated Java via MC-Build. It is not recommended to edit this file directly.
$data merge entity $(bone_hammer) { transformation: [-0.000020202445466226946f,-3.681137307870007e-21f,-0.000005088120965730301f,0.4748103233352552f,-0.000005088120965730301f,4.485844022067852e-21f,0.000020202445466226946f,0.9217924019854146f,-2.474086017516379e-21f,0.000020833333333333336f,-5.249044374707102e-21f,-0.39062499999999994f,0f,0f,0f,1f], start_interpolation: 0, interpolation_duration: 1 }
$data merge entity $(bone_hand_left) { transformation: [-0.9697173823788934f,-0.24422980635505442f,1.2246467991473532e-16f,0.5007589491891672f,-0.24422980635505442f,0.9697173823788934f,0f,0.9927795051541852f,-1.1875612884078617e-16f,-2.9909525060909523e-17f,-1f,0.06250000000000006f,0f,0f,0f,1f], start_interpolation: 0, interpolation_duration: 1 }
$data merge entity $(bone_lowerarm_left) { transformation: [-0.9672141084903985f,-0.25396233645390004f,1.2246467991473532e-16f,0.38845997853845826f,-0.25396233645390004f,0.9672141084903985f,0f,1.4204694937522833f,-1.1844956620529272e-16f,-3.110141624422519e-17f,-1f,0.06250000000000004f,0f,0f,0f,1f], start_interpolation: 0, interpolation_duration: 1 }
$data merge entity $(bone_arm_left) { transformation: [-0.9719361507044435f,-0.23524480643327578f,1.2246467991473532e-16f,0.27194028535197634f,-0.23524480643327578f,0.9719361507044435f,0f,1.901881618398078f,-1.1902784959357963e-16f,-2.8809179921454987e-17f,-1f,0.06250000000000003f,0f,0f,0f,1f], start_interpolation: 0, interpolation_duration: 1 }
$data merge entity $(bone_bread) { transformation: [0.000008999590919324135f,-9.417363109604715e-7f,-0.000004256817591280741f,-0.4796273970694708f,3.1939342607778297e-7f,0.000009880096055188096f,-0.0000015105263253697261f,0.7913096961745725f,0.00000434802841805305f,0.0000012234519446530092f,0.000008921760712714046f,0.06145611247964138f,0f,0f,0f,1f], start_interpolation: 0, interpolation_duration: 1 }
$data merge entity $(bone_hand_right) { transformation: [0.8999590919324134f,-0.09417363109604715f,-0.4256817591280741f,-0.39077021573494597f,0.031939342607778295f,0.9880096055188095f,-0.1510526325369726f,1.0283145853619198f,0.43480284180530493f,0.12234519446530091f,0.8921760712714045f,0.0038722924728319466f,0f,0f,0f,1f], start_interpolation: 0, interpolation_duration: 1 }
$data merge entity $(bone_lowerarm_right) { transformation: [-0.8680946924072157f,-0.47927364199141703f,-0.12926090324109932f,-0.6251649812713733f,-0.48628371734129017f,0.8733672190008043f,0.027529021478028486f,1.4554457409045005f,0.09969830120497628f,0.0867552699672153f,-0.9912284155883332f,0.046301041691173175f,0f,0f,0f,1f], start_interpolation: 0, interpolation_duration: 1 }
$data merge entity $(bone_arm_right) { transformation: [-0.7624341086515974f,0.6467715563615591f,0.019513683565401813f,-0.3452341670336359f,0.6470364075429957f,0.7617648973760165f,0.032528886233027826f,1.7851471105500578f,0.006173919217017132f,0.03742719609259618f,-0.9992802848621342f,0.06249999999999996f,0f,0f,0f,1f], start_interpolation: 0, interpolation_duration: 1 }
$data merge entity $(bone_hair) { transformation: [-0.6834831954998267f,0.1510767661255349f,0.007358488974744527f,0.05671523411859848f,0.14976726079719963f,0.6735365150164886f,0.16853710626826188f,2.2969615732686712f,0.020505829967327933f,0.1162943406898794f,-0.9856678428612395f,0.40013381049059465f,0f,0f,0f,1f], start_interpolation: 0, interpolation_duration: 1 }
$data merge entity $(bone_ear_left) { transformation: [-0.38911755988716057f,0.2627681726146007f,-0.8987386967180494f,0.07869965675979491f,-0.1390155660752976f,1.237043489889632f,0.2741998585003145f,2.3959800052795615f,0.9106383458740505f,0.30112504310080657f,-0.3421742138442776f,0.18430557848445928f,0f,0f,0f,1f], start_interpolation: 0, interpolation_duration: 1 }
$data merge entity $(bone_ear_right) { transformation: [-0.2956703143621486f,-0.8210277800820768f,0.716736524312791f,-0.2063175615650163f,0.07810777619634324f,0.9513229921402471f,0.6770428962480781f,2.408424125776784f,-0.9520915084710345f,0.33301343660402627f,-0.16703793388339638f,0.18430557848445922f,0f,0f,0f,1f], start_interpolation: 0, interpolation_duration: 1 }
$data merge entity $(bone_head) { transformation: [-0.9990482215818577f,0.042994227451319526f,0.007358488974744527f,-0.08148184942244642f,0.04361938736533601f,0.9847297054809474f,0.16853710626826188f,1.9974261756242866f,-1.2061339719943099e-16f,0.16869766906887254f,-0.9856678428612395f,0.059357499999999994f,0f,0f,0f,1f], start_interpolation: 0, interpolation_duration: 1 }
$data merge entity $(bone_string2) { transformation: [0.8830943830065702f,0f,0.46919538648866194f,1.2148709387933887f,0f,1f,0f,0.783563125f,-0.46919538648866194f,0f,0.8830943830065702f,0.36589395470900815f,0f,0f,0f,1f], start_interpolation: 0, interpolation_duration: 1 }
$data merge entity $(bone_string) { transformation: [0.8830943830065702f,0f,0.46919538648866194f,1.169474818915028f,0f,1f,0f,0.615485f,-0.46919538648866194f,0f,0.8830943830065702f,0.2804518134831756f,0f,0f,0f,1f], start_interpolation: 0, interpolation_duration: 1 }
$data merge entity $(bone_flame) { transformation: [0.000008830943830065703f,0f,0.0000046919538648866195f,1.323240997210675f,0f,0.00001f,0f,0.87923375f,-0.0000046919538648866195f,0f,0.000008830943830065703f,0.5698622643520357f,0f,0f,0f,1f], start_interpolation: 0, interpolation_duration: 1 }
$data merge entity $(bone_bomb) { transformation: [0.8830943830065702f,0f,0.46919538648866194f,1.1640625f,0f,1f,0f,-0.000783125f,-0.46919538648866194f,0f,0.8830943830065702f,0.22031250000000013f,0f,0f,0f,1f], start_interpolation: 0, interpolation_duration: 1 }