# This file was generated by Animated Java via MC-Build. It is not recommended to edit this file directly.
$data merge entity $(bone_hammer) { transformation: [-0.000020039891475187445f,-3.815842833167051e-21f,-0.000005694780719262819f,0.4836716326117893f,-0.000005694780719262819f,4.449749785348499e-21f,0.000020039891475187445f,0.9227841343820414f,-2.4541788950348635e-21f,0.000020833333333333336f,-5.323338767240614e-21f,-0.39062499999999994f,0f,0f,0f,1f], start_interpolation: 0, interpolation_duration: 1 }
$data merge entity $(bone_hand_left) { transformation: [-0.9619147908089972f,-0.2733494745246153f,1.2246467991473532e-16f,0.5074686690633832f,-0.2733494745246153f,0.9619147908089972f,0f,0.9945211614748999f,-1.1780058696167343e-16f,-3.347565590251811e-17f,-1f,0.06250000000000006f,0f,0f,0f,1f], start_interpolation: 0, interpolation_duration: 1 }
$data merge entity $(bone_lowerarm_left) { transformation: [-0.9646131570783532f,-0.2636692192716709f,1.2246467991473532e-16f,0.39087743616669124f,-0.2636692192716709f,0.9646131570783532f,0f,1.421061041870484f,-1.1813104152314284e-16f,-3.229016654147334e-17f,-1f,0.06250000000000004f,0f,0f,0f,1f], start_interpolation: 0, interpolation_duration: 1 }
$data merge entity $(bone_arm_left) { transformation: [-0.9707418579736912f,-0.2401254779855443f,1.2246467991473532e-16f,0.27194028535197634f,-0.2401254779855443f,0.9707418579736912f,0f,1.901881618398078f,-1.1888159091658356e-16f,-2.9406889800872506e-17f,-1f,0.06250000000000003f,0f,0f,0f,1f], start_interpolation: 0, interpolation_duration: 1 }
$data merge entity $(bone_bread) { transformation: [0.000009043819721288028f,-7.91453690173407e-7f,-0.000004193199960072572f,-0.4818820309710265f,1.3949692184008826e-7f,0.000009876077144386702f,-0.0000015632149074646714f,0.7958573493122939f,0.000004264957849456296f,0.0000013552495321650332f,0.000008942786660092456f,0.058205600895786754f,0f,0f,0f,1f], start_interpolation: 0, interpolation_duration: 1 }
$data merge entity $(bone_hand_right) { transformation: [0.9043819721288028f,-0.07914536901734069f,-0.41931999600725717f,-0.39025620768461244f,0.013949692184008825f,0.9876077144386701f,-0.15632149074646712f,1.032308578950562f,0.42649578494562956f,0.13552495321650332f,0.8942786660092455f,0.0027228377198430104f,0f,0f,0f,1f], start_interpolation: 0, interpolation_duration: 1 }
$data merge entity $(bone_lowerarm_right) { transformation: [-0.8645264287665861f,-0.48553712369977986f,-0.1297989039762568f,-0.627714207244036f,-0.49279256927862936f,0.8696592674971607f,0.029124596479078543f,1.457626314460892f,0.09873974695055725f,0.08914291876333534f,-0.9911125074412559f,0.046319296427536696f,0f,0f,0f,1f], start_interpolation: 0, interpolation_duration: 1 }
$data merge entity $(bone_arm_right) { transformation: [-0.7574112956960893f,0.6526614647460507f,0.01900372562185765f,-0.3452341670336359f,0.6528990074521905f,0.756726749086881f,0.03297746631179003f,1.7851471105500578f,0.007142493956299011f,0.037385019084391645f,-0.9992754100487733f,0.06249999999999996f,0f,0f,0f,1f], start_interpolation: 0, interpolation_duration: 1 }
$data merge entity $(bone_hair) { transformation: [-0.6834924478928056f,0.15102429319744612f,0.007790174045375038f,0.05656518619549582f,0.1495553461576509f,0.6723346873739053f,0.17842431991674101f,2.2935249108169f,0.02170880257327529f,0.1231167373594868f,-0.9839227994363131f,0.40318439991803395f,0f,0f,0f,1f], start_interpolation: 0, interpolation_duration: 1 }
$data merge entity $(bone_ear_left) { transformation: [-0.3895163848884068f,0.2626334304962996f,-0.8985892254376002f,0.07864399476724572f,-0.14815016039869378f,1.2339573880025665f,0.27762331366394405f,2.3947051360522567f,0.9090261359704175f,0.3136444575943096f,-0.33979802771308837f,0.18837080937723355f,0f,0f,0f,1f], start_interpolation: 0, interpolation_duration: 1 }
$data merge entity $(bone_ear_right) { transformation: [-0.29525311901102286f,-0.8211757672939815f,0.7168081849034114f,-0.2063732235575655f,0.0876631207064226f,0.9479335277346189f,0.6786841936147103f,2.4071492565494794f,-0.9513888652818435f,0.34218764765219245f,-0.1599180771302205f,0.1883708093772335f,0f,0f,0f,1f], start_interpolation: 0, interpolation_duration: 1 }
$data merge entity $(bone_head) { transformation: [-0.9990482215818577f,0.04291810972619827f,0.007790174045375038f,-0.08148184942244642f,0.04361938736533598f,0.9829863229506917f,0.17842431991674101f,1.9974261756242866f,-1.2061339719943099e-16f,0.17859430211910116f,-0.9839227994363131f,0.059357499999999994f,0f,0f,0f,1f], start_interpolation: 0, interpolation_duration: 1 }
$data merge entity $(bone_string2) { transformation: [0.2672410670410853f,0f,0.9636297069345372f,1.3046574093651817f,0f,1f,0f,0.783563125f,-0.9636297069345372f,0f,0.2672410670410853f,0.28362544392467354f,0f,0f,0f,1f], start_interpolation: 0, interpolation_duration: 1 }
$data merge entity $(bone_string) { transformation: [0.2672410670410853f,0f,0.9636297069345372f,1.211423223876431f,0f,1f,0f,0.615485f,-0.9636297069345372f,0f,0.2672410670410853f,0.25776903556011405f,0f,0f,0f,1f], start_interpolation: 0, interpolation_duration: 1 }
$data merge entity $(bone_flame) { transformation: [0.0000026724106704108533f,0f,0.000009636297069345372f,1.5272269627758517f,0f,0.00001f,0f,0.87923375f,-0.000009636297069345372f,0f,0.0000026724106704108533f,0.345350113179153f,0f,0f,0f,1f], start_interpolation: 0, interpolation_duration: 1 }
$data merge entity $(bone_bomb) { transformation: [0.2672410670410853f,0f,0.9636297069345372f,1.1640625f,0f,1f,0f,-0.000783125f,-0.9636297069345372f,0f,0.2672410670410853f,0.22031250000000013f,0f,0f,0f,1f], start_interpolation: 0, interpolation_duration: 1 }