# This file was generated by Animated Java via MC-Build. It is not recommended to edit this file directly.
$data merge entity $(bone_hammer) { transformation: [-0.00001986362110414605f,-3.94624602870878e-21f,-0.000006282064502112471f,0.49232941966322197f,-0.000006282064502112471f,4.410609900450624e-21f,0.00001986362110414605f,0.9238685062265652f,-2.4325920004668277e-21f,0.000020833333333333336f,-5.395260287726412e-21f,-0.39062499999999994f,0f,0f,0f,1f], start_interpolation: 0, interpolation_duration: 1 }
$data merge entity $(bone_hand_left) { transformation: [-0.9534538129990103f,-0.30153909610139856f,1.2246467991473532e-16f,0.5140050132093424f,-0.30153909610139856f,0.9534538129990103f,0f,0.9962747811233128f,-1.167644160224077e-16f,-3.6927888885836395e-17f,-1f,0.06250000000000006f,0f,0f,0f,1f], start_interpolation: 0, interpolation_duration: 1 }
$data merge entity $(bone_lowerarm_left) { transformation: [-0.9619799093487716f,-0.273120218968368f,1.2246467991473532e-16f,0.39323466638426724f,-0.273120218968368f,0.9619799093487716f,0f,1.4216502722884727f,-1.1780856168280343e-16f,-3.344758019420362e-17f,-1f,0.06250000000000004f,0f,0f,0f,1f], start_interpolation: 0, interpolation_duration: 1 }
$data merge entity $(bone_arm_left) { transformation: [-0.9695522445115059f,-0.2448845547655084f,1.2246467991473532e-16f,0.27194028535197634f,-0.2448845547655084f,0.9695522445115059f,0f,1.901881618398078f,-1.1873590528471477e-16f,-2.9989708615420464e-17f,-1f,0.06250000000000003f,0f,0f,0f,1f], start_interpolation: 0, interpolation_duration: 1 }
$data merge entity $(bone_bread) { transformation: [0.000009082893396355552f,-6.426416895485471e-7f,-0.000004133770580147741f,-0.4841331299950001f,-3.779931015206305e-8f,0.000009868295582131833f,-0.0000016171930978795963f,0.8004042862346994f,0.000004183254565836609f,0.000001484504618561883f,0.000008960838536368997f,0.05498916561101273f,0f,0f,0f,1f], start_interpolation: 0, interpolation_duration: 1 }
$data merge entity $(bone_hand_right) { transformation: [0.9082893396355551f,-0.0642641689548547f,-0.4133770580147741f,-0.3897507009748056f,-0.0037799310152063052f,0.9868295582131832f,-0.16171930978795962f,1.0362519201288778f,0.4183254565836608f,0.1484504618561883f,0.8960838536368997f,0.0015975634739202604f,0f,0f,0f,1f], start_interpolation: 0, interpolation_duration: 1 }
$data merge entity $(bone_lowerarm_right) { transformation: [-0.8609966349738791f,-0.49162605125452674f,-0.13034040160878088f,-0.6301865666664725f,-0.4991221312925775f,0.8659879826289651f,0.030690584813101697f,1.459774167883356f,0.09778493042187993f,0.0914802692939662f,-0.9909941814724703f,0.0463371326755006f,0f,0f,0f,1f], start_interpolation: 0, interpolation_duration: 1 }
$data merge entity $(bone_arm_right) { transformation: [-0.7524634306594044f,0.6583737753249653f,0.01851371072021923f,-0.3452341670336359f,0.6585843668708558f,0.7517641996631379f,0.03342483834150783f,1.7851471105500578f,0.008088092086144694f,0.03734380898079273f,-0.9992697447122134f,0.06249999999999996f,0f,0f,0f,1f], start_interpolation: 0, interpolation_duration: 1 }
$data merge entity $(bone_hair) { transformation: [-0.6835019891181771f,0.15097018221946024f,0.008210862904038966f,0.0564174139138343f,0.14933681616869873f,0.6710953422205196f,0.18805967890441683f,2.2901403691231677f,0.02288113214182119f,0.12976534872818143f,-0.9821232809076154f,0.40612914853606946f,0f,0f,0f,1f], start_interpolation: 0, interpolation_duration: 1 }
$data merge entity $(bone_ear_left) { transformation: [-0.3899050507144819f,0.26249659622570526f,-0.8984443109129828f,0.07858793642873065f,-0.15705207135580612f,1.2308233679498812f,0.28094240196034437f,2.393421189009873f,0.9073635976333788f,0.3258364219641963f,-0.3374450873384402f,0.1923270657057038f,0f,0f,0f,1f], start_interpolation: 0, interpolation_duration: 1 }
$data merge entity $(bone_ear_right) { transformation: [-0.29484613474831645f,-0.821324117326097f,0.716875131828232f,-0.20642928189608054f,0.09698459284135089f,0.944535753379941f,0.6802175302849899f,2.4058653095070954f,-0.9506101964398315f,0.3511109580823336f,-0.1529514853123164f,0.19232706570570374f,0f,0f,0f,1f], start_interpolation: 0, interpolation_duration: 1 }
$data merge entity $(bone_head) { transformation: [-0.9990482215818577f,0.042839615830423915f,0.008210862904038966f,-0.08148184942244642f,0.04361938736533598f,0.9811885171648924f,0.18805967890441683f,1.9974261756242866f,-1.223481206754078e-16f,0.18823884057032778f,-0.9821232809076154f,0.059357499999999994f,0f,0f,0f,1f], start_interpolation: 0, interpolation_duration: 1 }
$data merge entity $(bone_string2) { transformation: [-0.5490018116946073f,0f,0.8358211595527114f,1.304309919453875f,0f,1f,0f,0.783563125f,-0.8358211595527114f,0f,-0.5490018116946073f,0.15623349607249404f,0f,0f,0f,1f], start_interpolation: 0, interpolation_duration: 1 }
$data merge entity $(bone_string) { transformation: [-0.5490018116946073f,0f,0.8358211595527114f,1.2234416103260266f,0f,1f,0f,0.615485f,-0.8358211595527114f,0f,-0.5490018116946073f,0.20935113698460883f,0f,0f,0f,1f], start_interpolation: 0, interpolation_duration: 1 }
$data merge entity $(bone_flame) { transformation: [-0.000005490018116946073f,0f,0.000008358211595527114f,1.4973595326757647f,0f,0.00001f,0f,0.87923375f,-0.000008358211595527114f,0f,-0.000005490018116946073f,0.029430547625390602f,0f,0f,0f,1f], start_interpolation: 0, interpolation_duration: 1 }
$data merge entity $(bone_bomb) { transformation: [-0.5490018116946073f,0f,0.8358211595527114f,1.1640625f,0f,1f,0f,-0.000783125f,-0.8358211595527114f,0f,-0.5490018116946073f,0.22031250000000013f,0f,0f,0f,1f], start_interpolation: 0, interpolation_duration: 1 }