# This file was generated by Animated Java via MC-Build. It is not recommended to edit this file directly.
$data merge entity $(bone_hammer) { transformation: [-0.000019684821282349813f,-4.0660691465982815e-21f,-0.000006821699851190002f,0.5003601062094329f,-0.000006821699851190002f,4.370908364659212e-21f,0.000019684821282349813f,0.9249767792935074f,-2.41069533752174e-21f,0.000020833333333333336f,-5.461346558021868e-21f,-0.39062499999999994f,0f,0f,0f,1f], start_interpolation: 0, interpolation_duration: 1 }
$data merge entity $(bone_hand_left) { transformation: [-0.9448714215527909f,-0.32744159285712005f,1.2246467991473532e-16f,0.5200520420718565f,-0.32744159285712005f,0.9448714215527909f,0f,0.9979475108369844f,-1.157133762010435e-16f,-4.01000298600183e-17f,-1f,0.06250000000000006f,0f,0f,0f,1f], start_interpolation: 0, interpolation_duration: 1 }
$data merge entity $(bone_lowerarm_left) { transformation: [-0.9594558327515547f,-0.28185901617479053f,1.2246467991473532e-16f,0.39541750835706635f,-0.28185901617479053f,0.9594558327515547f,0f,1.4222068868818125f,-1.1749945145024498e-16f,-3.4517774196927936e-17f,-1f,0.06250000000000004f,0f,0f,0f,1f], start_interpolation: 0, interpolation_duration: 1 }
$data merge entity $(bone_arm_left) { transformation: [-0.9684284800328387f,-0.2492915543320429f,1.2246467991473532e-16f,0.27194028535197634f,-0.2492915543320429f,0.9684284800328387f,0f,1.901881618398078f,-1.1859828382753522e-16f,-3.052941040672049e-17f,-1f,0.06250000000000003f,0f,0f,0f,1f], start_interpolation: 0, interpolation_duration: 1 }
$data merge entity $(bone_bread) { transformation: [0.000009115441765947974f,-5.029187311732713e-7f,-0.000004081151082898832f,-0.48626336054289454f,-2.0354942485350925e-7f,0.00000985757226473803f,-0.0000016693821243530073f,0.8047171458121631f,0.000004106980526281207f,0.0000016047871495318695f,0.000008975375711436503f,0.05197063213349233f,0f,0f,0f,1f], start_interpolation: 0, interpolation_duration: 1 }
$data merge entity $(bone_hand_right) { transformation: [0.9115441765947974f,-0.05029187311732713f,-0.4081151082898832f,-0.38927880821389965f,-0.020354942485350924f,0.985757226473803f,-0.16693821243530071f,1.0399466317523858f,0.41069805262812065f,0.16047871495318694f,0.8975375711436503f,0.0005517829258032264f,0f,0f,0f,1f], start_interpolation: 0, interpolation_duration: 1 }
$data merge entity $(bone_lowerarm_right) { transformation: [-0.8576834974387749f,-0.4972479740896404f,-0.13085667917588048f,-0.6324641455421144f,-0.5049680632690161f,0.8625390842208533f,0.03214938988209377f,1.4617821526291468f,0.09688278123345682f,0.09365244500385629f,-0.990879884872667f,0.04635368181050169f,0f,0f,0f,1f], start_interpolation: 0, interpolation_duration: 1 }
$data merge entity $(bone_arm_right) { transformation: [-0.747837412325448f,0.6636360514275315f,0.018066432189356205f,-0.3452341670336359f,0.6638213898009808f,0.7471248125248483f,0.033847850041098f,1.7851471105500578f,0.008964773788119848f,0.03730557271219816f,-0.9992636924633771f,0.06249999999999996f,0f,0f,0f,1f], start_interpolation: 0, interpolation_duration: 1 }
$data merge entity $(bone_hair) { transformation: [-0.68351128282478f,0.15091747499016564f,0.008600189107561383f,0.0562792907249917f,0.14912395529158706f,0.6698881481980484f,0.19697671499175506f,2.286976827989114f,0.023966063702995852f,0.13591830136660077f,-0.9803704455451373f,0.4088294875944183f,0f,0f,0f,1f], start_interpolation: 0, interpolation_duration: 1 }
$data merge entity $(bone_ear_left) { transformation: [-0.3902647412253866f,0.2623650782729161f,-0.8983108624217723f,0.07853445312317238f,-0.16529033848756244f,1.227811111593788f,0.28399887491582043f,2.392196219918611f,0.9057441889181234f,0.33711191012729413f,-0.3352345947267369f,0.19598358616271655f,0f,0f,0f,1f], start_interpolation: 0, interpolation_duration: 1 }
$data merge entity $(bone_ear_right) { transformation: [-0.2944691235921699f,-0.8214650617523557f,0.7169345339519292f,-0.20648276520163883f,0.10561956797087342f,0.9413075952855529f,0.6815780625992269f,2.4046403404158334f,-0.9498065287796801f,0.35935381364043933f,-0.14647941360687625f,0.1959835861627165f,0f,0f,0f,1f], start_interpolation: 0, interpolation_duration: 1 }
$data merge entity $(bone_head) { transformation: [-0.9990482215818577f,0.04276315822576036f,0.008600189107561383f,-0.08148184942244642f,0.04361938736533595f,0.9794373501132829f,0.19697671499175506f,1.9974261756242866f,-1.223481206754078e-16f,0.1971643717856472f,-0.9803704455451373f,0.059357499999999994f,0f,0f,0f,1f], start_interpolation: 0, interpolation_duration: 1 }
$data merge entity $(bone_string2) { transformation: [-0.9944551409261054f,0f,0.10516165026110857f,1.2033968093173113f,0f,1f,0f,0.783563125f,-0.10516165026110857f,0f,-0.9944551409261054f,0.07122101963193025f,0f,0f,0f,1f], start_interpolation: 0, interpolation_duration: 1 }
$data merge entity $(bone_string) { transformation: [-0.9944551409261054f,0f,0.10516165026110857f,1.193222091024392f,0f,1f,0f,0.615485f,-0.10516165026110857f,0f,-0.9944551409261054f,0.16743766218884634f,0f,0f,0f,1f], start_interpolation: 0, interpolation_duration: 1 }
$data merge entity $(bone_flame) { transformation: [-0.000009944551409261055f,0f,0.0000010516165026110857f,1.2276859956781196f,0f,0.00001f,0f,0.87923375f,-0.0000010516165026110857f,0f,-0.000009944551409261055f,-0.15846828426777232f,0f,0f,0f,1f], start_interpolation: 0, interpolation_duration: 1 }
$data merge entity $(bone_bomb) { transformation: [-0.9944551409261054f,0f,0.10516165026110857f,1.1640625f,0f,1f,0f,-0.000783125f,-0.10516165026110857f,0f,-0.9944551409261054f,0.22031250000000013f,0f,0f,0f,1f], start_interpolation: 0, interpolation_duration: 1 }