# This file was generated by Animated Java via MC-Build. It is not recommended to edit this file directly.
$data merge entity $(bone_hammer) { transformation: [-0.000020833333333333336f,2.08994151886151e-21f,-1.4633928059242796e-21f,0.3012500000000001f,0f,-0.000011949509090646794f,-0.000017065667589354f,2.9540538670105594f,-2.5513474982236526e-21f,-0.000017065667589354f,0.000011949509090646794f,-0.13989816628259633f,0f,0f,0f,1f], start_interpolation: 0, interpolation_duration: 1 }
$data merge entity $(bone_hand_left) { transformation: [-1f,-7.024285468436539e-17f,-1.0031719290535249e-16f,0.3437500000000001f,0f,-0.8191520442889919f,0.5735764363510458f,2.64295504152093f,-1.2246467991473532e-16f,0.5735764363510458f,0.8191520442889919f,-0.4752279090791054f,0f,0f,0f,1f], start_interpolation: 0, interpolation_duration: 1 }
$data merge entity $(bone_lowerarm_left) { transformation: [-1f,-7.024285468436539e-17f,-1.0031719290535249e-16f,0.34375000000000006f,0f,-0.8191520442889919f,0.5735764363510458f,2.2807362469368915f,-1.2246467991473532e-16f,0.5735764363510458f,0.8191520442889919f,-0.22159957863012736f,0f,0f,0f,1f], start_interpolation: 0, interpolation_duration: 1 }
$data merge entity $(bone_arm_left) { transformation: [-1f,-7.024285468436539e-17f,-1.0031719290535249e-16f,0.34375f,0f,-0.8191520442889919f,0.5735764363510458f,1.875f,-1.2246467991473532e-16f,0.5735764363510458f,0.8191520442889919f,0.06250000000000004f,0f,0f,0f,1f], start_interpolation: 0, interpolation_duration: 1 }
$data merge entity $(bone_bread) { transformation: [-0.00001f,-7.024285468436539e-22f,-1.003171929053525e-21f,-0.2812499999999999f,0f,-0.00000819152044288992f,0.000005735764363510459f,2.893841605753028f,-1.2246467991473532e-21f,0.000005735764363510459f,0.00000819152044288992f,-0.4983037489947728f,0f,0f,0f,1f], start_interpolation: 0, interpolation_duration: 1 }
$data merge entity $(bone_hand_right) { transformation: [-1f,-7.024285468436539e-17f,-1.0031719290535249e-16f,-0.3437499999999999f,0f,-0.8191520442889919f,0.5735764363510458f,2.64295504152093f,-1.2246467991473532e-16f,0.5735764363510458f,0.8191520442889919f,-0.4752279090791055f,0f,0f,0f,1f], start_interpolation: 0, interpolation_duration: 1 }
$data merge entity $(bone_lowerarm_right) { transformation: [-1f,-7.024285468436539e-17f,-1.0031719290535249e-16f,-0.34374999999999994f,0f,-0.8191520442889919f,0.5735764363510458f,2.2807362469368915f,-1.2246467991473532e-16f,0.5735764363510458f,0.8191520442889919f,-0.22159957863012747f,0f,0f,0f,1f], start_interpolation: 0, interpolation_duration: 1 }
$data merge entity $(bone_arm_right) { transformation: [-1f,-7.024285468436539e-17f,-1.0031719290535249e-16f,-0.34375f,0f,-0.8191520442889919f,0.5735764363510458f,1.875f,-1.2246467991473532e-16f,0.5735764363510458f,0.8191520442889919f,0.06249999999999996f,0f,0f,0f,1f], start_interpolation: 0, interpolation_duration: 1 }
$data merge entity $(bone_uppertail) { transformation: [-1f,-4.1885387376769936e-17f,1.15079156022785e-16f,0.02187500000000008f,0f,0.9396926207859084f,0.3420201433256689f,0.8956288187713998f,-1.2246467991473532e-16f,0.3420201433256689f,-0.9396926207859084f,-0.6593597961638504f,0f,0f,0f,1f], start_interpolation: 0, interpolation_duration: 1 }
$data merge entity $(bone_middletail) { transformation: [-1f,1.598484835071781e-17f,1.2141697760125282e-16f,0.021875000000000033f,0f,0.9914448613738105f,-0.1305261922200514f,0.9451280601201062f,-1.2246467991473532e-16f,-0.1305261922200514f,-0.9914448613738105f,-0.2835241677531638f,0f,0f,0f,1f], start_interpolation: 0, interpolation_duration: 1 }
$data merge entity $(bone_tail) { transformation: [-1f,8.27359385291814e-17f,9.029043306084037e-17f,0.021875000000000006f,0f,0.7372773368101242f,-0.6755902076156601f,1.15625f,-1.2246467991473532e-16f,-0.6755902076156601f,-0.7372773368101242f,-0.053125f,0f,0f,0f,1f], start_interpolation: 0, interpolation_duration: 1 }
$data merge entity $(bone_hair) { transformation: [-0.6893654271085455f,0.12155372436685122f,1.2246467991473532e-16f,0.12499999999999994f,0.12155372436685122f,0.6893654271085455f,0f,2.359375f,-8.442291637513283e-17f,1.48860379470304e-17f,-1f,0.34375f,0f,0f,0f,1f], start_interpolation: 0, interpolation_duration: 1 }
$data merge entity $(bone_ear_left) { transformation: [-0.2821438218554909f,0.8782672699003582f,-0.681155441263304f,0.142644375f,0.2585371795226046f,0.9584605378531614f,0.6241639651811592f,2.421416875f,0.9238795325112866f,1.0755672008793582e-16f,-0.38268343236509006f,0.11416500000000002f,0f,0f,0f,1f], start_interpolation: 0, interpolation_duration: 1 }
$data merge entity $(bone_ear_right) { transformation: [-0.2821438218554907f,-0.8782672699003582f,0.681155441263304f,-0.142644375f,-0.2585371795226046f,0.9584605378531614f,0.6241639651811592f,2.358916875f,-0.9238795325112866f,-1.0755672008793582e-16f,-0.38268343236508984f,0.11416499999999999f,0f,0f,0f,1f], start_interpolation: 0, interpolation_duration: 1 }
$data merge entity $(bone_head) { transformation: [-1f,0f,1.2246467991473532e-16f,-7.269197238038901e-18f,0f,1f,0f,2.00098375f,-1.2246467991473532e-16f,0f,-1f,0.0593575f,0f,0f,0f,1f], start_interpolation: 0, interpolation_duration: 1 }
$data merge entity $(bone_body) { transformation: [-1f,0f,1.2246467991473532e-16f,-6.403984274441296e-18f,0f,1f,0f,1.066084375f,-1.2246467991473532e-16f,0f,-1f,0.0522925f,0f,0f,0f,1f], start_interpolation: 0, interpolation_duration: 1 }
$data merge entity $(bone_shoe_right) { transformation: [-1f,0f,1.2246467991473532e-16f,-0.126328125f,0f,1f,0f,0.250595f,-1.2246467991473532e-16f,0f,-1f,0.06732249999999998f,0f,0f,0f,1f], start_interpolation: 0, interpolation_duration: 1 }
$data merge entity $(bone_lowerleg_right) { transformation: [-1f,0f,1.2246467991473532e-16f,-0.125f,0f,1f,0f,0.6875f,-1.2246467991473532e-16f,0f,-1f,0.062499999999999986f,0f,0f,0f,1f], start_interpolation: 0, interpolation_duration: 1 }
$data merge entity $(bone_leg_right) { transformation: [-1f,0f,1.2246467991473532e-16f,-0.125f,0f,1f,0f,1.0625f,-1.2246467991473532e-16f,0f,-1f,0.062499999999999986f,0f,0f,0f,1f], start_interpolation: 0, interpolation_duration: 1 }
$data merge entity $(bone_shoe_left) { transformation: [-0.8870108331782218f,0f,-0.4617486132350338f,0.12840484395014076f,0f,1f,0f,0.250595f,0.4617486132350338f,0f,-0.8870108331782218f,0.0661643498660492f,0f,0f,0f,1f], start_interpolation: 0, interpolation_duration: 1 }
$data merge entity $(bone_lowerleg_left) { transformation: [-0.8870108331782218f,0f,-0.4617486132350338f,0.12499999999999999f,0f,1f,0f,0.6875f,0.4617486132350338f,0f,-0.8870108331782218f,0.06250000000000001f,0f,0f,0f,1f], start_interpolation: 0, interpolation_duration: 1 }
$data merge entity $(bone_leg_left) { transformation: [-0.8870108331782218f,0f,-0.4617486132350338f,0.12499999999999999f,0f,1f,0f,1.0625f,0.4617486132350338f,0f,-0.8870108331782218f,0.06250000000000001f,0f,0f,0f,1f], start_interpolation: 0, interpolation_duration: 1 }
$data merge entity $(bone_string2) { transformation: [-1f,0f,1.2246467991473532e-16f,9.16461203788085e-17f,0f,1f,0f,3.408563125f,-1.2246467991473532e-16f,0f,-1f,-0.7445887499999999f,0f,0f,0f,1f], start_interpolation: 0, interpolation_duration: 1 }
$data merge entity $(bone_string) { transformation: [-1f,0f,1.2246467991473532e-16f,7.979727989493313e-17f,0f,1f,0f,3.240485f,-1.2246467991473532e-16f,0f,-1f,-0.6478356249999999f,0f,0f,0f,1f], start_interpolation: 0, interpolation_duration: 1 }
$data merge entity $(bone_flame) { transformation: [-0.7071067811865475f,-0.30621428284071467f,-0.6373639564521568f,1.214306433183765e-16f,0f,0.9013687513824149f,-0.43305239178568966f,3.50423375f,0.7071067811865476f,-0.30621428284071467f,-0.6373639564521568f,-0.97555875f,0f,0f,0f,1f], start_interpolation: 0, interpolation_duration: 1 }
$data merge entity $(bone_bomb) { transformation: [-1f,0f,1.2246467991473532e-16f,-0.023437499999999927f,0f,1f,0f,2.624216875f,-1.2246467991473532e-16f,0f,-1f,-0.5921875f,0f,0f,0f,1f], start_interpolation: 0, interpolation_duration: 1 }
$data merge entity $(bone_gg) { transformation: [-0.000010833333333333334f,0f,1.3267006990762992e-21f,-1.1481063742006437e-16f,0f,0.000010833333333333334f,0f,1.09375f,-1.3267006990762992e-21f,0f,-0.000010833333333333334f,0.9375f,0f,0f,0f,1f], start_interpolation: 0, interpolation_duration: 1 }