# This file was generated by Animated Java via MC-Build. It is not recommended to edit this file directly.
$data merge entity $(bone_hammer) { transformation: [-0.000020806154351320608f,-0.0000010313727855780496f,2.607471264837878e-7f,0.31951415921609894f,6.352647630718145e-7f,-0.00001614139717061066f,-0.000013155968753352192f,2.9062934630113224f,8.533214913500589e-7f,-0.00001313085470696972f,0.000016151788596766272f,-0.3988963652679455f,0f,0f,0f,1f], start_interpolation: 0, interpolation_duration: 1 }
$data merge entity $(bone_hand_left) { transformation: [-0.9986954088633889f,0.012515862071221802f,0.04950589370774637f,0.34030859738592173f,0.03049270862744709f,-0.6314865001609054f,0.7747870641893114f,2.514454228173818f,0.04095943158480282f,0.7752858526447808f,0.6302810259345466f,-0.6377778651965922f,0f,0f,0f,1f], start_interpolation: 0, interpolation_duration: 1 }
$data merge entity $(bone_lowerarm_left) { transformation: [-0.9974590352837055f,0.051231234799650006f,0.04950589370774637f,0.362962409023892f,0.005983653174877625f,-0.632193958417502f,0.7747870641893114f,2.2349059621860787f,0.07099062491331039f,0.7731145836946245f,0.6302810259345466f,-0.29591626021912537f,0f,0f,0f,1f], start_interpolation: 0, interpolation_duration: 1 }
$data merge entity $(bone_arm_left) { transformation: [-0.9992470868208148f,-0.038788459858961725f,0.0008454950531293386f,0.34375f,0.030472601119307385f,-0.7711570607592585f,0.6359152523899426f,1.8529422305287584f,-0.02401416376097109f,0.6354622278490757f,0.7717584317103054f,0.01883612451236994f,0f,0f,0f,1f], start_interpolation: 0, interpolation_duration: 1 }
$data merge entity $(bone_bread) { transformation: [-0.00000998695408863389f,-1.251586207122199e-7f,-4.950589370774652e-7f,-0.2813405262173483f,-3.0492708627447095e-7f,-0.000006314865001609054f,0.000007747870641893115f,2.7512114828855285f,-4.0959431584803063e-7f,0.000007752858526447809f,0.000006302810259345467f,-0.7283374512612864f,0f,0f,0f,1f], start_interpolation: 0, interpolation_duration: 1 }
$data merge entity $(bone_hand_right) { transformation: [-0.9986954088633889f,-0.01251586207122199f,-0.049505893707746516f,-0.3403085973859216f,-0.03049270862744709f,-0.6314865001609054f,0.7747870641893114f,2.514319633662451f,-0.04095943158480306f,0.7752858526447808f,0.6302810259345466f,-0.640088763711109f,0f,0f,0f,1f], start_interpolation: 0, interpolation_duration: 1 }
$data merge entity $(bone_lowerarm_right) { transformation: [-0.9974590352837055f,-0.051231234799650194f,-0.049505893707746516f,-0.36296240902389193f,-0.005983653174877625f,-0.632193958417502f,0.7747870641893114f,2.234771367674712f,-0.07099062491331062f,0.7731145836946245f,0.6302810259345466f,-0.29822715873364225f,0f,0f,0f,1f], start_interpolation: 0, interpolation_duration: 1 }
$data merge entity $(bone_arm_right) { transformation: [-0.9992470868208148f,0.03878845985896157f,-0.0008454950531295275f,-0.34375f,-0.030472601119307385f,-0.7711570607592585f,0.6359152523899426f,1.8528076360173915f,0.024014163760970847f,0.6354622278490757f,0.7717584317103054f,0.016525225997853034f,0f,0f,0f,1f], start_interpolation: 0, interpolation_duration: 1 }
$data merge entity $(bone_uppertail) { transformation: [-0.9999998397881971f,-0.0005640870478191161f,-0.000047216339272937886f,0.021964539876530773f,-0.000564036383752539f,0.9859068046390793f,0.16729451404429763f,0.7749682076490492f,-0.00004781775836424463f,0.16729451387347521f,-0.9859069648507913f,-0.6106198104057148f,0f,0f,0f,1f], start_interpolation: 0, interpolation_duration: 1 }
$data merge entity $(bone_middletail) { transformation: [-0.9999998397881971f,-0.0005144360575026593f,0.00023617604229206565f,0.02187500000000003f,-0.000564036383752539f,0.940798476133382f,-0.33896594101482186f,0.9034820682468492f,-0.00004781775836424463f,-0.33896601992035824f,-0.9407986155670156f,-0.25398726268493693f,0f,0f,0f,1f], start_interpolation: 0, interpolation_duration: 1 }
$data merge entity $(bone_tail) { transformation: [-1f,9.544633463033289e-17f,7.673066552723945e-17f,0.021875000000000006f,0f,0.626553432227662f,-0.7793784681165732f,1.1470378395332783f,-1.2246467991473532e-16f,-0.7793784681165732f,-0.626553432227662f,-0.05818931511379253f,0f,0f,0f,1f], start_interpolation: 0, interpolation_duration: 1 }
$data merge entity $(bone_hair) { transformation: [-0.6893654271085455f,0.12155372436685122f,1.2244533075927381e-16f,0.12499999999999996f,0.12153451914040275f,0.6892565088569467f,-0.017775565414506908f,2.360272571885418f,-0.002160686178859991f,-0.01225386024406743f,-0.9998420021554378f,0.28296294241992914f,0f,0f,0f,1f], start_interpolation: 0, interpolation_duration: 1 }
$data merge entity $(bone_ear_left) { transformation: [-0.28323805718584205f,0.8265255493708011f,-0.7180171988027568f,0.142644375f,0.35840477928379316f,0.9939828196688344f,0.5356580414627334f,2.3997080485846976f,0.8895629360242732f,-0.13730866848268916f,-0.44443420754904894f,0.05264056408487753f,0f,0f,0f,1f], start_interpolation: 0, interpolation_duration: 1 }
$data merge entity $(bone_ear_right) { transformation: [-0.2722033332067061f,-0.8471698215177942f,0.7079779219723843f,-0.142644375f,-0.3767143532479885f,0.973963915262473f,0.5447762322790137f,2.3534190670034274f,-0.8854330248235088f,-0.15394020032500647f,-0.4494286581244528f,0.0534635069281417f,0f,0f,0f,1f], start_interpolation: 0, interpolation_duration: 1 }
$data merge entity $(bone_head) { transformation: [-1f,2.1768789287910266e-18f,1.2244533075927381e-16f,-6.10606803619612e-19f,0f,0.9998420021554378f,-0.017775565414506908f,1.9968827094432828f,-1.2246467991473532e-16f,-0.017775565414506908f,-0.9998420021554378f,0.004985982930300718f,0f,0f,0f,1f], start_interpolation: 0, interpolation_duration: 1 }
$data merge entity $(bone_body) { transformation: [-1f,7.12068786121847e-18f,1.2225748905895979e-16f,-6.403984274441296e-18f,0f,0.9983081582712682f,-0.05814482891047583f,1.0631542430018206f,-1.2246467991473532e-16f,-0.05814482891047583f,-0.9983081582712682f,0.0522925f,0f,0f,0f,1f], start_interpolation: 0, interpolation_duration: 1 }
$data merge entity $(bone_shoe_right) { transformation: [-0.9997979140635015f,0.000023466282884718886f,0.02010299688118508f,-0.1500525414913288f,0.0000470376488797726f,0.9999993120336219f,0.001172057909126585f,0.25097318373062527f,-0.020102955547156676f,0.001172766650415117f,-0.9997972273399506f,0.06586839543155895f,0f,0f,0f,1f], start_interpolation: 0, interpolation_duration: 1 }
$data merge entity $(bone_lowerleg_right) { transformation: [-0.9993742671279032f,0.029102297485962082f,0.02010299688118508f,-0.13591336155723577f,0.02913171648340908f,0.9995748943300786f,0.001172057909126585f,0.6876594146262205f,-0.0200603414052863f,0.001756959319574384f,-0.9997972273399506f,0.06184114025515959f,0f,0f,0f,1f], start_interpolation: 0, interpolation_duration: 1 }
$data merge entity $(bone_leg_right) { transformation: [-0.9993742671279032f,0.029102297485962082f,0.02010299688118508f,-0.125f,0.02913171648340908f,0.9995748943300786f,0.001172057909126585f,1.0625f,-0.0200603414052863f,0.001756959319574384f,-0.9997972273399506f,0.062499999999999986f,0f,0f,0f,1f], start_interpolation: 0, interpolation_duration: 1 }
$data merge entity $(bone_shoe_left) { transformation: [-0.8870108331782218f,-0.16827376615924236f,-0.42990576542609915f,0.2524336453974858f,0f,0.9311725812855015f,-0.3649507060713782f,0.29505495137741755f,0.4617486132350338f,-0.3232508972300301f,-0.8258412916653953f,0.3044214606760545f,0f,0f,0f,1f], start_interpolation: 0, interpolation_duration: 1 }
$data merge entity $(bone_lowerleg_left) { transformation: [-0.8870108331782218f,-0.1519009263683061f,-0.43639717331872896f,0.18278478453139663f,0f,0.9513975250076385f,-0.32679028294495216f,0.7091493409013778f,0.4617486132350338f,-0.29179896462387916f,-0.8383111702060168f,0.17350353829569287f,0f,0f,0f,1f], start_interpolation: 0, interpolation_duration: 1 }
$data merge entity $(bone_leg_left) { transformation: [-0.8870108331782218f,-0.1551192267197961f,-0.4349135630517049f,0.12499999999999999f,0f,0.9418838532176174f,-0.33593869537154225f,1.0600185185185185f,0.4617486132350338f,-0.2979812620783165f,-0.8354611813996726f,0.06250000000000001f,0f,0f,0f,1f], start_interpolation: 0, interpolation_duration: 1 }
$data merge entity $(bone_string2) { transformation: [-1f,0f,1.2246467991473532e-16f,1.0552390818662295e-16f,0f,1f,0f,3.2055075694444444f,-1.2246467991473532e-16f,0f,-1f,-0.8527600462962963f,0f,0f,0f,1f], start_interpolation: 0, interpolation_duration: 1 }
$data merge entity $(bone_string) { transformation: [-1f,0f,1.2246467991473532e-16f,9.367506770274758e-17f,0f,1f,0f,3.0374294444444443f,-1.2246467991473532e-16f,0f,-1f,-0.7560069212962963f,0f,0f,0f,1f], start_interpolation: -1, interpolation_duration: 0 }
$data merge entity $(bone_flame) { transformation: [-0.7071067811865475f,-0.30621428284071467f,-0.6373639564521568f,1.3530843112619095e-16f,0f,0.9013687513824149f,-0.43305239178568966f,3.3011781944444443f,0.7071067811865476f,-0.30621428284071467f,-0.6373639564521568f,-1.0837300462962962f,0f,0f,0f,1f], start_interpolation: -1, interpolation_duration: 0 }
$data merge entity $(bone_bomb) { transformation: [-1f,0f,1.2246467991473532e-16f,-0.023437499999999913f,0f,1f,0f,2.4211613194444443f,-1.2246467991473532e-16f,0f,-1f,-0.7003587962962963f,0f,0f,0f,1f], start_interpolation: -1, interpolation_duration: 0 }