# This file was generated by Animated Java via MC-Build. It is not recommended to edit this file directly.
$data merge entity $(bone_hammer) { transformation: [-0.000020622788576133575f,0.0000017335543702836513f,-0.0000023923123473206705f,0.30517306169449654f,1.8936298826760443e-7f,0.00001761073394519335f,0.000011128969824205057f,0.7755831123853171f,0.0000029483064258226025f,0.000010994754064310075f,-0.000017448514265190846f,0.7855642182265051f,0f,0f,0f,1f], start_interpolation: 0, interpolation_duration: 1 }
$data merge entity $(bone_hand_left) { transformation: [-0.9898938516544113f,-0.11483099267139214f,-0.08321060977361527f,0.3777714209015164f,0.00908942343684501f,0.5341905515618428f,-0.8453152293692805f,1.1916171846698216f,0.14151870843948489f,-0.8375286847291602f,-0.5277481950868836f,0.9663400312209987f,0f,0f,0f,1f], start_interpolation: 0, interpolation_duration: 1 }
$data merge entity $(bone_lowerarm_left) { transformation: [-0.9934069205098576f,0.07487229845021132f,-0.08681491351089293f,0.4108790153724692f,0.1133637083731511f,0.5288090558541823f,-0.8411359296038274f,1.4254499390553428f,-0.01706926791073598f,-0.8454319140956242f,-0.533810377120566f,0.5925006067068399f,0f,0f,0f,1f], start_interpolation: 0, interpolation_duration: 1 }
$data merge entity $(bone_arm_left) { transformation: [-0.9950204409400869f,-0.0959288158950469f,-0.027055210078079244f,0.36336427374945374f,-0.03823532935873386f,0.6180509236402378f,-0.7852076893257462f,1.731578287170898f,0.09204554144674228f,-0.7802632363942461f,-0.6186411724346781f,0.20602647243031486f,0f,0f,0f,1f], start_interpolation: 0, interpolation_duration: 1 }
$data merge entity $(bone_bread) { transformation: [-0.00000990171860295332f,4.571340187218143e-7f,-0.0000013217402153431636f,-0.27508975781313105f,0.00000119645654747837f,0.000007662520816502093f,-0.000006313023559806205f,0.7614092396399135f,7.241964083895249e-7f,-0.0000064091187557728495f,-0.000007641906590405066f,0.861289644285508f,0f,0f,0f,1f], start_interpolation: 0, interpolation_duration: 1 }
$data merge entity $(bone_hand_right) { transformation: [-0.9901718602953319f,0.045713401872181425f,-0.13217402153431634f,-0.3104539397302601f,0.11964565474783699f,0.7662520816502093f,-0.6313023559806205f,1.0154175304202142f,0.07241964083895248f,-0.6409118755772849f,-0.7641906590405065f,0.8211402314354748f,0f,0f,0f,1f], start_interpolation: 0, interpolation_duration: 1 }
$data merge entity $(bone_lowerarm_right) { transformation: [-0.9852736879012052f,-0.10847021693075112f,-0.13217402153431634f,-0.3584181137793266f,-0.0006910169804889287f,0.7755364967742332f,-0.6313023559806205f,1.3583500750875706f,0.170983281127398f,-0.6219142659644858f,-0.7641906590405065f,0.5461375169543037f,0f,0f,0f,1f], start_interpolation: 0, interpolation_duration: 1 }
$data merge entity $(bone_arm_right) { transformation: [-0.9884898406495132f,0.06964017583542813f,-0.13430592258836013f,-0.3239244641858411f,0.13831107762820227f,0.7757091868143888f,-0.615747759473865f,1.7425685316815724f,0.06130155575534224f,-0.6272364015276617f,-0.7764126582305344f,0.23545948682263376f,0f,0f,0f,1f], start_interpolation: 0, interpolation_duration: 1 }
$data merge entity $(bone_uppertail) { transformation: [-0.9764398021077163f,-0.10873535429538911f,-0.18639188712521804f,-0.04634295060602617f,-0.08356402111436828f,0.9869051121764265f,-0.13796867012199682f,1.2657113200382466f,0.1989531784994681f,-0.11914244535970872f,-0.9727397958748617f,-0.7014554347034136f,0f,0f,0f,1f], start_interpolation: 0, interpolation_duration: 1 }
$data merge entity $(bone_middletail) { transformation: [-0.9916498976367004f,-0.02323445607410883f,-0.12684888871433572f,0.001742634521328685f,-0.04129480558101723f,0.9890531568159764f,0.14166365809330783f,1.2120284463535762f,0.12216881578024569f,0.1457189522446958f,-0.9817539240601794f,-0.329288106673576f,0f,0f,0f,1f], start_interpolation: 0, interpolation_duration: 1 }
$data merge entity $(bone_tail) { transformation: [-0.9973468324164433f,0.009220045602757371f,-0.07221001750429203f,0.024308264991419942f,-0.010922857922750568f,0.9617629617781629f,0.2736653001870995f,1.1265080400451075f,0.07197212685259823f,0.27372796004569744f,-0.9591105342167474f,-0.029566064730842466f,0f,0f,0f,1f], start_interpolation: 0, interpolation_duration: 1 }
$data merge entity $(bone_hair) { transformation: [-0.685122930950888f,0.1435349121168733f,-0.0029618281951111474f,0.1620902895616551f,0.14265203019361242f,0.6818956985525464f,0.09761079081756766f,2.2474545587554644f,0.016030214187756023f,0.06645288029224869f,-0.995220257576036f,0.5923607713465657f,0f,0f,0f,1f], start_interpolation: 0, interpolation_duration: 1 }
$data merge entity $(bone_ear_left) { transformation: [-0.18551984952516776f,0.7147357337445852f,-0.814435972939017f,0.1790264979758825f,0.46979428150687896f,1.010866414964537f,0.417908871450053f,2.268714746795691f,0.8630618277363413f,-0.39661306333167345f,-0.4025496505354585f,0.3637079312945465f,0f,0f,0f,1f], start_interpolation: 0, interpolation_duration: 1 }
$data merge entity $(bone_ear_right) { transformation: [-0.3813917291569137f,0.05359436305440683f,0.9234937629150524f,-0.10579531404293221f,0.1098408847265553f,1.2921332963743182f,0.0009912852937522948f,2.2876593380453163f,-0.9178645482712506f,0.13236007196141214f,-0.3836121572766741f,0.366413653758004f,0f,0f,0f,1f], start_interpolation: 0, interpolation_duration: 1 }
$data merge entity $(bone_head) { transformation: [-0.9994842144108005f,0.03197706549024989f,-0.0029618281951111474f,0.024852140562944373f,0.03153554272147565f,0.9947249082340458f,0.09761079081756766f,1.9226555751550989f,0.006067510930115391f,0.097467041718733f,-0.995220257576036f,0.27515469819475846f,0f,0f,0f,1f], start_interpolation: 0, interpolation_duration: 1 }
$data merge entity $(bone_body) { transformation: [-0.9996464475887991f,0.026585835219243223f,0.00041615957241346215f,-6.403984274441296e-18f,0.02596230256810253f,0.9725836736428625f,0.23109945177069582f,1.0150204241579426f,0.005739221938273639f,0.2310285504630307f,-0.9729300438379391f,0.0522925f,0f,0f,0f,1f], start_interpolation: 0, interpolation_duration: 1 }
$data merge entity $(bone_shoe_right) { transformation: [-0.9798100486183513f,0.0002600051784689382f,0.19993049048059436f,-0.14830014144893167f,-0.0004820261776166679f,0.9999931758949783f,-0.003662760467059793f,0.2509203033085917f,-0.19993007847061922f,-0.003685181241422617f,-0.979803236962376f,0.06570137064507163f,0f,0f,0f,1f], start_interpolation: 0, interpolation_duration: 1 }
$data merge entity $(bone_lowerleg_right) { transformation: [-0.9794674860438753f,0.025908353075405312f,0.19993049048059436f,-0.134715632403277f,0.02569490867434428f,0.9996631211833205f,-0.003662760467059793f,0.6876263295562548f,-0.19995803422495434f,0.0015496409074637852f,-0.979803236962376f,0.061918884659701065f,0f,0f,0f,1f], start_interpolation: 0, interpolation_duration: 1 }
$data merge entity $(bone_leg_right) { transformation: [-0.9794674860438753f,0.025908353075405312f,0.19993049048059436f,-0.125f,0.02569490867434428f,0.9996631211833205f,-0.003662760467059793f,1.0625f,-0.19995803422495434f,0.0015496409074637852f,-0.979803236962376f,0.062499999999999986f,0f,0f,0f,1f], start_interpolation: 0, interpolation_duration: 1 }
$data merge entity $(bone_shoe_left) { transformation: [-0.8993935146709181f,-0.21222896986384507f,-0.38163741883968133f,0.3284633942670973f,-0.050592105958110006f,0.9138474381017281f,-0.3935101674620642f,0.3333589234587842f,0.4342024235107588f,-0.33312548449941554f,-0.8363627374801937f,0.4010560685191318f,0f,0f,0f,1f], start_interpolation: 0, interpolation_duration: 1 }
$data merge entity $(bone_lowerleg_left) { transformation: [-0.8993935146709181f,-0.22738818199697686f,-0.38163741883968133f,0.22608140714768143f,-0.050592105958110006f,0.9791222551089943f,-0.3935101674620642f,0.759177436903868f,0.4342024235107588f,-0.3569201619636595f,-0.8363627374801937f,0.2416591809486261f,0f,0f,0f,1f], start_interpolation: 0, interpolation_duration: 1 }
$data merge entity $(bone_leg_left) { transformation: [-0.8993935146709181f,-0.30536481040418456f,-0.31279967764482963f,0.12499999999999999f,-0.050592105958110006f,0.7834639668358676f,-0.6193744033171937f,1.0185185185185186f,0.4342024235107588f,-0.5412361270615837f,-0.7200914595943773f,0.06250000000000001f,0f,0f,0f,1f], start_interpolation: 0, interpolation_duration: 1 }
$data merge entity $(bone_string2) { transformation: [-1f,0f,1.2246467991473532e-16f,-2.4489023396069206e-16f,0f,1f,0f,3.321178125f,-1.2246467991473532e-16f,0f,-1f,2.01279625f,0f,0f,0f,1f], start_interpolation: 0, interpolation_duration: 1 }
$data merge entity $(bone_string) { transformation: [-1f,0f,1.2246467991473532e-16f,-2.5673907444456745e-16f,0f,1f,0f,3.1531f,-1.2246467991473532e-16f,0f,-1f,2.1095493750000003f,0f,0f,0f,1f], start_interpolation: 0, interpolation_duration: 1 }
$data merge entity $(bone_flame) { transformation: [-0.7071067811865475f,-0.30621428284071467f,-0.6373639564521568f,-2.1510571102112408e-16f,0f,0.9013687513824149f,-0.43305239178568966f,3.4168487499999998f,0.7071067811865476f,-0.30621428284071467f,-0.6373639564521568f,1.7818262500000002f,0f,0f,0f,1f], start_interpolation: 0, interpolation_duration: 1 }
$data merge entity $(bone_bomb) { transformation: [-1f,0f,1.2246467991473532e-16f,-0.023437500000000264f,0f,1f,0f,2.536831875f,-1.2246467991473532e-16f,0f,-1f,2.1651975f,0f,0f,0f,1f], start_interpolation: 0, interpolation_duration: 1 }