# This file was generated by Animated Java via MC-Build. It is not recommended to edit this file directly.
$data merge entity $(bone_hammer) { transformation: [-0.00002064205421343699f,0.0000015988942685556735f,-0.0000023188171004384873f,0.4371722362529411f,4.5282520086408887e-7f,0.000018812011977931232f,0.000008940410083291029f,0.7677998007412399f,0.000002779986504422017f,0.000008807923718898188f,-0.00001867404435506888f,0.8319575546082135f,0f,0f,0f,1f], start_interpolation: 0, interpolation_duration: 1 }
$data merge entity $(bone_hand_left) { transformation: [-0.9908186022449753f,-0.11130322082104736f,-0.07674692489067234f,0.507101525888123f,0.02173560964147626f,0.4291396839979695f,-0.9029765749406989f,1.2028585281013544f,0.1334393522122568f,-0.896354129043306f,-0.42278033850711316f,0.9618365899600216f,0f,0f,0f,1f], start_interpolation: 0, interpolation_duration: 1 }
$data merge entity $(bone_lowerarm_left) { transformation: [-0.9955545319482011f,-0.03777162914403569f,-0.08628138819701257f,0.4903993836259947f,0.060597838620740196f,0.4444262490849985f,-0.8937635095922931f,1.399378260118627f,0.07210461754903696f,-0.8950187781024731f,-0.4401616873059976f,0.5660704740178343f,0f,0f,0f,1f], start_interpolation: 0, interpolation_duration: 1 }
$data merge entity $(bone_arm_left) { transformation: [-0.9794603356428749f,-0.19947854359424408f,0.029423826193512262f,0.3915951675019707f,-0.15226675835316367f,0.6360644100775591f,-0.7564634165201285f,1.714428913235168f,0.1321827719597604f,-0.7454061824791941f,-0.6533738117791591f,0.19686147425860842f,0f,0f,0f,1f], start_interpolation: 0, interpolation_duration: 1 }
$data merge entity $(bone_bread) { transformation: [-0.00000919578044566368f,1.6441353870813968e-7f,-0.000003925632456488887f,-0.4065804169557058f,0.000002020555604641764f,0.000008766733190652148f,-0.00000436597574574903f,0.6868983423731116f,0.000003369714682832993f,-0.000004808051305072306f,-0.000008094916034406548f,0.6799836725848227f,0f,0f,0f,1f], start_interpolation: 0, interpolation_duration: 1 }
$data merge entity $(bone_hand_right) { transformation: [-0.9195780445663679f,0.01644135387081397f,-0.3925632456488887f,-0.41138709287575215f,0.2020555604641764f,0.8766733190652147f,-0.436597574574903f,0.9458738002695013f,0.33697146828329927f,-0.48080513050723056f,-0.8094916034406547f,0.6970547174841542f,0f,0f,0f,1f], start_interpolation: 0, interpolation_duration: 1 }
$data merge entity $(bone_lowerarm_right) { transformation: [-0.919268382966708f,0.028978237409895476f,-0.3925632456488887f,-0.398573278521064f,0.2139901849158349f,0.8738368032046939f,-0.436597574574903f,1.332273511686577f,0.33038438346486765f,-0.4853550279142237f,-0.8094916034406547f,0.4824367910783333f,0f,0f,0f,1f], start_interpolation: 0, interpolation_duration: 1 }
$data merge entity $(bone_arm_right) { transformation: [-0.8962677391210335f,0.20996952775395497f,-0.3906621778796254f,-0.29457274680543316f,0.36867372096969403f,0.842359651698865f,-0.393077479202418f,1.7495047766686709f,0.24654376341175446f,-0.4963295423451521f,-0.8323900276422229f,0.23659856463550016f,0f,0f,0f,1f], start_interpolation: 0, interpolation_duration: 1 }
$data merge entity $(bone_uppertail) { transformation: [-0.8988931527166273f,-0.11686314870998762f,-0.4222962283430315f,-0.11875521605792452f,-0.26004969478075524f,0.9179710273344255f,0.2995051739436491f,1.4537036821839442f,0.3526545848895183f,0.379041155348818f,-0.8555480970163132f,-0.6163212312163846f,0f,0f,0f,1f], start_interpolation: 0, interpolation_duration: 1 }
$data merge entity $(bone_middletail) { transformation: [-0.9651466698175313f,0.033270469766922835f,-0.2595861737104227f,-0.020350320229708604f,-0.10727458817724433f,0.8544368194703759f,0.5083599947524895f,1.2610104946365541f,0.23871336047974379f,0.518488955885115f,-0.8210877749386062f,-0.30505220540941874f,0f,0f,0f,1f], start_interpolation: 0, interpolation_duration: 1 }
$data merge entity $(bone_tail) { transformation: [-0.986450689784663f,0.056168506759747466f,-0.15414323037922542f,0.027819439263799338f,-0.019276429618962615f,0.8933745052098747f,0.4488991119418227f,1.1207295221547346f,0.16292162497504112f,0.44578816975037827f,-0.8801871686329562f,-0.02999371521161994f,0f,0f,0f,1f], start_interpolation: 0, interpolation_duration: 1 }
$data merge entity $(bone_hair) { transformation: [-0.6800410821809622f,0.16580209703655457f,-0.010477494289424936f,0.21199058400782306f,0.16513341400068393f,0.6790671648974599f,0.05712037305165632f,2.249646269628749f,0.016585599977824036f,0.03711401590244324f,-0.9983123184133584f,0.57543516398191f,0f,0f,0f,1f], start_interpolation: 0, interpolation_duration: 1 }
$data merge entity $(bone_ear_left) { transformation: [-0.15970404441072705f,0.7433020017540191f,-0.8047190839722848f,0.22714276135633735f,0.5112150540778789f,0.9688405928884941f,0.42806977000706076f,2.260878217225578f,0.844484331816173f,-0.4459260474113838f,-0.4113191800741966f,0.3459456749821834f,0f,0f,0f,1f], start_interpolation: 0, interpolation_duration: 1 }
$data merge entity $(bone_ear_right) { transformation: [-0.38389536235560395f,0.1062300266381837f,0.9197537405904767f,-0.056758404398782644f,0.09086892191113724f,1.2929603179979463f,-0.05043605151704887f,2.2910830196053587f,-0.9188945476998801f,0.08347932392574975f,-0.3892419059880321f,0.35065350271921325f,0f,0f,0f,1f], start_interpolation: 0, interpolation_duration: 1 }
$data merge entity $(bone_head) { transformation: [-0.9978585172891101f,0.06456470852558584f,-0.010477494289424936f,0.06113912195760865f,0.0638655581305078f,0.996322464600251f,0.05712037305165632f,1.9168008165969908f,0.014126923170227828f,0.0563288997397233f,-0.9983123184133584f,0.27310070857497326f,0f,0f,0f,1f], start_interpolation: 0, interpolation_duration: 1 }
$data merge entity $(bone_body) { transformation: [-0.9978585172891101f,0.06540322331684466f,0.0008932263686976895f,-6.403984274441296e-18f,0.0638655581305078f,0.9712672389504831f,0.22926216658267903f,1.0103834191511152f,0.014126923170227828f,0.22882825201725485f,-0.9733643003112813f,0.0522925f,0f,0f,0f,1f], start_interpolation: 0, interpolation_duration: 1 }
$data merge entity $(bone_shoe_right) { transformation: [-0.9755727896566245f,0.003064232888042976f,0.21965505356899753f,-0.14136219603562283f,0.0025135377694383877f,0.9999929587042412f,-0.002786515713112748f,0.250752362290745f,-0.2196620454458916f,-0.0021663376342697326f,-0.9755736224251768f,0.06607780122444372f,0f,0f,0f,1f], start_interpolation: 0, interpolation_duration: 1 }
$data merge entity $(bone_lowerleg_right) { transformation: [-0.9754250393131919f,0.017252539594470425f,0.21965505356899753f,-0.1314697023479264f,0.017057067161090168f,0.9998506347400309f,-0.002786515713112748f,0.6875560119724884f,-0.21967031920748878f,0.001028633801989422f,-0.9755736224251768f,0.062114262324253953f,0f,0f,0f,1f], start_interpolation: 0, interpolation_duration: 1 }
$data merge entity $(bone_leg_right) { transformation: [-0.9754250393131919f,0.017252539594470425f,0.21965505356899753f,-0.125f,0.017057067161090168f,0.9998506347400309f,-0.002786515713112748f,1.0625f,-0.21967031920748878f,0.001028633801989422f,-0.9755736224251768f,0.062499999999999986f,0f,0f,0f,1f], start_interpolation: 0, interpolation_duration: 1 }
$data merge entity $(bone_shoe_left) { transformation: [-0.9140339000722537f,-0.11305705476173185f,-0.3900878361635187f,0.2728031198970233f,-0.032080603564195904f,0.9745317107876246f,-0.20420513758559972f,0.2647053263463182f,0.40487558569750104f,-0.15999705151821264f,-0.8983846240939856f,0.22546413884114505f,0f,0f,0f,1f], start_interpolation: 0, interpolation_duration: 1 }
$data merge entity $(bone_lowerleg_left) { transformation: [-0.9058121925841325f,-0.13794735028144484f,-0.4037155813482007f,0.20981436808261067f,-0.08673147188160751f,1.0614728266351507f,-0.12023256112934971f,0.7244559973219749f,0.41470703339969567f,-0.07931211326119286f,-0.9069497563928013f,0.18723714792923452f,0f,0f,0f,1f], start_interpolation: 0, interpolation_duration: 1 }
$data merge entity $(bone_leg_left) { transformation: [-0.9058121925841325f,-0.2599157752943066f,-0.3345864036674023f,0.12499999999999999f,-0.08673147188160751f,0.8867474118729557f,-0.454044798804991f,1.0138148148148147f,0.41470703339969567f,-0.3822601434753228f,-0.8257694951734711f,0.06250000000000001f,0f,0f,0f,1f], start_interpolation: 0, interpolation_duration: 1 }
$data merge entity $(bone_string2) { transformation: [-1f,0f,1.2246467991473532e-16f,-3.038708321439035e-16f,0f,1f,0f,3.3865181250000003f,-1.2246467991473532e-16f,0f,-1f,2.4774562500000004f,0f,0f,0f,1f], start_interpolation: 0, interpolation_duration: 1 }
$data merge entity $(bone_string) { transformation: [-1f,0f,1.2246467991473532e-16f,-3.157196726277789e-16f,0f,1f,0f,3.21844f,-1.2246467991473532e-16f,0f,-1f,2.5742093750000006f,0f,0f,0f,1f], start_interpolation: 0, interpolation_duration: 1 }
$data merge entity $(bone_flame) { transformation: [-0.7071067811865475f,-0.30621428284071467f,-0.6373639564521568f,-2.740863092043355e-16f,0f,0.9013687513824149f,-0.43305239178568966f,3.48218875f,0.7071067811865476f,-0.30621428284071467f,-0.6373639564521568f,2.2464862500000002f,0f,0f,0f,1f], start_interpolation: 0, interpolation_duration: 1 }
$data merge entity $(bone_bomb) { transformation: [-1f,0f,1.2246467991473532e-16f,-0.023437500000000323f,0f,1f,0f,2.6021718750000002f,-1.2246467991473532e-16f,0f,-1f,2.6298575000000004f,0f,0f,0f,1f], start_interpolation: 0, interpolation_duration: 1 }