# This file was generated by Animated Java via MC-Build. It is not recommended to edit this file directly.
$data merge entity $(bone_hammer) { transformation: [-0.000020698656795023605f,5.182163408459688e-7f,-0.000002307560721558836f,0.608349468467127f,-6.812030824012629e-8f,0.000020187992147366835f,0.000005144716752090253f,0.8270452265394058f,0.000002364052512785236f,0.000005119004069124485f,-0.000020055792949541f,0.917682376905147f,0f,0f,0f,1f], start_interpolation: 0, interpolation_duration: 1 }
$data merge entity $(bone_hand_left) { transformation: [-0.9935355261611329f,-0.11076291463482413f,-0.024874384360606523f,0.6549232515776985f,-0.0032697747955260613f,0.24694640410033233f,-0.9690236230736079f,1.281707171429715f,0.1134745206136913f,-0.9626780615779678f,-0.24571219531797545f,0.9640306694338997f,0f,0f,0f,1f], start_interpolation: 0, interpolation_duration: 1 }
$data merge entity $(bone_lowerarm_left) { transformation: [-0.9849397686853062f,-0.16918810304903023f,-0.035623557497898736f,0.5801103872607054f,-0.011398637372562942f,0.2691308918581878f,-0.963036154105164f,1.4007134876732574f,0.1725216598812571f,-0.9481265468460879f,-0.26700623220728137f,0.5447809620003953f,0f,0f,0f,1f], start_interpolation: 0, interpolation_duration: 1 }
$data merge entity $(bone_arm_left) { transformation: [-0.9401776527255695f,-0.3247346214004567f,0.10302139088238108f,0.4192652700982917f,-0.28903348780250826f,0.6002149590565766f,-0.7457892771107865f,1.698007459580968f,0.18034861863667154f,-0.7309510439069186f,-0.6581678715701871f,0.18273177306524963f,0f,0f,0f,1f], start_interpolation: 0, interpolation_duration: 1 }
$data merge entity $(bone_bread) { transformation: [-0.000008318432586041367f,3.6257757100689736e-8f,-0.0000055499878095843786f,-0.5230891965901402f,0.000001498349845304064f,0.000009643158882298776f,-0.000002182758463921173f,0.6758850083691611f,0.000005344027231644919f,-0.0000026472952509669664f,-0.000008027029388363126f,0.5001929056686414f,0f,0f,0f,1f], start_interpolation: 0, interpolation_duration: 1 }
$data merge entity $(bone_hand_right) { transformation: [-0.8318432586041365f,0.0036257757100689736f,-0.5549987809584378f,-0.5049114141965164f,0.1498349845304064f,0.9643158882298775f,-0.2182758463921173f,0.9234782762516118f,0.5344027231644919f,-0.2647295250966966f,-0.8027029388363125f,0.5760213596060588f,0f,0f,0f,1f], start_interpolation: 0, interpolation_duration: 1 }
$data merge entity $(bone_lowerarm_right) { transformation: [-0.8166441006717854f,0.15833119077623012f,-0.5549987809584378f,-0.43489934077515213f,0.3266346999948361f,0.9196006892347831f,-0.2182758463921173f,1.3301142060226174f,0.47581738681689045f,-0.35953554259112236f,-0.8027029388363125f,0.417039236866547f,0f,0f,0f,1f], start_interpolation: 0, interpolation_duration: 1 }
$data merge entity $(bone_arm_right) { transformation: [-0.7682543591767778f,0.3434192006593542f,-0.5402300363959495f,-0.26479951794856577f,0.4857268065500766f,0.8624142183028367f,-0.14251731637864778f,1.7572787485257413f,0.4169588816712543f,-0.37189375994710827f,-0.8293613942714355f,0.23283560889274493f,0f,0f,0f,1f], start_interpolation: 0, interpolation_duration: 1 }
$data merge entity $(bone_uppertail) { transformation: [-0.9182351792094691f,0.028274822137645553f,-0.3950249233848907f,-0.0859074576595524f,-0.2591305566854434f,0.7114007413714778f,0.6532689643385823f,1.5696268577232948f,0.2994920871309398f,0.7022175728427739f,-0.6459063168422781f,-0.5300098261949913f,0f,0f,0f,1f], start_interpolation: 0, interpolation_duration: 1 }
$data merge entity $(bone_middletail) { transformation: [-0.9713714353773348f,0.13337546964706812f,-0.19659226492769277f,-0.011380431980707068f,-0.05976958631976036f,0.6637026431290689f,0.7456047197105531f,1.2869949478082292f,0.22992418551370541f,0.7360093651577485f,-0.6367299924740057f,-0.28862316455400466f,0f,0f,0f,1f], start_interpolation: 0, interpolation_duration: 1 }
$data merge entity $(bone_tail) { transformation: [-0.9846597222254109f,0.10899142744422656f,-0.13625747748526207f,0.03120002973343733f,0.016273173917695852f,0.8348688118925583f,0.5502083702923397f,1.115054832091873f,0.1737251140095214f,0.5395506794294471f,-0.8238353288671232f,-0.031174624283028717f,0f,0f,0f,1f], start_interpolation: 0, interpolation_duration: 1 }
$data merge entity $(bone_hair) { transformation: [-0.6756624915990694f,0.18248944610980203f,-0.019048782952983727f,0.2591824568447265f,0.182003190197914f,0.6755365890424729f,0.032737534553764824f,2.248166418256868f,0.01884240440918608f,0.018652584898576692f,-0.9992824414045066f,0.5573632800478726f,0f,0f,0f,1f], start_interpolation: 0, interpolation_duration: 1 }
$data merge entity $(bone_ear_left) { transformation: [-0.13676467309240994f,0.763359669051577f,-0.7978044141063493f,0.27229356962154827f,0.5368664655493752f,0.9370078154351724f,0.43847171831516435f,2.253155057878011f,0.8325081515291293f,-0.4788510932209227f,-0.4138244423305273f,0.32752692401546035f,0f,0f,0f,1f], start_interpolation: 0, interpolation_duration: 1 }
$data merge entity $(bone_ear_right) { transformation: [-0.38752776193889693f,0.14678683829898523f,0.9149168808563176f,-0.01054270642457264f,0.08255818690912647f,1.2905533826152567f,-0.08754769783248666f,2.292526998599435f,-0.9181537885893123f,0.05408873008776183f,-0.3940336301997313f,0.3342083454302758f,0f,0f,0f,1f], start_interpolation: 0, interpolation_duration: 1 }
$data merge entity $(bone_head) { transformation: [-0.9958380284381774f,0.08912780141108648f,-0.019048782952983727f,0.09734274812652689f,0.08847493592185972f,0.9955402751998353f,0.032737534553764824f,1.9117431708884693f,0.021881655101631887f,0.030915942014793224f,-0.9992824414045066f,0.2648300521148362f,0f,0f,0f,1f], start_interpolation: 0, interpolation_duration: 1 }
$data merge entity $(bone_body) { transformation: [-0.9945640718791257f,0.10412507076227441f,0.0005258953933811887f,-6.403984274441296e-18f,0.10166338265222334f,0.969934168694792f,0.22111595380263832f,1.0065145069981793f,0.02251363042516791f,0.21996744767600096f,-0.975247383184382f,0.0522925f,0f,0f,0f,1f], start_interpolation: 0, interpolation_duration: 1 }
$data merge entity $(bone_shoe_right) { transformation: [-0.9709311764375627f,0.00579195369249616f,0.23928874585737372f,-0.1344390361731061f,0.005579604302120617f,0.9999832095305259f,-0.001564823587581583f,0.2506440647759944f,-0.23929379147274712f,-0.0001841994909729843f,-0.9709471908570234f,0.06644898530558319f,0f,0f,0f,1f], start_interpolation: 0, interpolation_duration: 1 }
$data merge entity $(bone_lowerleg_right) { transformation: [-0.9709102205406855f,0.008616249511400121f,0.23928874585737372f,-0.12823109356677503f,0.00848840983889629f,0.9999627484189332f,-0.001564823587581583f,0.6875139693429f,-0.23929331488373098f,0.0005118777301467833f,-0.9709471908570234f,0.06230804585119494f,0f,0f,0f,1f], start_interpolation: 0, interpolation_duration: 1 }
$data merge entity $(bone_leg_right) { transformation: [-0.9709102205406855f,0.008616249511400121f,0.23928874585737372f,-0.125f,0.00848840983889629f,0.9999627484189332f,-0.001564823587581583f,1.0625f,-0.23929331488373098f,0.0005118777301467833f,-0.9709471908570234f,0.062499999999999986f,0f,0f,0f,1f], start_interpolation: 0, interpolation_duration: 1 }
$data merge entity $(bone_shoe_left) { transformation: [-0.9151268526581946f,-0.015258927659616887f,-0.4032222991650095f,0.2182082561729831f,-0.013052705092370148f,0.9902779234832834f,0.003039759752072796f,0.2464477038948309f,0.40517686260566327f,0.03597705788238606f,-0.9173816045013397f,0.03185965311927773f,0f,0f,0f,1f], start_interpolation: 0, interpolation_duration: 1 }
$data merge entity $(bone_lowerleg_left) { transformation: [-0.910530734067192f,-0.04739571335456261f,-0.4111056994686407f,0.19460519937140341f,-0.12530337883382908f,1.0550250309625764f,0.17324618788205645f,0.7014685697950668f,0.39399599689830134f,0.22599962477408544f,-0.8949736656733174f,0.1253947869570325f,0f,0f,0f,1f], start_interpolation: 0, interpolation_duration: 1 }
$data merge entity $(bone_leg_left) { transformation: [-0.910530734067192f,-0.2161652154391411f,-0.352429258083392f,0.12499999999999999f,-0.12530337883382908f,0.9566193484625257f,-0.2630180324615762f,1.0095f,0.39399599689830134f,-0.19532542533239894f,-0.8981175494593294f,0.06250000000000001f,0f,0f,0f,1f], start_interpolation: 0, interpolation_duration: 1 }
$data merge entity $(bone_string2) { transformation: [-0.00001f,0f,1.2246467991473532e-21f,-0.02343726562500036f,0f,0.00001f,0f,2.6448497184625004f,-1.2246467991473532e-21f,0f,-0.00001f,2.9496859759875003f,0f,0f,0f,1f], start_interpolation: 0, interpolation_duration: 1 }
$data merge entity $(bone_string) { transformation: [-0.00001f,0f,1.2246467991473532e-21f,-0.02343726562500036f,0f,0.00001f,0f,2.64484803768125f,-1.2246467991473532e-21f,0f,-0.00001f,2.94968694351875f,0f,0f,0f,1f], start_interpolation: -1, interpolation_duration: 0 }
$data merge entity $(bone_flame) { transformation: [-0.000007071067811865475f,-0.000003062142828407147f,-0.000006373639564521569f,-0.02343726562500036f,0f,0.00000901368751382415f,-0.000004330523917856897f,2.64485067516875f,0.000007071067811865476f,-0.000003062142828407147f,-0.000006373639564521568f,2.9496836662875f,0f,0f,0f,1f], start_interpolation: -1, interpolation_duration: 0 }
$data merge entity $(bone_bomb) { transformation: [-0.00001f,0f,1.2246467991473532e-21f,-0.02343750000000036f,0f,0.00001f,0f,2.644841875f,-1.2246467991473532e-21f,0f,-0.00001f,2.9496875f,0f,0f,0f,1f], start_interpolation: -1, interpolation_duration: 0 }
execute on vehicle unless entity @s[tag=aj.transforms_only] positioned ^-0.0234375781 ^2.6448446953 ^2.9496874844 rotated ~0 ~0 run function animated_java:meowster/animations/toss/zzz/frames/zzz/0