# This file was generated by Animated Java via MC-Build. It is not recommended to edit this file directly.
$data merge entity $(bone_hammer) { transformation: [-0.000020634457755530088f,-0.0000019086533946064766f,-0.000002145687100273291f,0.7902532315086676f,-0.0000019731478537619083f,0.000020732840743236624f,5.327100905371218e-7f,0.9728433647703394f,0.000002086532640582647f,7.308452042823189e-7f,-0.000020715695127244432f,1.009185636809512f,0f,0f,0f,1f], start_interpolation: 0, interpolation_duration: 1 }
$data merge entity $(bone_hand_left) { transformation: [-0.990453972265444f,-0.10299298081311797f,0.09161536294111083f,0.7843972526964382f,-0.09471109698057158f,0.025570084345782063f,-0.9951763556753579f,1.4294060028290216f,0.10015356674796705f,-0.9943533661077326f,-0.03508056980555152f,0.9586779080341306f,0f,0f,0f,1f], start_interpolation: 0, interpolation_duration: 1 }
$data merge entity $(bone_lowerarm_left) { transformation: [-0.9575222074580647f,-0.2734188133574629f,0.09161536294111083f,0.6634948711649351f,-0.09771242115219278f,0.008735207913390108f,-0.9951763556753579f,1.4332686025782237f,0.2712996590068094f,-0.961855419824054f,-0.03508056980555152f,0.5333574645806818f,0f,0f,0f,1f], start_interpolation: 0, interpolation_duration: 1 }
$data merge entity $(bone_arm_left) { transformation: [-0.8664263063640921f,-0.4555052704025014f,0.2045003772021471f,0.4378774169186961f,-0.44249546127336303f,0.5107530982469087f,-0.7371085668906971f,1.6862509965536456f,0.23130763582888908f,-0.7291407417410771f,-0.6440889351172882f,0.1722049409370544f,0f,0f,0f,1f], start_interpolation: 0, interpolation_duration: 1 }
$data merge entity $(bone_bread) { transformation: [-0.000007532271709025622f,-5.086862857142597e-7f,-0.000006557905242082909f,-0.5317592612494829f,-0.0000011797823512466138f,0.000009912847349426078f,5.861493245440239e-7f,0.669243615237291f,0.000006470934747399272f,0.0000012151936840284506f,-0.000007526639874817855f,0.15835988161810544f,0f,0f,0f,1f], start_interpolation: 0, interpolation_duration: 1 }
$data merge entity $(bone_hand_right) { transformation: [-0.7532271709025622f,-0.05086862857142596f,-0.6557905242082909f,-0.5079896564048562f,-0.11797823512466138f,0.9912847349426077f,0.058614932454402385f,0.8713866447538948f,0.6470934747399272f,0.12151936840284505f,-0.7526639874817854f,0.3194685840626964f,0f,0f,0f,1f], start_interpolation: 0, interpolation_duration: 1 }
$data merge entity $(bone_lowerarm_right) { transformation: [-0.7336620122781617f,0.17798550530471216f,-0.6557905242082909f,-0.42928669077792875f,0.18556722609954882f,0.9808817942499926f,0.058614932454402385f,1.3051203131488134f,0.65368559440887f,-0.0786896791856561f,-0.7526639874817854f,0.2846729915477891f,0f,0f,0f,1f], start_interpolation: 0, interpolation_duration: 1 }
$data merge entity $(bone_arm_right) { transformation: [-0.6789240068064821f,0.3736175076167435f,-0.6320380929849756f,-0.24422926903651046f,0.3515437667690082f,0.9211718269659195f,0.1669114892693948f,1.7613882336928703f,0.6445767394404558f,-0.1088688348726243f,-0.7567485736793881f,0.23074889677494234f,0f,0f,0f,1f], start_interpolation: 0, interpolation_duration: 1 }
$data merge entity $(bone_uppertail) { transformation: [-0.9718652633979253f,0.09385448910538631f,-0.21603065679492858f,-0.01181672043747992f,-0.11159573193778019f,0.6242240182630271f,0.7732339669445665f,1.5877540126750322f,0.20742300357904478f,0.7755873322188331f,-0.5961878795211464f,-0.5184230246478903f,0f,0f,0f,1f], start_interpolation: 0, interpolation_duration: 1 }
$data merge entity $(bone_middletail) { transformation: [-0.9860798727566619f,0.1544640011175929f,-0.061541505530413244f,0.01151550314589269f,0.045271194630670725f,0.6055559856399838f,0.7945139817475205f,1.2865803919789267f,0.15999063560383014f,0.780668188550252f,-0.6041193391249371f,-0.289397584977082f,0f,0f,0f,1f], start_interpolation: 0, interpolation_duration: 1 }
$data merge entity $(bone_tail) { transformation: [-0.9891377402987985f,0.1291385799826806f,-0.07021223452250669f,0.03345682643417603f,0.06769919053232928f,0.8242162398320272f,0.5622138468576005f,1.1108885648359266f,0.13047356175813574f,0.551353622602782f,-0.8240059663163459f,-0.031895720503223916f,0f,0f,0f,1f], start_interpolation: 0, interpolation_duration: 1 }
$data merge entity $(bone_hair) { transformation: [-0.674397953135182f,0.1868006877423296f,-0.024449192051650068f,0.28760184149246015f,0.18635434554833594f,0.6744840726000451f,0.026468838209103285f,2.244249507528443f,0.02143498780797853f,0.013294317126114731f,-0.9993506079509243f,0.54926749840049f,0f,0f,0f,1f], start_interpolation: 0, interpolation_duration: 1 }
$data merge entity $(bone_ear_left) { transformation: [-0.12614738298283837f,0.7681296623663807f,-0.7968442111326656f,0.2994299150032053f,0.5445067420583429f,0.9264875181681365f,0.442262103302882f,2.247431703769384f,0.8292160427895678f,-0.4915258899300801f,-0.41163519670512955f,0.31932821985782f,0f,0f,0f,1f], start_interpolation: 0, interpolation_duration: 1 }
$data merge entity $(bone_ear_right) { transformation: [-0.3894465517067824f,0.1621627891514938f,0.9125629645778345f,0.017104876673077335f,0.08316873742205602f,1.2889520732569584f,-0.1000377358740689f,2.290893040464578f,-0.9172864026460427f,0.048018565796964f,-0.3965113959044609f,0.32738644297630204f,0f,0f,0f,1f], start_interpolation: 0, interpolation_duration: 1 }
$data merge entity $(bone_head) { transformation: [-0.9951284741092512f,0.09550684281775215f,-0.024449192051650068f,0.12202879859724716f,0.09485753461592848f,0.9951389092636507f,0.026468838209103285f,1.9069851608111805f,0.026858297481061902f,0.024020704497098727f,-0.9993506079509243f,0.2598081575033437f,0f,0f,0f,1f], start_interpolation: 0, interpolation_duration: 1 }
$data merge entity $(bone_body) { transformation: [-0.9914448693934997f,0.13052613130444904f,-2.7671352606460074e-9f,-6.403984274441296e-18f,0.1274321405021086f,0.9679436694624413f,0.21643960431176873f,1.003584375f,0.02825102689031198f,0.21458793487584035f,-0.9762960092540403f,0.0522925f,0f,0f,0f,1f], start_interpolation: 0, interpolation_duration: 1 }
$data merge entity $(bone_shoe_right) { transformation: [-0.9658890467933654f,0.00842918601190773f,0.25881904510252085f,-0.1275310250830471f,0.008726535498373935f,0.9999619230641713f,0f,0.250595f,-0.2588091900663492f,0.0022585935847423927f,-0.9659258262890683f,0.06681443325300222f,0f,0f,0f,1f], start_interpolation: 0, interpolation_duration: 1 }
$data merge entity $(bone_lowerleg_right) { transformation: [-0.9659258262890683f,0f,0.25881904510252085f,-0.125f,0f,1f,0f,0.6875f,-0.25881904510252085f,0f,-0.9659258262890683f,0.062499999999999986f,0f,0f,0f,1f], start_interpolation: 0, interpolation_duration: 1 }
$data merge entity $(bone_leg_right) { transformation: [-0.9659258262890683f,0f,0.25881904510252085f,-0.125f,0f,1f,0f,1.0625f,-0.25881904510252085f,0f,-0.9659258262890683f,0.062499999999999986f,0f,0f,0f,1f], start_interpolation: 0, interpolation_duration: 1 }
$data merge entity $(bone_shoe_left) { transformation: [-0.9101726261859515f,0.03660491454489828f,-0.41251765782824334f,0.16967824431558268f,-0.006059498861608626f,0.9712731848687775f,0.1040642197472702f,0.2823497490385873f,0.41884768401043304f,0.14773011242724068f,-0.9150361884725846f,-0.1460016697797471f,0f,0f,0f,1f], start_interpolation: 0, interpolation_duration: 1 }
$data merge entity $(bone_lowerleg_left) { transformation: [-0.913051839095696f,0.03534314775470698f,-0.4065445910827639f,0.18150484467412348f,-0.16239939499364053f,0.9621213089469395f,0.4355629044137118f,0.6925636585722723f,0.3741159922131995f,0.5039026624472839f,-0.8031229368907602f,0.06448095211519488f,0f,0f,0f,1f], start_interpolation: 0, interpolation_duration: 1 }
$data merge entity $(bone_leg_left) { transformation: [-0.913051839095696f,-0.17758477548612905f,-0.36715117681890713f,0.12499999999999999f,-0.16239939499364053f,0.9840858128912404f,-0.07212176767028214f,1.0056851851851851f,0.3741159922131995f,-0.006225783623589957f,-0.9273610213873588f,0.06250000000000001f,0f,0f,0f,1f], start_interpolation: 0, interpolation_duration: 1 }
$data merge entity $(bone_string2) { transformation: [-0.00001f,0f,1.2246467991473532e-21f,-0.023437265625000373f,0f,0.00001f,0f,2.6568126090875004f,-1.2246467991473532e-21f,0f,-0.00001f,3.0543612689562503f,0f,0f,0f,1f], start_interpolation: 0, interpolation_duration: 1 }
$data merge entity $(bone_string) { transformation: [-0.00001f,0f,1.2246467991473532e-21f,-0.023437265625000373f,0f,0.00001f,0f,2.65681092830625f,-1.2246467991473532e-21f,0f,-0.00001f,3.0543622364875f,0f,0f,0f,1f], start_interpolation: -1, interpolation_duration: 0 }
$data merge entity $(bone_flame) { transformation: [-0.000007071067811865475f,-0.000003062142828407147f,-0.000006373639564521569f,-0.023437265625000373f,0f,0.00000901368751382415f,-0.000004330523917856897f,2.65681356579375f,0.000007071067811865476f,-0.000003062142828407147f,-0.000006373639564521568f,3.05435895925625f,0f,0f,0f,1f], start_interpolation: -1, interpolation_duration: 0 }
$data merge entity $(bone_bomb) { transformation: [-0.00001f,0f,1.2246467991473532e-21f,-0.023437500000000375f,0f,0.00001f,0f,2.656804765625f,-1.2246467991473532e-21f,0f,-0.00001f,3.05436279296875f,0f,0f,0f,1f], start_interpolation: -1, interpolation_duration: 0 }