# This file was generated by Animated Java via MC-Build. It is not recommended to edit this file directly.
$data merge entity $(bone_hammer) { transformation: [-0.00002001374896594186f,-0.000005585565362070828f,-0.0000015096654238849472f,0.9331990866921653f,-0.000005153019979040685f,0.000019678989941682136f,-0.000004495722160961333f,1.2160285753996174f,0.0000026313523522414534f,-0.000003945452095639471f,-0.000020286378936053263f,1.0865192506639854f,0f,0f,0f,1f], start_interpolation: 0, interpolation_duration: 1 }
$data merge entity $(bone_hand_left) { transformation: [-0.960659950365209f,-0.07246394034647752f,0.2681071373793997f,0.8480120916859913f,-0.24734495899395284f,-0.21579466372614375f,-0.9445915172007423f,1.6410716009055628f,0.12630491290758974f,-0.9737461889305565f,0.18938170059069437f,0.9344785719770946f,0f,0f,0f,1f], start_interpolation: 0, interpolation_duration: 1 }
$data merge entity $(bone_lowerarm_left) { transformation: [-0.9147944114280009f,-0.28692250122975116f,0.28430030444612764f,0.7211385481734608f,-0.1930624095565926f,-0.3076513958489857f,-0.9317067804027044f,1.5050319993035894f,0.35479302534900514f,-0.9072078576160121f,0.2260438281472555f,0.5333225974375143f,0f,0f,0f,1f], start_interpolation: 0, interpolation_duration: 1 }
$data merge entity $(bone_arm_left) { transformation: [-0.7490265007976938f,-0.568057642390154f,0.3409836008152041f,0.4397724971770876f,-0.6003751829729308f,0.36429813425953866f,-0.7119245107771182f,1.6854734189290173f,0.2801944695617352f,-0.7379684168696918f,-0.6139166677407112f,0.16779761595674506f,0f,0f,0f,1f], start_interpolation: 0, interpolation_duration: 1 }
$data merge entity $(bone_bread) { transformation: [-0.00000653158122594571f,-8.570764225539907e-7f,-0.000007523554126526607f,-0.5040805265812615f,-0.0000032807462098177404f,0.000009275072062347568f,0.0000017915754365993533f,0.7005740455209469f,0.000006824598962257054f,0.000003638469217151862f,-0.000006339273677654108f,-0.05538576324100039f,0f,0f,0f,1f], start_interpolation: 0, interpolation_duration: 1 }
$data merge entity $(bone_hand_right) { transformation: [-0.653158122594571f,-0.08570764225539906f,-0.7523554126526607f,-0.4696070294052081f,-0.32807462098177403f,0.9275072062347568f,0.1791575436599353f,0.8605668901159472f,0.6824598962257054f,0.3638469217151862f,-0.6339273677654108f,0.14610041536897952f,0f,0f,0f,1f], start_interpolation: 0, interpolation_duration: 1 }
$data merge entity $(bone_lowerarm_right) { transformation: [-0.6450005371504988f,0.13392400878039779f,-0.7523554126526607f,-0.410387506772626f,-0.004704620297862978f,0.9838091487161478f,0.1791575436599353f,1.2955949980638688f,0.7641676345039881f,0.11909625844079504f,-0.6339273677654108f,0.19876329214826857f,0f,0f,0f,1f], start_interpolation: 0, interpolation_duration: 1 }
$data merge entity $(bone_arm_right) { transformation: [-0.5950922115209782f,0.339474414759061f,-0.7284383168883031f,-0.24224158571227858f,0.16068126837677696f,0.9383615846040609f,0.3060376880911662f,1.7603772204380679f,0.787430498380588f,0.06507425192308228f,-0.6129588501333101f,0.23099538255392027f,0f,0f,0f,1f], start_interpolation: 0, interpolation_duration: 1 }
$data merge entity $(bone_uppertail) { transformation: [-0.9932761500532024f,0.10378283497005762f,0.0512992485429017f,0.08391799353563953f,0.09897907295273439f,0.5314607476815896f,0.8412803437565526f,1.5872965747732837f,0.06004692209352537f,0.8407012530258913f,-0.5381596141553084f,-0.5127662346919472f,0f,0f,0f,1f], start_interpolation: 0, interpolation_duration: 1 }
$data merge entity $(bone_middletail) { transformation: [-0.9845433251521027f,0.13042180111832433f,0.1168956572824388f,0.039607568575837686f,0.17081861546978935f,0.5676926811279089f,0.8053235501354661f,1.2820245157791903f,0.03867093879679378f,0.812843880205085f,-0.5811965114362921f,-0.29242978579085926f,0f,0f,0f,1f], start_interpolation: 0, interpolation_duration: 1 }
$data merge entity $(bone_tail) { transformation: [-0.9925112996433618f,0.12067418478809747f,0.01894891041651213f,0.03368603407067765f,0.11102890126377796f,0.8265294850575042f,0.5518347519092424f,1.109576155807552f,0.050930375655429294f,0.5498061035095054f,-0.8337381755559067f,-0.03188660592963843f,0f,0f,0f,1f], start_interpolation: 0, interpolation_duration: 1 }
$data merge entity $(bone_hair) { transformation: [-0.6778174355681845f,0.17401305689722185f,-0.02403144492136567f,0.28335733730129536f,0.17343036382149474f,0.6777816164775358f,0.033011725493928334f,2.243661978191593f,0.022032542851744514f,0.018208140882106698f,-0.9991660100478323f,0.5519552106034602f,0f,0f,0f,1f], start_interpolation: 0, interpolation_duration: 1 }
$data merge entity $(bone_ear_left) { transformation: [-0.13422975051306202f,0.7528503192468999f,-0.8041190589377482f,0.2953109462171653f,0.5379332202691868f,0.9412985318406257f,0.4316735983059675f,2.248388675786118f,0.8322320737679026f,-0.4870045900856826f,-0.4087180490003453f,0.3220472436182813f,0f,0f,0f,1f], start_interpolation: 0, interpolation_duration: 1 }
$data merge entity $(bone_ear_right) { transformation: [-0.3879887778354137f,0.14332304721486905f,0.9150464343375844f,0.012391073774911984f,0.08545631716599433f,1.2907001349384342f,-0.08338780808273931f,2.288832839337213f,-0.9176938084841845f,0.05959585394095937f,-0.39463463668212095f,0.3301881379991327f,0f,0f,0f,1f], start_interpolation: 0, interpolation_duration: 1 }
$data merge entity $(bone_head) { transformation: [-0.9967670227069364f,0.0766680644006448f,-0.02403144492136567f,0.12444993332750125f,0.07585717763095089f,0.9965720819799136f,0.033011725493928334f,1.9053696983621102f,0.02648001219441592f,0.031082041748873163f,-0.9991660100478323f,0.2599703608203033f,0f,0f,0f,1f], start_interpolation: 0, interpolation_duration: 1 }
$data merge entity $(bone_body) { transformation: [-0.9911004519140578f,0.13311608950422363f,0.000030509899716620253f,-6.403984274441296e-18f,0.12995997487794542f,0.9675523014155165f,0.21668629157208164f,1.0023365451388888f,0.028814911859560748f,0.2147618465664721f,-0.9762412868312244f,0.0522925f,0f,0f,0f,1f], start_interpolation: 0, interpolation_duration: 1 }
$data merge entity $(bone_shoe_right) { transformation: [-0.9649298204296957f,0.007425731762267336f,0.2624029347269396f,-0.12621088457786397f,0.007787595570869437f,0.9999696187266051f,0.000339085524291945f,0.2505923292027995f,-0.26239244463349215f,0.0023706816663279923f,-0.9649583332287964f,0.06688375483681522f,0f,0f,0f,1f], start_interpolation: 0, interpolation_duration: 1 }
$data merge entity $(bone_lowerleg_right) { transformation: [-0.964928409569927f,-0.001646258902731378f,0.2625080079473321f,-0.12438265291147574f,-0.0016140747808327225f,0.9999986401780724f,0.00033823750220370627f,0.6875005099332229f,-0.262508207809686f,-0.00009733258033609778f,-0.9649297546240947f,0.06253649971762602f,0f,0f,0f,1f], start_interpolation: 0, interpolation_duration: 1 }
$data merge entity $(bone_leg_right) { transformation: [-0.964928409569927f,-0.001646258902731378f,0.2625080079473321f,-0.125f,-0.0016140747808327225f,0.9999986401780724f,0.00033823750220370627f,1.0625f,-0.262508207809686f,-0.00009733258033609778f,-0.9649297546240947f,0.062499999999999986f,0f,0f,0f,1f], start_interpolation: 0, interpolation_duration: 1 }
$data merge entity $(bone_shoe_left) { transformation: [-0.9095992801866165f,0.030647214235638043f,-0.4162256348824612f,0.1301689310858829f,-0.12015454008735399f,0.9066697692905887f,0.3102798184915766f,0.3428369800488504f,0.3991567142019701f,0.37446419427498856f,-0.8677546123825326f,-0.2862267655034839f,0f,0f,0f,1f], start_interpolation: 0, interpolation_duration: 1 }
$data merge entity $(bone_lowerleg_left) { transformation: [-0.9136696977048574f,0.10368760085827614f,-0.39523888322842776f,0.17104148269602934f,-0.19397514667884302f,0.8230442540436314f,0.6290384103204829f,0.6948100100119492f,0.3571852824051347f,0.7121971743076458f,-0.6694004059797282f,0.013186906493378378f,0f,0f,0f,1f], start_interpolation: 0, interpolation_duration: 1 }
$data merge entity $(bone_leg_left) { transformation: [-0.9136696977048574f,-0.14617203043010082f,-0.379264315505501f,0.12499999999999999f,-0.19397514667884302f,0.9767922546507584f,0.09083244863598776f,1.0024814814814815f,0.3571852824051347f,0.15655870711726547f,-0.9208192250702275f,0.06250000000000001f,0f,0f,0f,1f], start_interpolation: 0, interpolation_duration: 1 }
$data merge entity $(bone_string2) { transformation: [-0.00001f,0f,1.2246467991473532e-21f,-0.02343726562500038f,0f,0.00001f,0f,2.6624278434625004f,-1.2246467991473532e-21f,0f,-0.00001f,3.1034945697375003f,0f,0f,0f,1f], start_interpolation: 0, interpolation_duration: 1 }
$data merge entity $(bone_string) { transformation: [-0.00001f,0f,1.2246467991473532e-21f,-0.02343726562500038f,0f,0.00001f,0f,2.66242616268125f,-1.2246467991473532e-21f,0f,-0.00001f,3.10349553726875f,0f,0f,0f,1f], start_interpolation: 0, interpolation_duration: 1 }
$data merge entity $(bone_flame) { transformation: [-0.000007071067811865475f,-0.000003062142828407147f,-0.000006373639564521569f,-0.02343726562500038f,0f,0.00000901368751382415f,-0.000004330523917856897f,2.66242880016875f,0.000007071067811865476f,-0.000003062142828407147f,-0.000006373639564521568f,3.1034922600375f,0f,0f,0f,1f], start_interpolation: 0, interpolation_duration: 1 }
$data merge entity $(bone_bomb) { transformation: [-0.00001f,0f,1.2246467991473532e-21f,-0.02343750000000038f,0f,0.00001f,0f,2.66242f,-1.2246467991473532e-21f,0f,-0.00001f,3.10349609375f,0f,0f,0f,1f], start_interpolation: 0, interpolation_duration: 1 }