# This file was generated by Animated Java via MC-Build. It is not recommended to edit this file directly.
$data merge entity $(bone_hammer) { transformation: [-0.00001874121779722933f,-0.00000906365930278353f,8.028781337526315e-7f,0.994636309259125f,-0.000008515995002138673f,0.000016824194893751843f,-0.000008857317487726252f,1.5064503066359016f,0.000003205052632663263f,-0.000008296042670930383f,-0.000018839614948340595f,1.1206666599059787f,0f,0f,0f,1f], start_interpolation: 0, interpolation_duration: 1 }
$data merge entity $(bone_hand_left) { transformation: [-0.8995784542670077f,0.03853815042012621f,0.43505564653360945f,0.8381424381311889f,-0.4087677601026562f,-0.4251512394108599f,-0.8075613549000886f,1.8631772229161885f,0.1538425263678366f,-0.9043015175203487f,0.39821004820465816f,0.877170579597588f,0f,0f,0f,1f], start_interpolation: 0, interpolation_duration: 1 }
$data merge entity $(bone_lowerarm_left) { transformation: [-0.867670869799777f,-0.1880217279362863f,0.4602120071496957f,0.7550015803093624f,-0.26452282065924526f,-0.6091859261401389f,-0.7476096473048338f,1.593802821201096f,0.4209215355043921f,-0.77041569118018f,0.47883684458486553f,0.5365023911538522f,0f,0f,0f,1f], start_interpolation: 0, interpolation_duration: 1 }
$data merge entity $(bone_arm_left) { transformation: [-0.6052996389414548f,-0.6329144369974712f,0.4827335316067431f,0.44151114823405246f,-0.7230960489412548f,0.1836686427493397f,-0.6658813210146097f,1.6847761958128782f,0.3327828888372882f,-0.7521204325842966f,-0.5688324918517926f,0.1639677393894427f,0f,0f,0f,1f], start_interpolation: 0, interpolation_duration: 1 }
$data merge entity $(bone_bread) { transformation: [-0.000006475889500169316f,-8.894413301320215e-7f,-0.000007567810073056128f,-0.5055692097302521f,-0.0000034372134354258624f,0.000009204783617909683f,0.0000018594414071945032f,0.704526485328008f,0.00000680061901454013f,0.000003805371554489064f,-0.000006266636127250471f,-0.06438556854546013f,0f,0f,0f,1f], start_interpolation: 0, interpolation_duration: 1 }
$data merge entity $(bone_hand_right) { transformation: [-0.6475889500169315f,-0.08894413301320214f,-0.7567810073056127f,-0.47090242228974666f,-0.3437213435425862f,0.9204783617909682f,0.1859441407194503f,0.8611555254084393f,0.680061901454013f,0.3805371554489064f,-0.626663612725047f,0.13969375464049483f,0f,0f,0f,1f], start_interpolation: 0, interpolation_duration: 1 }
$data merge entity $(bone_lowerarm_right) { transformation: [-0.6392693485830994f,0.1364448861029308f,-0.7567810073056127f,-0.41056819921610693f,-0.010420025079640655f,0.9825050634014284f,0.1859441407194503f,1.2956069831312584f,0.7689122986657708f,0.12675406678648732f,-0.626663612725047f,0.1957428185476447f,0f,0f,0f,1f], start_interpolation: 0, interpolation_duration: 1 }
$data merge entity $(bone_arm_right) { transformation: [-0.5885235452377054f,0.34350808272938155f,-0.7318758322286826f,-0.2404243519892101f,0.15467806597440034f,0.936367088093691f,0.31510533515216943f,1.7594013064526648f,0.7935456714060393f,0.0722417707045328f,-0.6042072442119611f,0.2315250705997336f,0f,0f,0f,1f], start_interpolation: 0, interpolation_duration: 1 }
$data merge entity $(bone_uppertail) { transformation: [-0.9296139829216662f,0.05397849188465377f,0.36456023531149756f,0.19643023877301324f,0.34871541947752976f,0.44886710388706696f,0.8227489770681259f,1.563071244723486f,-0.1192283480348805f,0.8919667288985031f,-0.4360962686872911f,-0.5037161703218982f,0f,0f,0f,1f], start_interpolation: 0, interpolation_duration: 1 }
$data merge entity $(bone_middletail) { transformation: [-0.9421911168703552f,0.08509410784243104f,0.32409087012918675f,0.07357511530919288f,0.31516165164095356f,0.553525691398701f,0.7708971671348497f,1.270849307544819f,-0.11379381628866722f,0.8284734768066453f,-0.5483453889679116f,-0.295832663166593f,0f,0f,0f,1f], start_interpolation: 0, interpolation_duration: 1 }
$data merge entity $(bone_tail) { transformation: [-0.9854910353268511f,0.1126474064840209f,0.12695661110330084f,0.033901174339411366f,0.1628236902177838f,0.838627626112763f,0.5198001064104691f,1.1084117742915476f,-0.047915187511625004f,0.5329298889468442f,-0.8448016739287573f,-0.031832140063856394f,0f,0f,0f,1f], start_interpolation: 0, interpolation_duration: 1 }
$data merge entity $(bone_hair) { transformation: [-0.6806815883235066f,0.16247600772735077f,-0.023652338641327996f,0.2795331135025863f,0.16170176472114353f,0.6804328014910501f,0.041984981306706276f,2.2419807437395263f,0.022915379190754905f,0.02475377886349673f,-0.9988382392667352f,0.555816191432455f,0f,0f,0f,1f], start_interpolation: 0, interpolation_duration: 1 }
$data merge entity $(bone_ear_left) { transformation: [-0.14090461443253577f,0.7393677770436685f,-0.8103552598629433f,0.29160096252438616f,0.5296845154925336f,0.9552739028949748f,0.4236330339438915f,2.2487495734673812f,0.8364091126231582f,-0.48040301905515376f,-0.40479551055311325f,0.3259629132573151f,0f,0f,0f,1f], start_interpolation: 0, interpolation_duration: 1 }
$data merge entity $(bone_ear_right) { transformation: [-0.3869336765156756f,0.12559583423654955f,0.9170323967115613f,0.008176094685036328f,0.08994209991704837f,1.2918207978011025f,-0.06673995240810668f,2.286781122143428f,-0.9177106017915311f,0.07365264958538718f,-0.3931887105882021f,0.3342729823830549f,0f,0f,0f,1f], start_interpolation: 0, interpolation_duration: 1 }
$data merge entity $(bone_head) { transformation: [-0.9979345259572943f,0.05972644957793983f,-0.023652338641327996f,0.12665931311857084f,0.058698907956304426f,0.9973924501165089f,0.041984981306706276f,1.9038015940925137f,0.02609827785750524f,0.040509895968775134f,-0.9988382392667352f,0.26049797995035884f,0f,0f,0f,1f], start_interpolation: 0, interpolation_duration: 1 }
$data merge entity $(bone_body) { transformation: [-0.9907800796717414f,0.13547996264432513f,0.00011596357141652175f,-6.403984274441296e-18f,0.13226715078505324f,0.9670984177094515f,0.21731555693755386f,1.0011972222222223f,0.029329755349501645f,0.21532726298768462f,-0.9761013959960159f,0.0522925f,0f,0f,0f,1f], start_interpolation: 0, interpolation_duration: 1 }
$data merge entity $(bone_shoe_right) { transformation: [-0.9641997811300161f,0.006606579059935018f,0.26509457780564627f,-0.1251154493452576f,0.007025194160477662f,0.9999751239305498f,0.0006310048251366733f,0.2505917471827527f,-0.26508381451125335f,0.0024707555942632808f,-0.9642222081299295f,0.06694129777869896f,0f,0f,0f,1f], start_interpolation: 0, interpolation_duration: 1 }
$data merge entity $(bone_lowerleg_right) { transformation: [-0.9641071808047007f,-0.0030118810631330466f,0.2654962758557522f,-0.12387054460132511f,-0.0029510360360771263f,0.9999954484419269f,0.0006280778163407465f,0.6875017068342775f,-0.2654969591297156f,-0.00017795474465634852f,-0.9641116807844323f,0.06256673302924612f,0f,0f,0f,1f], start_interpolation: 0, interpolation_duration: 1 }
$data merge entity $(bone_leg_right) { transformation: [-0.9641071808047007f,-0.0030118810631330466f,0.2654962758557522f,-0.125f,-0.0029510360360771263f,0.9999954484419269f,0.0006280778163407465f,1.0625f,-0.2654969591297156f,-0.00017795474465634852f,-0.9641116807844323f,0.062499999999999986f,0f,0f,0f,1f], start_interpolation: 0, interpolation_duration: 1 }
$data merge entity $(bone_shoe_left) { transformation: [-0.9132779436961765f,0.10578229806042677f,-0.3950865149565136f,0.10256859480068672f,-0.21597357480266888f,0.683671102579258f,0.6787973027121661f,0.40236832729919203f,0.34536764837639217f,0.7072565505591341f,-0.6202709516525198f,-0.37438771108837465f,0f,0f,0f,1f], start_interpolation: 0, interpolation_duration: 1 }
$data merge entity $(bone_lowerleg_left) { transformation: [-0.9132779436961765f,0.15152268586034967f,-0.38333916397943435f,0.16377479489427094f,-0.21597357480266888f,0.697582836493675f,0.7424207881968438f,0.7015390547143658f,0.34536764837639217f,0.8369104264490344f,-0.5494201112197528f,-0.02160606054329825f,0f,0f,0f,1f], start_interpolation: 0, interpolation_duration: 1 }
$data merge entity $(bone_leg_left) { transformation: [-0.9132779436961765f,-0.12407934366166702f,-0.387979012363521f,0.12499999999999999f,-0.21597357480266888f,0.9550750249140291f,0.2029460809486665f,1f,0.34536764837639217f,0.26913939373855444f,-0.8990468142388381f,0.06250000000000001f,0f,0f,0f,1f], start_interpolation: 0, interpolation_duration: 1 }
$data merge entity $(bone_string2) { transformation: [-0.00001f,0f,1.2246467991473532e-21f,-0.02343726562500038f,0f,0.00001f,0f,2.6631602653375004f,-1.2246467991473532e-21f,0f,-0.00001f,3.1099032611437503f,0f,0f,0f,1f], start_interpolation: 0, interpolation_duration: 1 }
$data merge entity $(bone_string) { transformation: [-0.00001f,0f,1.2246467991473532e-21f,-0.02343726562500038f,0f,0.00001f,0f,2.66315858455625f,-1.2246467991473532e-21f,0f,-0.00001f,3.109904228675f,0f,0f,0f,1f], start_interpolation: 0, interpolation_duration: 1 }
$data merge entity $(bone_flame) { transformation: [-0.000007071067811865475f,-0.000003062142828407147f,-0.000006373639564521569f,-0.02343726562500038f,0f,0.00000901368751382415f,-0.000004330523917856897f,2.66316122204375f,0.000007071067811865476f,-0.000003062142828407147f,-0.000006373639564521568f,3.10990095144375f,0f,0f,0f,1f], start_interpolation: 0, interpolation_duration: 1 }
$data merge entity $(bone_bomb) { transformation: [-0.00001f,0f,1.2246467991473532e-21f,-0.02343750000000038f,0f,0.00001f,0f,2.663152421875f,-1.2246467991473532e-21f,0f,-0.00001f,3.10990478515625f,0f,0f,0f,1f], start_interpolation: 0, interpolation_duration: 1 }