# This file was generated by Animated Java via MC-Build. It is not recommended to edit this file directly.
$data merge entity $(bone_hammer) { transformation: [-0.000016805626969297642f,-0.000011567460566417257f,0.000004218119959291757f,0.9694535281730521f,-0.000011646474271582863f,0.000012618872796645975f,-0.000011796247884865968f,1.7884351146475215f,0.0000039947862255635375f,-0.000011873739224196737f,-0.000016645833641653325f,1.1060761741256142f,0f,0f,0f,1f], start_interpolation: 0, interpolation_duration: 1 }
$data merge entity $(bone_hand_left) { transformation: [-0.8066700945262866f,0.20246975804600414f,0.5552381071880284f,0.7647990997487192f,-0.5590307650359774f,-0.5662198984735662f,-0.6057058942390068f,2.0512656618340026f,0.19174973882704976f,-0.7990000147993598f,0.5699394827614431f,0.7897354811742258f,0f,0f,0f,1f], start_interpolation: 0, interpolation_duration: 1 }
$data merge entity $(bone_lowerarm_left) { transformation: [-0.8278692649929014f,-0.006345948275823521f,0.5608852012850704f,0.7619930007455035f,-0.312785438943935f,-0.8248149144796908f,-0.47100491084118307f,1.6865428168375145f,0.465615452132726f,-0.5653672132272453f,0.6808539967885157f,0.5397371665753032f,0f,0f,0f,1f], start_interpolation: 0, interpolation_duration: 1 }
$data merge entity $(bone_arm_left) { transformation: [-0.4536991036175401f,-0.6438469481037566f,0.6161316667678421f,0.4430875592628615f,-0.8027679856586505f,-0.004918045116148434f,-0.5962712252270681f,1.6841068476159222f,0.38693757193918715f,-0.7651384974301808f,-0.5146284049409748f,0.16075450456691673f,0f,0f,0f,1f], start_interpolation: 0, interpolation_duration: 1 }
$data merge entity $(bone_bread) { transformation: [-0.000006437047415518151f,-8.409497069581365e-7f,-0.000007606393636983174f,-0.5084867724154473f,-0.0000034657916199432408f,0.000009182058232872767f,0.0000019178360345099064f,0.7064316258372904f,0.0000068229545665717535f,0.000003870737681437544f,-0.000006201990066422002f,-0.07025283656671405f,0f,0f,0f,1f], start_interpolation: 0, interpolation_duration: 1 }
$data merge entity $(bone_hand_right) { transformation: [-0.6437047415518151f,-0.08409497069581365f,-0.7606393636983173f,-0.47203417313985524f,-0.34657916199432404f,0.9182058232872766f,0.19178360345099063f,0.861655001625363f,0.6822954566571753f,0.3870737681437544f,-0.6201990066422002f,0.13458789208608068f,0f,0f,0f,1f], start_interpolation: 0, interpolation_duration: 1 }
$data merge entity $(bone_lowerarm_right) { transformation: [-0.6341984170649047f,0.1386366696981287f,-0.7606393636983173f,-0.41073077075771397f,-0.015502946799822198f,0.9813147854220251f,0.19178360345099063f,1.2955801333041648f,0.7730148940563121f,0.13342100931688722f,-0.6201990066422002f,0.19358499464339174f,0f,0f,0f,1f], start_interpolation: 0, interpolation_duration: 1 }
$data merge entity $(bone_arm_right) { transformation: [-0.5826208811979198f,0.3471613997335344f,-0.7348686082064007f,-0.23877738995219772f,0.14962197248803605f,0.9345429743946585f,0.32286637229413373f,1.758470950309019f,0.7988530366349927f,0.07815619965580432f,-0.5964272246589798f,0.2322967372854073f,0f,0f,0f,1f], start_interpolation: 0, interpolation_duration: 1 }
$data merge entity $(bone_uppertail) { transformation: [-0.7606372044309263f,-0.05308991840487946f,0.6470027077217441f,0.3090351816415593f,0.5774967325829844f,0.3999077386259354f,0.7117382415207629f,1.5170133819979985f,-0.29652751489782936f,0.9150165359985873f,-0.2735254499268097f,-0.48349947745204436f,0f,0f,0f,1f], start_interpolation: 0, interpolation_duration: 1 }
$data merge entity $(bone_middletail) { transformation: [-0.8492212615589249f,0.02991129201126473f,0.5271893052087504f,0.10918818036767741f,0.4501430227328099f,0.5629234440580952f,0.6931727455798747f,1.254255497779376f,-0.27603352695141437f,0.8259676208786817f,-0.4915109167239048f,-0.2971609016290461f,0f,0f,0f,1f], start_interpolation: 0, interpolation_duration: 1 }
$data merge entity $(bone_tail) { transformation: [-0.9643515655270426f,0.11087459674623185f,0.2402766777319488f,0.03410171857644341f,0.21551019247565625f,0.8559708874864564f,0.469967229405151f,1.1073907385902664f,-0.15356241403627358f,0.5049957064886876f,-0.8493514710785773f,-0.03173856691699072f,0f,0f,0f,1f], start_interpolation: 0, interpolation_duration: 1 }
$data merge entity $(bone_hair) { transformation: [-0.6824303642230299f,0.15496687140437032f,-0.02364994514226529f,0.2776632487921775f,0.15407731431196492f,0.682035765813433f,0.04710811199471168f,2.24053675230465f,0.02343030518013774f,0.02850408599526484f,-0.9986097865928723f,0.558554820882231f,0f,0f,0f,1f], start_interpolation: 0, interpolation_duration: 1 }
$data merge entity $(bone_ear_left) { transformation: [-0.14370228072420352f,0.7313203782231763f,-0.8141759621557505f,0.28974581191601334f,0.5256751220888585f,0.9625721758938733f,0.4188246316173028f,2.2483373220469027f,0.8384600888125363f,-0.4781477915775044f,-0.40212365088165164f,0.32873203632385833f,0f,0f,0f,1f], start_interpolation: 0, interpolation_duration: 1 }
$data merge entity $(bone_ear_right) { transformation: [-0.3863605026076493f,0.11433208558370789f,0.9181452792792009f,0.00603961595468111f,0.09236496585783177f,1.2923676804082715f,-0.05635844573126485f,2.285738933615956f,-0.9177114334619825f,0.08193871394050596f,-0.39221546595216594f,0.3372153852668802f,0f,0f,0f,1f], start_interpolation: 0, interpolation_duration: 1 }
$data merge entity $(bone_head) { transformation: [-0.9985320405655707f,0.04872826755308723f,-0.02364994514226529f,0.12865709197892414f,0.04757466551507143f,0.9977562212211072f,0.04710811199471168f,1.9022936799157812f,0.025892376582432198f,0.04591382096767782f,-0.9986097865928723f,0.2613391225325393f,0f,0f,0f,1f], start_interpolation: 0, interpolation_duration: 1 }
$data merge entity $(bone_body) { transformation: [-0.9904853647273673f,0.1376178742333613f,0.00025090313856649516f,-6.403984274441296e-18f,0.13435388680432328f,0.9665953225301722f,0.2182716554281922f,1.00016640625f,0.029795559425278017f,0.21622859004831704f,-0.9758880168770655f,0.0522925f,0f,0f,0f,1f], start_interpolation: 0, interpolation_duration: 1 }
$data merge entity $(bone_shoe_right) { transformation: [-0.9636850879162445f,0.005958695226189569f,0.2669748027044158f,-0.12422955510244361f,0.00642522691923008f,0.9999789761050865f,0.0008739604448404698f,0.2505923608850484f,-0.2669639821902886f,0.0025575963372139604f,-0.9637031134711973f,0.06698791808202353f,0f,0f,0f,1f], start_interpolation: 0, interpolation_duration: 1 }
$data merge entity $(bone_lowerleg_right) { transformation: [-0.963455442247818f,-0.0041158487723692684f,0.2678370224445168f,-0.12345655671036153f,-0.004030570237635257f,0.999991500320782f,0.000868210660501186f,0.6875031873797067f,-0.2678383193395245f,-0.0002430536453242755f,-0.9634638424031825f,0.0625911451169966f,0f,0f,0f,1f], start_interpolation: 0, interpolation_duration: 1 }
$data merge entity $(bone_leg_right) { transformation: [-0.963455442247818f,-0.0041158487723692684f,0.2678370224445168f,-0.125f,-0.004030570237635257f,0.999991500320782f,0.000868210660501186f,1.0625f,-0.2678383193395245f,-0.0002430536453242755f,-0.9634638424031825f,0.062499999999999986f,0f,0f,0f,1f], start_interpolation: 0, interpolation_duration: 1 }
$data merge entity $(bone_shoe_left) { transformation: [-0.9134119458960973f,0.12518388800301866f,-0.38899431304195037f,0.09232045943910626f,-0.22466998914709915f,0.6289240360773887f,0.7291823556694857f,0.42775981974598193f,0.3394212500905091f,0.7505373314677132f,-0.5639468762528969f,-0.3957307565527587f,0f,0f,0f,1f], start_interpolation: 0, interpolation_duration: 1 }
$data merge entity $(bone_lowerleg_left) { transformation: [-0.9130018004618425f,0.17106070068092477f,-0.3771530682421498f,0.16182229840921392f,-0.22077078800488176f,0.6479913529493241f,0.7773296736667129f,0.7059768844459803f,0.3430568050879289f,0.8722645488528442f,-0.5035018784004028f,-0.027845240645288455f,0f,0f,0f,1f], start_interpolation: 0, interpolation_duration: 1 }
$data merge entity $(bone_leg_left) { transformation: [-0.9130018004618425f,-0.11935915205579875f,-0.39010396713434536f,0.12499999999999999f,-0.22077078800488176f,0.9486782078582423f,0.22642861369221248f,0.998644111570248f,0.3430568050879289f,0.292853292205149f,-0.8924959258884425f,0.06250000000000001f,0f,0f,0f,1f], start_interpolation: 0, interpolation_duration: 1 }
$data merge entity $(bone_string2) { transformation: [-0.00001f,0f,1.2246467991473532e-21f,-0.023437265625000377f,0f,0.00001f,0f,2.6604747184625004f,-1.2246467991473532e-21f,0f,-0.00001f,3.0864047259875003f,0f,0f,0f,1f], start_interpolation: 0, interpolation_duration: 1 }
$data merge entity $(bone_string) { transformation: [-0.00001f,0f,1.2246467991473532e-21f,-0.023437265625000377f,0f,0.00001f,0f,2.66047303768125f,-1.2246467991473532e-21f,0f,-0.00001f,3.08640569351875f,0f,0f,0f,1f], start_interpolation: 0, interpolation_duration: 1 }
$data merge entity $(bone_flame) { transformation: [-0.000007071067811865475f,-0.000003062142828407147f,-0.000006373639564521569f,-0.023437265625000377f,0f,0.00000901368751382415f,-0.000004330523917856897f,2.66047567516875f,0.000007071067811865476f,-0.000003062142828407147f,-0.000006373639564521568f,3.0864024162875f,0f,0f,0f,1f], start_interpolation: 0, interpolation_duration: 1 }
$data merge entity $(bone_bomb) { transformation: [-0.00001f,0f,1.2246467991473532e-21f,-0.023437500000000378f,0f,0.00001f,0f,2.660466875f,-1.2246467991473532e-21f,0f,-0.00001f,3.08640625f,0f,0f,0f,1f], start_interpolation: 0, interpolation_duration: 1 }