# This file was generated by Animated Java via MC-Build. It is not recommended to edit this file directly.
$data merge entity $(bone_hammer) { transformation: [-0.000014474812998611284f,-0.000012774724583260813f,0.00000783032427520365f,0.8852982654380168f,-0.00001409737978356532f,0.00000792233076963143f,-0.000013135004232669777f,2.017064016910204f,0.0000050765588414728095f,-0.00001442466168671421f,-0.000014148691223243271f,1.0532141877271721f,0f,0f,0f,1f], start_interpolation: 0, interpolation_duration: 1 }
$data merge entity $(bone_hand_left) { transformation: [-0.6947910239333415f,0.37585556520977503f,0.613186779996519f,0.6604675970948721f,-0.6766742296111352f,-0.6304802031681491f,-0.3802718769423087f,2.1787283532101513f,0.24367482439069482f,-0.6791371787156771f,0.6923837609622818f,0.6866755423348039f,0f,0f,0f,1f], start_interpolation: 0, interpolation_duration: 1 }
$data merge entity $(bone_lowerarm_left) { transformation: [-0.8009731198635384f,0.1954106254081472f,0.5659123154108474f,0.7468757330175372f,-0.3444691531335972f,-0.9235238859907254f,-0.1686553721172623f,1.7703576348736274f,0.48967648891435667f,-0.33002775562395725f,0.8070307408781412f,0.5407413941448352f,0f,0f,0f,1f], start_interpolation: 0, interpolation_duration: 1 }
$data merge entity $(bone_arm_left) { transformation: [-0.3133983185764533f,-0.610484313748651f,0.727386002463816f,0.44449522136390845f,-0.8420056521867736f,-0.1755391704841815f,-0.5101102638756173f,1.6834108894931812f,0.4390990498725523f,-0.7723308243832848f,-0.4590175618736797f,0.1581962826924894f,0f,0f,0f,1f], start_interpolation: 0, interpolation_duration: 1 }
$data merge entity $(bone_bread) { transformation: [-0.000006409529672316414f,-7.450666031247885e-7f,-0.000007639555297044689f,-0.5121187506361139f,-0.000003413343746823786f,0.000009191220097475998f,0.0000019673732705748226f,0.7069225176054396f,0.000006875101006219067f,0.000003868636565595352f,-0.000006145456637030661f,-0.07376737258765365f,0f,0f,0f,1f], start_interpolation: 0, interpolation_duration: 1 }
$data merge entity $(bone_hand_right) { transformation: [-0.6409529672316413f,-0.07450666031247885f,-0.7639555297044689f,-0.47298220181838757f,-0.3413343746823786f,0.9191220097475997f,0.19673732705748223f,0.8620548929378931f,0.6875101006219067f,0.38686365655953514f,-0.6145456637030661f,0.13064664153649708f,0f,0f,0f,1f], start_interpolation: 0, interpolation_duration: 1 }
$data merge entity $(bone_lowerarm_right) { transformation: [-0.6297900129150166f,0.14048661241010774f,-0.7639555297044689f,-0.41086077789329306f,-0.01998477374381874f,0.9802525352992899f,0.19673732705748223f,1.2955103108905477f,0.7765083054616425f,0.1391706821598805f,-0.6145456637030661f,0.19218617755406922f,0f,0f,0f,1f], start_interpolation: 0, interpolation_duration: 1 }
$data merge entity $(bone_arm_right) { transformation: [-0.5773991886279753f,0.3504054797806209f,-0.7374457110265602f,-0.23730056368945424f,0.1454430921320246f,0.9329181738105455f,0.32940854258059543f,1.7575963438560835f,0.8034030644221063f,0.08294384072195725f,-0.5896302530938007f,0.23326929866166368f,0f,0f,0f,1f], start_interpolation: 0, interpolation_duration: 1 }
$data merge entity $(bone_uppertail) { transformation: [-0.5181911840691024f,-0.18583280926024098f,0.8348317577545245f,0.40606576593504534f,0.7372920306537298f,0.39763108134626424f,0.546159303392243f,1.4578692212869244f,-0.4334493722311308f,0.8985297380442383f,-0.06903587156392799f,-0.4511648664724694f,0f,0f,0f,1f], start_interpolation: 0, interpolation_duration: 1 }
$data merge entity $(bone_middletail) { transformation: [-0.7175066055748345f,-0.021879842376519548f,0.6962079742821522f,0.14214595286225318f,0.5531568394760545f,0.5895417820142197f,0.5886068281971937f,1.2347508314674234f,-0.4233223144335077f,0.8074414899898795f,-0.410897138400332f,-0.29538582144738f,0f,0f,0f,1f], start_interpolation: 0, interpolation_duration: 1 }
$data merge entity $(bone_tail) { transformation: [-0.9311877885789888f,0.11731059319744322f,0.3451485580515105f,0.03428702847115613f,0.2621413455442215f,0.8734263032543442f,0.4103759346498224f,1.106508351889354f,-0.25332038480477237f,0.47261476649287437f,-0.8440758645615024f,-0.03161211377191054f,0f,0f,0f,1f], start_interpolation: 0, interpolation_duration: 1 }
$data merge entity $(bone_hair) { transformation: [-0.6824356060524549f,0.1549310373924284f,-0.023819784450631827f,0.2794791254778338f,0.15401176154266966f,0.6820145597147067f,0.0481603962048642f,2.238796656611775f,0.023706979949846857f,0.02919784220898434f,-0.9985555538407044f,0.5599893881990667f,0f,0f,0f,1f], start_interpolation: 0, interpolation_duration: 1 }
$data merge entity $(bone_ear_left) { transformation: [-0.14003375909796897f,0.73353134379262f,-0.8136381117481537f,0.2915055679409779f,0.5269294452478053f,0.9596313400713607f,0.42123469480243947f,2.2464876167026704f,0.8382934486465536f,-0.4806656414043319f,-0.4006923445807203f,0.330156339152085f,0f,0f,0f,1f], start_interpolation: 0, interpolation_duration: 1 }
$data merge entity $(bone_ear_right) { transformation: [-0.3858274583377677f,0.1161157865350949f,0.9182369734038994f,0.007924767923243509f,0.09437830481123853f,1.292072488595517f,-0.05702385749242906f,2.28644998183415f,-0.9177308472387616f,0.08405836265312636f,-0.3919045041215141f,0.33884833113529744f,0f,0f,0f,1f], start_interpolation: 0, interpolation_duration: 1 }
$data merge entity $(bone_head) { transformation: [-0.9985305258275498f,0.04867655348607403f,-0.023819784450631827f,0.13044339085044784f,0.047487701979308364f,0.9977101254362988f,0.0481603962048642f,1.9008584958441084f,0.026109522233882063f,0.0469584789213032f,-0.9985555538407044f,0.262441860173955f,0f,0f,0f,1f], start_interpolation: 0, interpolation_duration: 1 }
$data merge entity $(bone_body) { transformation: [-0.9902177647540997f,0.13952990506883786f,0.00042890194168685564f,-6.403984274441296e-18f,0.1362203865887025f,0.9660560087414117f,0.21949896184774495f,0.9992440972222223f,0.03021232601139687f,0.21741019655502464f,-0.9756126392123498f,0.0522925f,0f,0f,0f,1f], start_interpolation: 0, interpolation_duration: 1 }
$data merge entity $(bone_shoe_right) { transformation: [-0.9633689780532075f,0.0054689864423114f,0.2681236698093107f,-0.12353810432500821f,0.005974044415042511f,0.9999815850455421f,0.0010678778639441838f,0.25059351418641107f,-0.26811289211458217f,0.002630543118638565f,-0.9633839096252622f,0.06702444495267311f,0f,0f,0f,1f], start_interpolation: 0, interpolation_duration: 1 }
$data merge entity $(bone_lowerleg_right) { transformation: [-0.9629643219365599f,-0.004977055483984303f,0.26958290672067997f,-0.12313360419350589f,-0.004871989757074265f,0.9999875712247251f,0.0010588257091278782f,0.687504660790728f,-0.26958482596961664f,-0.00029379377918613563f,-0.9629766016327431f,0.06261017266719479f,0f,0f,0f,1f], start_interpolation: 0, interpolation_duration: 1 }
$data merge entity $(bone_leg_right) { transformation: [-0.9629643219365599f,-0.004977055483984303f,0.26958290672067997f,-0.125f,-0.004871989757074265f,0.9999875712247251f,0.0010588257091278782f,1.0625f,-0.26958482596961664f,-0.00029379377918613563f,-0.9629766016327431f,0.062499999999999986f,0f,0f,0f,1f], start_interpolation: 0, interpolation_duration: 1 }
$data merge entity $(bone_shoe_left) { transformation: [-0.9125354357953946f,0.12910910625840843f,-0.3898466330003492f,0.08836542729345974f,-0.22506539689136512f,0.6203839408664387f,0.733345585351371f,0.4381654155342977f,0.3415035073609659f,0.7538534359727365f,-0.5584075940723443f,-0.40785162775641964f,0f,0f,0f,1f], start_interpolation: 0, interpolation_duration: 1 }
$data merge entity $(bone_lowerleg_left) { transformation: [-0.9125354357953946f,0.17754522029896697f,-0.3758025897658591f,0.16060233458263953f,-0.22506539689136512f,0.6259445576571134f,0.7909098991412907f,0.7070177066555268f,0.3415035073609659f,0.88694481535687f,-0.4829430038478522f,-0.033752365153654096f,0f,0f,0f,1f], start_interpolation: 0, interpolation_duration: 1 }
$data merge entity $(bone_leg_left) { transformation: [-0.9125354357953946f,-0.11559199539818035f,-0.392323296552188f,0.12499999999999999f,-0.22506539689136512f,0.9428560023258896f,0.2456992592584974f,0.9974173553719008f,0.3415035073609659f,0.3125076790703056f,-0.8864052712965156f,0.06250000000000001f,0f,0f,0f,1f], start_interpolation: 0, interpolation_duration: 1 }
$data merge entity $(bone_string2) { transformation: [-0.00001f,0f,1.2246467991473532e-21f,-0.023437265625000373f,0f,0.00001f,0f,2.6558360465875004f,-1.2246467991473532e-21f,0f,-0.00001f,3.0458163470812503f,0f,0f,0f,1f], start_interpolation: 0, interpolation_duration: 1 }
$data merge entity $(bone_string) { transformation: [-0.00001f,0f,1.2246467991473532e-21f,-0.023437265625000373f,0f,0.00001f,0f,2.65583436580625f,-1.2246467991473532e-21f,0f,-0.00001f,3.0458173146125f,0f,0f,0f,1f], start_interpolation: 0, interpolation_duration: 1 }
$data merge entity $(bone_flame) { transformation: [-0.000007071067811865475f,-0.000003062142828407147f,-0.000006373639564521569f,-0.023437265625000373f,0f,0.00000901368751382415f,-0.000004330523917856897f,2.65583700329375f,0.000007071067811865476f,-0.000003062142828407147f,-0.000006373639564521568f,3.04581403738125f,0f,0f,0f,1f], start_interpolation: 0, interpolation_duration: 1 }
$data merge entity $(bone_bomb) { transformation: [-0.00001f,0f,1.2246467991473532e-21f,-0.023437500000000375f,0f,0.00001f,0f,2.655828203125f,-1.2246467991473532e-21f,0f,-0.00001f,3.04581787109375f,0f,0f,0f,1f], start_interpolation: 0, interpolation_duration: 1 }