# This file was generated by Animated Java via MC-Build. It is not recommended to edit this file directly.
$data merge entity $(bone_hammer) { transformation: [-0.000012223185056730619f,-0.000012909368004904934f,0.000010861387690375102f,0.7846353260105895f,-0.000015636729749679275f,0.000003633670040183555f,-0.000013278437504177416f,2.174417037898541f,0.000006333577786858714f,-0.000015942786379136705f,-0.000011821215363269575f,0.9831177038839789f,0f,0f,0f,1f], start_interpolation: 0, interpolation_duration: 1 }
$data merge entity $(bone_hand_left) { transformation: [-0.5867128827230697f,0.5213466091380047f,0.6196496642354368f,0.561376032490763f,-0.7505630279846052f,-0.6373650002005159f,-0.17441616192881076f,2.2455129774493465f,0.30401173376921825f,-0.5674183374369397f,0.7652537461985616f,0.5879779553627552f,0f,0f,0f,1f], start_interpolation: 0, interpolation_duration: 1 }
$data merge entity $(bone_lowerarm_left) { transformation: [-0.785771697654434f,0.3601938759605655f,0.5028152850558274f,0.7206492620170755f,-0.36554955006914297f,-0.9262107287921317f,0.0922345505469345f,1.8359541708115756f,0.49893523187836264f,-0.1113286018543872f,0.8594588860437894f,0.5387498392302684f,0f,0f,0f,1f], start_interpolation: 0, interpolation_duration: 1 }
$data merge entity $(bone_arm_left) { transformation: [-0.19931730582615148f,-0.5550480592408393f,0.807585452773378f,0.4457270201743473f,-0.8516465292205614f,-0.3095464863986995f,-0.42294108576111505f,1.6826319267672198f,0.48473786819762255f,-0.7720768256405557f,-0.41100678150612924f,0.15633053653018064f,0f,0f,0f,1f], start_interpolation: 0, interpolation_duration: 1 }
$data merge entity $(bone_bread) { transformation: [-0.000006387978785721618f,-6.340545345176915e-7f,-0.000007667574706543663f,-0.5157860186912239f,-0.0000033255698215267733f,0.000009214447916269381f,0.000002008615184775136f,0.7066778673609725f,0.000006937889621154328f,0.000003833004623740548f,-0.000006097029043645981f,-0.07567484867614924f,0f,0f,0f,1f], start_interpolation: 0, interpolation_duration: 1 }
$data merge entity $(bone_hand_right) { transformation: [-0.6387978785721617f,-0.06340545345176915f,-0.7667574706543662f,-0.47373614521276275f,-0.3325569821526773f,0.921444791626938f,0.20086151847751357f,0.8623514143351336f,0.6937889621154327f,0.3833004623740548f,-0.6097029043645981f,0.12774680064596455f,0f,0f,0f,1f], start_interpolation: 0, interpolation_duration: 1 }
$data merge entity $(bone_lowerarm_right) { transformation: [-0.6260362994880632f,0.14199131282937988f,-0.7667574706543662f,-0.41094936157102135f,-0.023889922452581785f,0.9793283014393678f,0.20086151847751357f,1.295398147627854f,0.7794278820574111f,0.14406437825108642f,-0.6097029043645981f,0.19145026790386682f,0f,0f,0f,1f], start_interpolation: 0, interpolation_duration: 1 }
$data merge entity $(bone_arm_right) { transformation: [-0.5728628202291006f,0.3532226589333702f,-0.7396363582296378f,-0.2359937633180864f,0.1420778293117925f,0.9315117178257373f,0.33481309707267004f,1.7567875453634145f,0.8072435070145874f,0.08671604678134312f,-0.583813538395099f,0.23440180982525083f,0f,0f,0f,1f], start_interpolation: 0, interpolation_duration: 1 }
$data merge entity $(bone_uppertail) { transformation: [-0.2707688726408207f,-0.30388944023833203f,0.9134196328744265f,0.47721167736423065f,0.8166383951605791f,0.4298838519599716f,0.3850994746472797f,1.399794267464348f,-0.5096920140225594f,0.8502064937035534f,0.1317686188207831f,-0.4129014497978708f,0f,0f,0f,1f], start_interpolation: 0, interpolation_duration: 1 }
$data merge entity $(bone_middletail) { transformation: [-0.5779445120827079f,-0.06163198200726522f,0.8137454391560893f,0.16873484498748997f,0.6158279333626011f,0.6213497931957201f,0.48443822205311526f,1.2161648593529186f,-0.5354774481188059f,0.781105583957439f,-0.32115100695261706f,-0.2911439907228249f,0f,0f,0f,1f], start_interpolation: 0, interpolation_duration: 1 }
$data merge entity $(bone_tail) { transformation: [-0.8937171307766368f,0.12897765927632143f,0.4296911141319737f,0.03445637182124819f,0.29784538767699653f,0.8868315510104892f,0.3532958040677382f,1.1057599205817503f,-0.33549637136028065f,0.44372802879684214f,-0.8309919501801168f,-0.03145900629153838f,0f,0f,0f,1f], start_interpolation: 0, interpolation_duration: 1 }
$data merge entity $(bone_hair) { transformation: [-0.6824464118697585f,0.15487467945111116f,-0.023935653152820535f,0.2810577812036332f,0.15393183040477942f,0.6820030499669274f,0.049007109522605424f,2.237206601916869f,0.023914148831313112f,0.02976026714806271f,-0.9985115861743354f,0.56157229454348f,0f,0f,0f,1f], start_interpolation: 0, interpolation_duration: 1 }
$data merge entity $(bone_ear_left) { transformation: [-0.13635327539307396f,0.7357503656077194f,-0.8130774888861646f,0.2930404170078162f,0.5283604923137867f,0.9565566437032348f,0.4235737354061957f,2.2447360458946592f,0.8379993880973383f,-0.4833950629612486f,-0.39936235143114224f,0.33172737425756604f,0f,0f,0f,1f], start_interpolation: 0, interpolation_duration: 1 }
$data merge entity $(bone_ear_right) { transformation: [-0.3856372960933238f,0.11681271591576385f,0.9182645516133304f,0.009584724651379384f,0.09558665903997303f,1.291916471950357f,-0.0571027395496423f,2.287286431051327f,-0.9176857122541497f,0.08547876288134527f,-0.39182839405318104f,0.34061056464298983f,0f,0f,0f,1f], start_interpolation: 0, interpolation_duration: 1 }
$data merge entity $(bone_head) { transformation: [-0.9985317475401946f,0.048594584703165494f,-0.023935653152820535f,0.13201831856684695f,0.047378104611345326f,0.9976741043144678f,0.049007109522605424f,1.899508450050302f,0.026261461455175553f,0.047801128834485646f,-0.9985115861743354f,0.2637542646398899f,0f,0f,0f,1f], start_interpolation: 0, interpolation_duration: 1 }
$data merge entity $(bone_body) { transformation: [-0.9899785832790644f,0.14121611663278583f,0.0006426911637121937f,-6.403984274441296e-18f,0.13786683709399974f,0.9654933292951052f,0.2209419976291288f,0.9984302951388888f,0.030580056874914708f,0.2188164515977006f,-0.9752867376478151f,0.0522925f,0f,0f,0f,1f], start_interpolation: 0, interpolation_duration: 1 }
$data merge entity $(bone_shoe_right) { transformation: [-0.9632324245911698f,0.005124300293839015f,0.2686206205091391f,-0.12302605556685935f,0.0056583882086423155f,0.9999832541789315f,0.0012140859091431327f,0.2505947498890908f,-0.26860990089551173f,0.0026894066656130092f,-0.9632452897537005f,0.06705168463127645f,0f,0f,0f,1f], start_interpolation: 0, interpolation_duration: 1 }
$data merge entity $(bone_lowerleg_right) { transformation: [-0.9626231574439367f,-0.005614320021373609f,0.2707861447034607f,-0.1228946299919849f,-0.005494278997202738f,0.9999841846938691f,0.0012013577481033901f,0.687505930739799f,-0.27078860694454415f,-0.0003313198388787023f,-0.96263877990459f,0.0626242449395795f,0f,0f,0f,1f], start_interpolation: 0, interpolation_duration: 1 }
$data merge entity $(bone_leg_right) { transformation: [-0.9626231574439367f,-0.005614320021373609f,0.2707861447034607f,-0.125f,-0.005494278997202738f,0.9999841846938691f,0.0012013577481033901f,1.0625f,-0.27078860694454415f,-0.0003313198388787023f,-0.96263877990459f,0.062499999999999986f,0f,0f,0f,1f], start_interpolation: 0, interpolation_duration: 1 }
$data merge entity $(bone_shoe_left) { transformation: [-0.9119767201812524f,0.12765397930136752f,-0.3915542707178878f,0.08815696940127858f,-0.22873910130852182f,0.6157166110390068f,0.7352369772914924f,0.439025477564473f,0.34055379219737897f,0.7554046600721354f,-0.5547168713902384f,-0.4144704187397762f,0f,0f,0f,1f], start_interpolation: 0, interpolation_duration: 1 }
$data merge entity $(bone_lowerleg_left) { transformation: [-0.9119180133331617f,0.17639391297078344f,-0.3777443789875997f,0.15987675923518688f,-0.2288622908680793f,0.6218523863135421f,0.7924865628793722f,0.7060732681766085f,0.34062822663002285f,0.8900476375470076f,-0.4788258888144117f,-0.03914080011828297f,0f,0f,0f,1f], start_interpolation: 0, interpolation_duration: 1 }
$data merge entity $(bone_leg_left) { transformation: [-0.9119180133331617f,-0.11268742886974761f,-0.3945973648330981f,0.12499999999999999f,-0.2288622908680793f,0.9377914805439426f,0.26109230329102945f,0.9963197314049588f,0.34062822663002285f,0.32840323139994504f,-0.8809788469815606f,0.06250000000000001f,0f,0f,0f,1f], start_interpolation: 0, interpolation_duration: 1 }
$data merge entity $(bone_string2) { transformation: [-0.00001f,0f,1.2246467991473532e-21f,-0.023437265625000366f,0f,0.00001f,0f,2.6507090934625004f,-1.2246467991473532e-21f,0f,-0.00001f,3.0009555072375003f,0f,0f,0f,1f], start_interpolation: 0, interpolation_duration: 1 }
$data merge entity $(bone_string) { transformation: [-0.00001f,0f,1.2246467991473532e-21f,-0.023437265625000366f,0f,0.00001f,0f,2.65070741268125f,-1.2246467991473532e-21f,0f,-0.00001f,3.00095647476875f,0f,0f,0f,1f], start_interpolation: 0, interpolation_duration: 1 }
$data merge entity $(bone_flame) { transformation: [-0.000007071067811865475f,-0.000003062142828407147f,-0.000006373639564521569f,-0.023437265625000366f,0f,0.00000901368751382415f,-0.000004330523917856897f,2.65071005016875f,0.000007071067811865476f,-0.000003062142828407147f,-0.000006373639564521568f,3.0009531975375f,0f,0f,0f,1f], start_interpolation: 0, interpolation_duration: 1 }
$data merge entity $(bone_bomb) { transformation: [-0.00001f,0f,1.2246467991473532e-21f,-0.023437500000000368f,0f,0.00001f,0f,2.65070125f,-1.2246467991473532e-21f,0f,-0.00001f,3.00095703125f,0f,0f,0f,1f], start_interpolation: 0, interpolation_duration: 1 }