# This file was generated by Animated Java via MC-Build. It is not recommended to edit this file directly.
$data merge entity $(bone_hammer) { transformation: [-0.000010503894835371809f,-0.000012545803326301687f,0.000012895688813048521f,0.7053490926072021f,-0.000016347130186547812f,4.1823754398507475e-7f,-0.00001290829926050044f,2.266484747277369f,0.000007514473083941713f,-0.00001662695624678f,-0.000010055088165508886f,0.9191107372730893f,0f,0f,0f,1f], start_interpolation: 0, interpolation_duration: 1 }
$data merge entity $(bone_hand_left) { transformation: [-0.5041869520978468f,0.6189930630263288f,0.602198559662481f,0.49259288216344443f,-0.7846622489542949f,-0.6195983645040211f,-0.020075402111283724f,2.270204661658101f,0.36069470802920217f,-0.4826442319444266f,0.7980938998454398f,0.5119796493178567f,0f,0f,0f,1f], start_interpolation: 0, interpolation_duration: 1 }
$data merge entity $(bone_lowerarm_left) { transformation: [-0.7776150545302458f,0.46250109772311176f,0.4259196656328977f,0.6971050863128829f,-0.37745372389344467f,-0.885162661202788f,0.27205835684898394f,1.878796797407493f,0.502835473377619f,0.05079171012394357f,0.862888572699738f,0.5344391086382879f,0f,0f,0f,1f], start_interpolation: 0, interpolation_duration: 1 }
$data merge entity $(bone_arm_left) { transformation: [-0.1201855560972413f,-0.5053975792111209f,0.8544756983280071f,0.44677534785987455f,-0.8462246863622567f,-0.3979002778779792f,-0.3543714845409074f,1.6817118160210565f,0.5190946082331205f,-0.7656687637563419f,-0.37985804178816324f,0.15519379909022477f,0f,0f,0f,1f], start_interpolation: 0, interpolation_duration: 1 }
$data merge entity $(bone_bread) { transformation: [-0.0000063687849564073135f,-5.394678751726359e-7f,-0.000007690744605738554f,-0.5188223654664997f,-0.000003248172733589789f,0.000009234678712484357f,0.000002042078100845344f,0.7063647883379797f,0.00000699199199597681f,0.000003798642321783537f,-0.000006056596770410857f,-0.07672628478041421f,0f,0f,0f,1f], start_interpolation: 0, interpolation_duration: 1 }
$data merge entity $(bone_hand_right) { transformation: [-0.6368784956407313f,-0.05394678751726359f,-0.7690744605738554f,-0.4742938236417149f,-0.32481727335897886f,0.9234678712484355f,0.20420781008453437f,0.862546329328072f,0.699199199597681f,0.37986423217835363f,-0.6056596770410857f,0.12577642561359142f,0f,0f,0f,1f], start_interpolation: 0, interpolation_duration: 1 }
$data merge entity $(bone_lowerarm_right) { transformation: [-0.6229213739567899f,0.14315528617839757f,-0.7690744605738554f,-0.4109923455347047f,-0.02723716228966222f,0.9785485717586456f,0.20420781008453437f,1.295248275902598f,0.7818101424631123f,0.14815281552604992f,-0.6056596770410857f,0.1912877487290166f,0f,0f,0f,1f], start_interpolation: 0, interpolation_duration: 1 }
$data merge entity $(bone_arm_right) { transformation: [-0.5690076144642714f,0.3556047036197851f,-0.7414685626816314f,-0.2348568907730299f,0.13946769965249087f,0.9303345117677966f,0.3391555055832326f,1.756054588762585f,0.8104190862975291f,0.08957115036249318f,-0.5789627911942336f,0.235653459142939f,0f,0f,0f,1f], start_interpolation: 0, interpolation_duration: 1 }
$data merge entity $(bone_uppertail) { transformation: [-0.08984763716847938f,-0.3838708315988487f,0.9190052158409385f,0.5191701521495735f,0.84119860900839f,0.46476123798597113f,0.27637274081952645f,1.3587503991232752f,-0.533209435679444f,0.7978973469772638f,0.2811539104993086f,-0.3793231176491453f,0f,0f,0f,1f], start_interpolation: 0, interpolation_duration: 1 }
$data merge entity $(bone_middletail) { transformation: [-0.469817970223816f,-0.08883841138240664f,0.8782817381215575f,0.18622829176606032f,0.6455847302777018f,0.6439916192561167f,0.4104816078220217f,1.2031569954657164f,-0.602072612636583f,0.7598569148141875f,-0.24520611354944677f,-0.2863553553894546f,0f,0f,0f,1f], start_interpolation: 0, interpolation_duration: 1 }
$data merge entity $(bone_tail) { transformation: [-0.8632779363503735f,0.13910319035716384f,0.48518193190090997f,0.03460893804702595f,0.3203137750896057f,0.893880056375943f,0.3136519253905298f,1.1051407687811758f,-0.3900644691566846f,0.42617924309590627f,-0.8162235984432908f,-0.03128548087592627f,0f,0f,0f,1f], start_interpolation: 0, interpolation_duration: 1 }
$data merge entity $(bone_hair) { transformation: [-0.682462687043735f,0.15479792596174113f,-0.024001824377437482f,0.2824006071999906f,0.15383740363681858f,0.6820011326360177f,0.049662294765449894f,2.235774955550993f,0.024056891638935405f,0.03020028478561503f,-0.9984776256407473f,0.5632559029689133f,0f,0f,0f,1f], start_interpolation: 0, interpolation_duration: 1 }
$data merge entity $(bone_ear_left) { transformation: [-0.1327350785851745f,0.7379253363055184f,-0.8125097221817372f,0.2943511734013178f,0.5299100147331443f,0.9534295138762026f,0.4258040413761449f,2.243101863521458f,0.8376017999016635f,-0.48624927774565985f,-0.39814428252569245f,0.33339800887684906f,0f,0f,0f,1f], start_interpolation: 0, interpolation_duration: 1 }
$data merge entity $(bone_ear_right) { transformation: [-0.38575925545950807f,0.11652207450344243f,0.9182351746537256f,0.011019253823157854f,0.09606207191752753f,1.2918906928824876f,-0.056648245252240007f,2.28825037723772f,-0.9175848054355726f,0.08626148501515722f,-0.3919631874787273f,0.34245445795334517f,0f,0f,0f,1f], start_interpolation: 0, interpolation_duration: 1 }
$data merge entity $(bone_head) { transformation: [-0.9985356044172733f,0.04848256529501609f,-0.024001824377437482f,0.1333819906292836f,0.04724573422254355f,0.9976479825451473f,0.049662294765449894f,1.8982559489685609f,0.02635312711621969f,0.04845558570497466f,-0.9984776256407473f,0.26522443777811655f,0f,0f,0f,1f], start_interpolation: 0, interpolation_duration: 1 }
$data merge entity $(bone_body) { transformation: [-0.9897689699078509f,0.14267657215051063f,0.0008842889414313462f,-6.403984274441296e-18f,0.13929340699715825f,0.9649201365291499f,0.22254544903837234f,0.997725f,0.030898753610393955f,0.22039175547181178f,-0.97492191540932f,0.0522925f,0f,0f,0f,1f], start_interpolation: 0, interpolation_duration: 1 }
$data merge entity $(bone_shoe_right) { transformation: [-0.9632547237029081f,0.004911430914285026f,0.268544624057918f,-0.12267841342871068f,0.005465321561957225f,0.9999842003569775f,0.001315027239586964f,0.25059577479537304f,-0.26853392248328456f,0.0027343889245415747f,-0.9632663471714097f,0.06707042426170898f,0f,0f,0f,1f], start_interpolation: 0, interpolation_duration: 1 }
$data merge entity $(bone_lowerleg_right) { transformation: [-0.9624198459561727f,-0.0060463999494089005f,0.27149858407982314f,-0.12273260001897167f,-0.005916144629035786f,0.9999816567168166f,0.0012982536805705716f,0.6875068787311938f,-0.27150145366539996f,-0.0003567597827279027f,-0.9624379633929826f,0.06263378491852295f,0f,0f,0f,1f], start_interpolation: 0, interpolation_duration: 1 }
$data merge entity $(bone_leg_right) { transformation: [-0.9624198459561727f,-0.0060463999494089005f,0.27149858407982314f,-0.125f,-0.005916144629035786f,0.9999816567168166f,0.0012982536805705716f,1.0625f,-0.27150145366539996f,-0.0003567597827279027f,-0.9624379633929826f,0.062499999999999986f,0f,0f,0f,1f], start_interpolation: 0, interpolation_duration: 1 }
$data merge entity $(bone_shoe_left) { transformation: [-0.9114101470734951f,0.12391570486025019f,-0.3940040428073474f,0.08928119588031812f,-0.23170185763820986f,0.6171751594615567f,0.7320685108475387f,0.4363590723394019f,0.34006733594756294f,0.7526117173637112f,-0.5571768549685119f,-0.41833972986589313f,0f,0f,0f,1f], start_interpolation: 0, interpolation_duration: 1 }
$data merge entity $(bone_lowerleg_left) { transformation: [-0.9111859520094174f,0.17279227472492897f,-0.3808737501904665f,0.159441611890306f,-0.232167044058239f,0.6247194520872666f,0.78965666103538f,0.7045353456025049f,0.3403507374958238f,0.8887454281059173f,-0.4810171972999562f,-0.0436703401541947f,0f,0f,0f,1f], start_interpolation: 0, interpolation_duration: 1 }
$data merge entity $(bone_leg_left) { transformation: [-0.9111859520094174f,-0.11056697236053298f,-0.3968817273240437f,0.12499999999999999f,-0.232167044058239f,0.933598375816747f,0.27293320854302733f,0.9953512396694215f,0.3403507374958238f,0.3408357629348145f,-0.8763517320064426f,0.06250000000000001f,0f,0f,0f,1f], start_interpolation: 0, interpolation_duration: 1 }
$data merge entity $(bone_string2) { transformation: [-0.00001f,0f,1.2246467991473532e-21f,-0.023437265625000363f,0f,0.00001f,0f,2.6465587028375004f,-1.2246467991473532e-21f,0f,-0.00001f,2.9646395892687503f,0f,0f,0f,1f], start_interpolation: 0, interpolation_duration: 1 }
$data merge entity $(bone_string) { transformation: [-0.00001f,0f,1.2246467991473532e-21f,-0.023437265625000363f,0f,0.00001f,0f,2.64655702205625f,-1.2246467991473532e-21f,0f,-0.00001f,2.9646405568f,0f,0f,0f,1f], start_interpolation: 0, interpolation_duration: 1 }
$data merge entity $(bone_flame) { transformation: [-0.000007071067811865475f,-0.000003062142828407147f,-0.000006373639564521569f,-0.023437265625000363f,0f,0.00000901368751382415f,-0.000004330523917856897f,2.64655965954375f,0.000007071067811865476f,-0.000003062142828407147f,-0.000006373639564521568f,2.96463727956875f,0f,0f,0f,1f], start_interpolation: 0, interpolation_duration: 1 }
$data merge entity $(bone_bomb) { transformation: [-0.00001f,0f,1.2246467991473532e-21f,-0.023437500000000364f,0f,0.00001f,0f,2.646550859375f,-1.2246467991473532e-21f,0f,-0.00001f,2.96464111328125f,0f,0f,0f,1f], start_interpolation: 0, interpolation_duration: 1 }