# This file was generated by Animated Java via MC-Build. It is not recommended to edit this file directly.
$data merge entity $(bone_hammer) { transformation: [-0.00002073281711759157f,-0.0000017000532068732083f,0.000001134852959673752f,0.3160985691268568f,0.000001264419654482357f,-0.000019754980556491117f,-0.000006493825061379028f,2.75849619903266f,0.000001606024621118515f,-0.000006393617136194169f,0.000019762847026931702f,-0.7176805659604335f,0f,0f,0f,1f], start_interpolation: 0, interpolation_duration: 1 }
$data merge entity $(bone_hand_left) { transformation: [-0.9951752216443951f,0.05447294206434007f,0.081602553929914f,0.32482191767627255f,0.060692143415153124f,-0.31170360294619354f,0.9482390667115735f,2.306764480649697f,0.0770891818136887f,0.9486166572927216f,0.3068936225373203f,-0.8007294878189435f,0f,0f,0f,1f], start_interpolation: 0, interpolation_duration: 1 }
$data merge entity $(bone_lowerarm_left) { transformation: [-0.9859454656231073f,0.14578258472585096f,0.081602553929914f,0.38928515435973476f,0.03176297092221343f,-0.31596484937435426f,0.9482390667115735f,2.167048773816975f,0.1640202807442697f,0.9375039476986172f,0.3068936225373203f,-0.38617696094596127f,0f,0f,0f,1f], start_interpolation: 0, interpolation_duration: 1 }
$data merge entity $(bone_arm_left) { transformation: [-0.995757749507704f,-0.09193217283984301f,0.003870386582488093f,0.34375f,0.06759360761393714f,-0.7023009857111633f,0.7086638340418263f,1.8191903168319143f,-0.062430829764514355f,0.705919117934961f,0.7055356762268231f,-0.03652639784380086f,0f,0f,0f,1f], start_interpolation: 0, interpolation_duration: 1 }
$data merge entity $(bone_bread) { transformation: [-0.00000995175221644395f,-5.447294206434031e-7f,-8.160255392991408e-7f,-0.2609078294881625f,-6.069214341515313e-7f,-0.0000031170360294619355f,0.000009482390667115736f,2.4966462523014314f,-7.708918181368896e-7f,0.000009486166572927217f,0.0000030689362253732023f,-0.9696466438256728f,0f,0f,0f,1f], start_interpolation: 0, interpolation_duration: 1 }
$data merge entity $(bone_hand_right) { transformation: [-0.995175221644395f,-0.05447294206434031f,-0.08160255392991407f,-0.32482191767627233f,-0.060692143415153124f,-0.31170360294619354f,0.9482390667115735f,2.306137946854558f,-0.07708918181368896f,0.9486166572927216f,0.3068936225373202f,-0.8053165267234106f,0f,0f,0f,1f], start_interpolation: 0, interpolation_duration: 1 }
$data merge entity $(bone_lowerarm_right) { transformation: [-0.9859454656231071f,-0.14578258472585118f,-0.08160255392991407f,-0.38928515435973465f,-0.03176297092221343f,-0.31596484937435426f,0.9482390667115735f,2.1664222400218356f,-0.16402028074426994f,0.9375039476986172f,0.3068936225373202f,-0.39076399985042826f,0f,0f,0f,1f], start_interpolation: 0, interpolation_duration: 1 }
$data merge entity $(bone_arm_right) { transformation: [-0.995757749507704f,0.09193217283984284f,-0.0038703865824882655f,-0.34375f,-0.06759360761393714f,-0.7023009857111633f,0.7086638340418263f,1.818563783036775f,0.06243082976451411f,0.705919117934961f,0.7055356762268231f,-0.04111343674826782f,0f,0f,0f,1f], start_interpolation: 0, interpolation_duration: 1 }
$data merge entity $(bone_uppertail) { transformation: [-0.9999993591528836f,-0.0011316030806749595f,-0.00003418025494968292f,0.022089189956296277f,-0.0011238877104931702f,0.9959100938345833f,-0.09034280200882483f,0.6286486381725466f,0.00013627265398422284f,-0.09034270569813219f,-0.995910727403267f,-0.5097418110279998f,0f,0f,0f,1f], start_interpolation: 0, interpolation_duration: 1 }
$data merge entity $(bone_middletail) { transformation: [-0.9999993591528836f,-0.000981070081901977f,0.0005649737307329712f,0.021875000000000023f,-0.0011238877104931702f,0.8002078298544757f,-0.5997217404063362f,0.8560074092046595f,0.00013627265398422284f,-0.5997219910434209f,-0.8002084196562036f,-0.20640942265777792f,0f,0f,0f,1f], start_interpolation: 0, interpolation_duration: 1 }
$data merge entity $(bone_tail) { transformation: [-1f,1.0908086655867823e-16f,5.566832472265005e-17f,0.021875000000000006f,0f,0.45456636771850056f,-0.8907128703118694f,1.1343551811771186f,-1.2246467991473532e-16f,-0.8907128703118694f,-0.45456636771850056f,-0.06435743274574648f,0f,0f,0f,1f], start_interpolation: 0, interpolation_duration: 1 }
$data merge entity $(bone_hair) { transformation: [-0.6893654271085455f,0.12155372436685122f,1.2236474689208028e-16f,0.12499999999999997f,0.12145453469763871f,0.6888028945408468f,-0.04039015018164871f,2.356125577466709f,-0.004909573182315937f,-0.027843573130950545f,-0.9991839849438661f,0.20245631232229702f,0f,0f,0f,1f], start_interpolation: 0, interpolation_duration: 1 }
$data merge entity $(bone_ear_left) { transformation: [-0.25266268229473954f,0.7508404999967166f,-0.7762569860316955f,0.142644375f,0.49535059985973756f,0.9963042118267069f,0.40899564611605654f,2.3648982608027427f,0.8311373846688798f,-0.3655358546860275f,-0.47973706662618554f,-0.02767080486759308f,0f,0f,0f,1f], start_interpolation: 0, interpolation_duration: 1 }
$data merge entity $(bone_ear_right) { transformation: [-0.21616947828366506f,-0.7896348240634866f,0.7644096702759359f,-0.142644375f,-0.5288464460294268f,0.9502590841220665f,0.4312846509641244f,2.341769001892005f,-0.8207266251198464f,-0.40433218727887343f,-0.47924044678155925f,-0.026735847687462358f,0f,0f,0f,1f], start_interpolation: 0, interpolation_duration: 1 }
$data merge entity $(bone_head) { transformation: [-1f,4.946366813703697e-18f,1.2236474689208028e-16f,8.233134209916366e-18f,0f,0.9991839849438661f,-0.04039015018164871f,1.9865401243371612f,-1.2246467991473532e-16f,-0.04039015018164871f,-0.9991839849438661f,-0.06722864270456261f,0f,0f,0f,1f], start_interpolation: 0, interpolation_duration: 1 }
$data merge entity $(bone_body) { transformation: [-1f,1.6573304306344906e-17f,1.2133805425746643e-16f,-6.403984274441296e-18f,0f,0.9908004033648453f,-0.1353312997501311f,1.0592853308488848f,-1.2246467991473532e-16f,-0.1353312997501311f,-0.9908004033648453f,0.0522925f,0f,0f,0f,1f], start_interpolation: 0, interpolation_duration: 1 }
$data merge entity $(bone_shoe_right) { transformation: [-0.9991896814669553f,0.000011622196975626109f,0.04024897905399254f,-0.17369814733516473f,0.0000588453331513486f,0.9999993113698772f,0.0011720908660017783f,0.2520436000513813f,-0.04024893771506223f,0.0011735095636320777f,-0.9991889940787544f,0.06441407306885877f,0f,0f,0f,1f], start_interpolation: 0, interpolation_duration: 1 }
$data merge entity $(bone_lowerleg_right) { transformation: [-0.9974985348982767f,0.05810931561206677f,0.04024897905399254f,-0.14679099335452503f,0.058203534646356345f,0.9983040492543703f,0.0011720908660017783f,0.6881359815296111f,-0.040112609369896565f,0.0035117917684539504f,-0.9991889940787544f,0.061183078086829754f,0f,0f,0f,1f], start_interpolation: 0, interpolation_duration: 1 }
$data merge entity $(bone_leg_right) { transformation: [-0.9974985348982767f,0.05810931561206677f,0.04024897905399254f,-0.125f,0.058203534646356345f,0.9983040492543703f,0.0011720908660017783f,1.0625f,-0.040112609369896565f,0.0035117917684539504f,-0.9991889940787544f,0.062499999999999986f,0f,0f,0f,1f], start_interpolation: 0, interpolation_duration: 1 }
$data merge entity $(bone_shoe_left) { transformation: [-0.8870108331782218f,-0.3547040496942346f,-0.2946938483721817f,0.39619803155148603f,-2.7755575615628914e-17f,0.6397946310703906f,-0.770002436764191f,0.49337288517937f,0.46174861323503374f,-0.6813801398269169f,-0.5661016156513123f,0.5805902769728699f,0f,0f,0f,1f], start_interpolation: 0, interpolation_duration: 1 }
$data merge entity $(bone_lowerleg_left) { transformation: [-0.8870108331782218f,-0.33139323423347994f,-0.3259775016001359f,0.248660582784426f,-2.7755575615628914e-17f,0.7153759834249901f,-0.7082485741532087f,0.8025087004688114f,0.46174861323503374f,-0.6366004799616841f,-0.626196954368576f,0.3000497693397207f,0f,0f,0f,1f], start_interpolation: 0, interpolation_duration: 1 }
$data merge entity $(bone_leg_left) { transformation: [-0.8870108331782218f,-0.3348378614230058f,-0.31795500999692516f,0.12499999999999999f,-2.7755575615628914e-17f,0.6885889873481514f,-0.725151850651191f,1.0568148148148149f,0.46174861323503374f,-0.6432175472268423f,-0.6107858913850319f,0.06250000000000001f,0f,0f,0f,1f], start_interpolation: 0, interpolation_duration: 1 }
$data merge entity $(bone_string2) { transformation: [-1f,0f,1.2246467991473532e-16f,1.2287114294639102e-16f,0f,1f,0f,2.9330075694444444f,-1.2246467991473532e-16f,0f,-1f,-0.9956535648148146f,0f,0f,0f,1f], start_interpolation: 0, interpolation_duration: 1 }
$data merge entity $(bone_string) { transformation: [-1f,0f,1.2246467991473532e-16f,1.1102230246251565e-16f,0f,1f,0f,2.7649294444444443f,-1.2246467991473532e-16f,0f,-1f,-0.8989004398148146f,0f,0f,0f,1f], start_interpolation: 0, interpolation_duration: 1 }
$data merge entity $(bone_flame) { transformation: [-0.7071067811865475f,-0.30621428284071467f,-0.6373639564521568f,1.5265566588595902e-16f,0f,0.9013687513824149f,-0.43305239178568966f,3.0286781944444443f,0.7071067811865476f,-0.30621428284071467f,-0.6373639564521568f,-1.2266235648148147f,0f,0f,0f,1f], start_interpolation: 0, interpolation_duration: 1 }
$data merge entity $(bone_bomb) { transformation: [-1f,0f,1.2246467991473532e-16f,-0.023437499999999896f,0f,1f,0f,2.1486613194444444f,-1.2246467991473532e-16f,0f,-1f,-0.8432523148148147f,0f,0f,0f,1f], start_interpolation: 0, interpolation_duration: 1 }