# This file was generated by Animated Java via MC-Build. It is not recommended to edit this file directly.
$data merge entity $(bone_hammer) { transformation: [-0.000010515349886136982f,-0.000012327597189916119f,0.000013095248835859088f,0.7011709422869512f,-0.000016173747199640203f,-1.52242457454086e-7f,-0.000013130670262178426f,2.275942389914444f,0.00000786543680109552f,-0.00001679389613922564f,-0.000009493562775410075f,0.9032507150441518f,0f,0f,0f,1f], start_interpolation: 0, interpolation_duration: 1 }
$data merge entity $(bone_hand_left) { transformation: [-0.504736794534575f,0.628571944121236f,0.5917246651159738f,0.4937827636815722f,-0.7763398655827295f,-0.6302721725845644f,0.007307637957795987f,2.2662335499655484f,0.3775409664525849f,-0.4556910132196837f,0.8061070146828305f,0.493457294615529f,0f,0f,0f,1f], start_interpolation: 0, interpolation_duration: 1 }
$data merge entity $(bone_lowerarm_left) { transformation: [-0.7873882909291942f,0.4623737901218596f,0.40771332761629026f,0.698238674001082f,-0.35832099623122854f,-0.8814583795788447f,0.30763157953970943f,1.876463672745528f,0.5016231084863041f,0.09613325792140193f,0.859728244129477f,0.5359662196026489f,0f,0f,0f,1f], start_interpolation: 0, interpolation_duration: 1 }
$data merge entity $(bone_arm_left) { transformation: [-0.12125180312558541f,-0.5059221678478029f,0.8540144965508334f,0.44764910023896715f,-0.8469802173566255f,-0.3959119876734265f,-0.3547931924699222f,1.680363516351034f,0.5176123179033872f,-0.7663526982379949f,-0.38050102530483026f,0.15638214875664205f,0f,0f,0f,1f], start_interpolation: 0, interpolation_duration: 1 }
$data merge entity $(bone_bread) { transformation: [-0.000006350065862410485f,-4.923947999088266e-7f,-0.000007709358657117448f,-0.5205677455198676f,-0.000003227157618060855f,0.000009236224448459113f,0.0000020682387787385596f,0.7066263728901198f,0.000007018697689118745f,0.0000038012767984861256f,-0.000006023966919734064f,-0.07768633205722941f,0f,0f,0f,1f], start_interpolation: 0, interpolation_duration: 1 }
$data merge entity $(bone_hand_right) { transformation: [-0.6350065862410484f,-0.049239479990882656f,-0.7709358657117448f,-0.4746598101939707f,-0.32271576180608547f,0.9236224448459112f,0.20682387787385595f,0.8626460628530505f,0.7018697689118745f,0.3801276798486125f,-0.6023966919734064f,0.1246330449633225f,0f,0f,0f,1f], start_interpolation: 0, interpolation_duration: 1 }
$data merge entity $(bone_lowerarm_right) { transformation: [-0.6204231423326867f,0.14398963649276064f,-0.7709358657117448f,-0.4109893928073281f,-0.030040866590609866f,0.9779168829075943f,0.20682387787385595f,1.2950686845137522f,0.783691693711577f,0.1514779017116924f,-0.6023966919734064f,0.19161467962646148f,0f,0f,0f,1f], start_interpolation: 0, interpolation_duration: 1 }
$data merge entity $(bone_arm_right) { transformation: [-0.5658227883550057f,0.3575511311542864f,-0.7429682098101216f,-0.2338898481574706f,0.13755814422876053f,0.9293908084375402f,0.34250617826275026f,1.7554075693179714f,0.812971296623999f,0.09159647265100125f,-0.5750545687701198f,0.23698355748641053f,0f,0f,0f,1f], start_interpolation: 0, interpolation_duration: 1 }
$data merge entity $(bone_uppertail) { transformation: [-0.04313791732109212f,-0.4060611247340644f,0.9128271923364824f,0.5292154642006416f,0.845890937740114f,0.4713266551721116f,0.24963915072243725f,1.3495864065285073f,-0.5316085416341136f,0.7829211627641547f,0.3231513752990618f,-0.3679000771154654f,0f,0f,0f,1f], start_interpolation: 0, interpolation_duration: 1 }
$data merge entity $(bone_middletail) { transformation: [-0.44026937565985236f,-0.09806258125987835f,0.8924945977498876f,0.190885596504855f,0.6535804393685534f,0.6465508731236456f,0.3934521289024374f,1.2004486086121768f,-0.6156260927956942f,0.7565419344753477f,-0.2205647642970341f,-0.28427345255980996f,0f,0f,0f,1f], start_interpolation: 0, interpolation_duration: 1 }
$data merge entity $(bone_tail) { transformation: [-0.854632548646532f,0.1412427299126027f,0.4996535780325892f,0.03474385336967089f,0.326969090150003f,0.893928157670539f,0.3065675504847751f,1.1046462490856845f,-0.40335396475107615f,0.4253738828026369f,-0.8101621065866981f,-0.031097794251466825f,0f,0f,0f,1f], start_interpolation: 0, interpolation_duration: 1 }
$data merge entity $(bone_hair) { transformation: [-0.6824843106499662f,0.15470094268827664f,-0.024023120156183388f,0.2835091907378382f,0.15372830733935347f,0.6820086015238402f,0.05014010920579434f,2.234510101056297f,0.024140696742587352f,0.030526804268610604f,-0.9984532333298304f,0.5649925354880914f,0f,0f,0f,1f], start_interpolation: 0, interpolation_duration: 1 }
$data merge entity $(bone_ear_left) { transformation: [-0.12925477338630542f,0.7400060264700328f,-0.8119508958536743f,0.29543871699183355f,0.5315216087427912f,0.9503322162997607f,0.4278873074525498f,2.241604366940597f,0.8371248311908625f,-0.4891418602520319f,-0.3970493607140333f,0.33512110083811836f,0f,0f,0f,1f], start_interpolation: 0, interpolation_duration: 1 }
$data merge entity $(bone_ear_right) { transformation: [-0.3861603917248005f,0.11534209402252314f,0.9181547155320702f,0.012228204498163156f,0.09587353565945084f,1.2919829491957875f,-0.05571497152545703f,2.2893439401780626f,-0.9174357835963807f,0.08646537072062536f,-0.3922853047134711f,0.34433261649020497f,0f,0f,0f,1f], start_interpolation: 0, interpolation_duration: 1 }
$data merge entity $(bone_head) { transformation: [-0.9985419674549351f,0.048340758467248994f,-0.024023120156183388f,0.1345345447539285f,0.047090397310646154f,0.997631426895703f,0.05014010920579434f,1.897113497603002f,0.026390030548538976f,0.04893574502196313f,-0.9984532333298304f,0.26680053531880227f,0f,0f,0f,1f], start_interpolation: 0, interpolation_duration: 1 }
$data merge entity $(bone_body) { transformation: [-0.9895899205291252f,0.14391135419474166f,0.0011451292482844723f,-6.403984274441296e-18f,0.1405002453016068f,0.9643493895362204f,0.22425417715464596f,0.9971282118055556f,0.031168417626629415f,0.2220805642890765f,-0.9745300163195064f,0.0522925f,0f,0f,0f,1f], start_interpolation: 0, interpolation_duration: 1 }
$data merge entity $(bone_shoe_right) { transformation: [-0.963414013338171f,0.004817125823542611f,0.2679743163111691f,-0.12248021923702622f,0.005382159231237739f,0.9999845721270242f,0.0013739977954715433f,0.2505964277703008f,-0.26796356331719423f,0.0027660091707218198f,-0.9634250764473694f,0.06708143567298123f,0f,0f,0f,1f], start_interpolation: 0, interpolation_duration: 1 }
$data merge entity $(bone_lowerleg_right) { transformation: [-0.9623411614549079f,-0.00629200401578164f,0.271771778621483f,-0.12264049849408189f,-0.006156067175053074f,0.9999801362403472f,0.0013527607596194573f,0.6875074489098698f,-0.271774891788324f,-0.0003712279648946902f,-0.9623607797407596f,0.06263921048683549f,0f,0f,0f,1f], start_interpolation: 0, interpolation_duration: 1 }
$data merge entity $(bone_leg_right) { transformation: [-0.9623411614549079f,-0.00629200401578164f,0.271771778621483f,-0.125f,-0.006156067175053074f,0.9999801362403472f,0.0013527607596194573f,1.0625f,-0.271774891788324f,-0.0003712279648946902f,-0.9623607797407596f,0.062499999999999986f,0f,0f,0f,1f], start_interpolation: 0, interpolation_duration: 1 }
$data merge entity $(bone_shoe_left) { transformation: [-0.9108523116281474f,0.1227511909002866f,-0.3956164177902546f,0.08931118103520691f,-0.23399716723860042f,0.6153471170240696f,0.7320903344050035f,0.4362480069311582f,0.339990282399322f,0.7523676454324921f,-0.5560190218223331f,-0.42196000744738293f,0f,0f,0f,1f], start_interpolation: 0, interpolation_duration: 1 }
$data merge entity $(bone_lowerleg_left) { transformation: [-0.9103734839500833f,0.17200896174368852f,-0.38310309979931273f,0.1591125980628601f,-0.23498585171706185f,0.6233632603453294f,0.7897086195239114f,0.7037829349085079f,0.3405903246033193f,0.8898489550095002f,-0.47915791882613823f,-0.0469041180362111f,0f,0f,0f,1f], start_interpolation: 0, interpolation_duration: 1 }
$data merge entity $(bone_leg_left) { transformation: [-0.9103734839500833f,-0.10916031380115233f,-0.39912923422297863f,0.12499999999999999f,-0.23498585171706185f,0.9303326248217002f,0.28153659919302265f,0.9945118801652892f,0.3405903246033193f,0.35009317771587556f,-0.8726012822036224f,0.06250000000000001f,0f,0f,0f,1f], start_interpolation: 0, interpolation_duration: 1 }
$data merge entity $(bone_string2) { transformation: [-0.00001f,0f,1.2246467991473532e-21f,-0.02343726562500036f,0f,0.00001f,0f,2.6448497184625004f,-1.2246467991473532e-21f,0f,-0.00001f,2.9496859759875003f,0f,0f,0f,1f], start_interpolation: 0, interpolation_duration: 1 }
$data merge entity $(bone_string) { transformation: [-0.00001f,0f,1.2246467991473532e-21f,-0.02343726562500036f,0f,0.00001f,0f,2.64484803768125f,-1.2246467991473532e-21f,0f,-0.00001f,2.94968694351875f,0f,0f,0f,1f], start_interpolation: 0, interpolation_duration: 1 }
$data merge entity $(bone_flame) { transformation: [-0.000007071067811865475f,-0.000003062142828407147f,-0.000006373639564521569f,-0.02343726562500036f,0f,0.00000901368751382415f,-0.000004330523917856897f,2.64485067516875f,0.000007071067811865476f,-0.000003062142828407147f,-0.000006373639564521568f,2.9496836662875f,0f,0f,0f,1f], start_interpolation: 0, interpolation_duration: 1 }
$data merge entity $(bone_bomb) { transformation: [-0.00001f,0f,1.2246467991473532e-21f,-0.02343750000000036f,0f,0.00001f,0f,2.644841875f,-1.2246467991473532e-21f,0f,-0.00001f,2.9496875f,0f,0f,0f,1f], start_interpolation: 0, interpolation_duration: 1 }