# This file was generated by Animated Java via MC-Build. It is not recommended to edit this file directly.
$data merge entity $(bone_hammer) { transformation: [-0.000010521514803093675f,-0.000012147214777534603f,0.000013257853415033041f,0.6981362015381691f,-0.0000160173660180824f,-6.489189544294779e-7f,-0.000013306038772344643f,2.283465469130841f,0.000008171259992732925f,-0.00001691306758446866f,-0.000009011461190735687f,0.8893371964627466f,0f,0f,0f,1f], start_interpolation: 0, interpolation_duration: 1 }
$data merge entity $(bone_hand_left) { transformation: [-0.5050327105484963f,0.6363769639215857f,0.583066309321661f,0.4951717305702017f,-0.7688335688679551f,-0.6386898610725428f,0.031148109812614788f,2.262108792231854f,0.3922204796511804f,-0.4325501371553131f,0.8118272440544955f,0.4777742225431711f,0f,0f,0f,1f], start_interpolation: 0, interpolation_duration: 1 }
$data merge entity $(bone_lowerarm_left) { transformation: [-0.7958094551698358f,0.46129056235727867f,0.39229877407709823f,0.6991486511125609f,-0.3415173145638282f,-0.8768808149251072f,0.3382986258757053f,1.874363056882158f,0.5000532320817459f,0.13524442131335648f,0.8553687576643272f,0.5375776150926709f,0f,0f,0f,1f], start_interpolation: 0, interpolation_duration: 1 }
$data merge entity $(bone_arm_left) { transformation: [-0.12216344624983548f,-0.5063123347996954f,0.8536532738940583f,0.4483658227820867f,-0.8477856638063244f,-0.39399284069091267f,-0.35500578830319723f,1.6792134779774404f,0.5160770878898163f,-0.7670837380064743f,-0.38111281563492594f,0.157631451111339f,0f,0f,0f,1f], start_interpolation: 0, interpolation_duration: 1 }
$data merge entity $(bone_bread) { transformation: [-0.000006333435093063664f,-4.816861537215526e-7f,-0.000007723702374590998f,-0.521269547925129f,-0.000003247368145696902f,0.000009224791325601273f,0.000002087540448811614f,0.7072589673986217f,0.000007024400333712674f,0.0000038303006994783674f,-0.000005998882937957099f,-0.07845449230601939f,0f,0f,0f,1f], start_interpolation: 0, interpolation_duration: 1 }
$data merge entity $(bone_hand_right) { transformation: [-0.6333435093063664f,-0.04816861537215525f,-0.7723702374590997f,-0.47484412218704847f,-0.32473681456969017f,0.9224791325601271f,0.2087540448811614f,0.8626609711253987f,0.7024400333712674f,0.3830300699478367f,-0.5998882937957098f,0.12422187430523782f,0f,0f,0f,1f], start_interpolation: 0, interpolation_duration: 1 }
$data merge entity $(bone_lowerarm_right) { transformation: [-0.6185150224683468f,0.14451084135231684f,-0.7723702374590997f,-0.4109432345265709f,-0.03231217950459597f,0.9774342288877634f,0.2087540448811614f,1.2948701692117066f,0.7851083301281698f,0.15407447851681566f,-0.5998882937957098f,0.19235168277439224f,0f,0f,0f,1f], start_interpolation: 0, interpolation_duration: 1 }
$data merge entity $(bone_arm_right) { transformation: [-0.5632926296005305f,0.359067669850964f,-0.744158465587484f,-0.23309252930351523f,0.13629738069949068f,0.9286794434218729f,0.3449311748452123f,1.7548567060316032f,0.8149383028500855f,0.09287033882483389f,-0.5720582686356197f,0.23835152247356778f,0f,0f,0f,1f], start_interpolation: 0, interpolation_duration: 1 }
$data merge entity $(bone_uppertail) { transformation: [-0.004100071326330168f,-0.4273088012649443f,0.9040964427408369f,0.537485685669997f,0.850770061793598f,0.4736400889894638f,0.22771773768806372f,1.343933239199513f,-0.5255221131130794f,0.770111845424786f,0.36159957710925883f,-0.35599157481748733f,0f,0f,0f,1f], start_interpolation: 0, interpolation_duration: 1 }
$data merge entity $(bone_middletail) { transformation: [-0.41465959821871207f,-0.10918029631798704f,0.9034030553972091f,0.19502041080796256f,0.6614078738728525f,0.6456834993149677f,0.3816181901998f,1.199281448753634f,-0.6249776331870518f,0.7557595395417082f,-0.1955261527459088f,-0.2818566335857987f,0f,0f,0f,1f], start_interpolation: 0, interpolation_duration: 1 }
$data merge entity $(bone_tail) { transformation: [-0.8470160636867891f,0.14104797668933908f,0.51251268874866f,0.03486019557400634f,0.3326200624431701f,0.8927088117009625f,0.3040310371849509f,1.104271749633337f,-0.414641630708783f,0.4279911748895052f,-0.8030540905193512f,-0.03090223029850147f,0f,0f,0f,1f], start_interpolation: 0, interpolation_duration: 1 }
$data merge entity $(bone_hair) { transformation: [-0.6825111427662913f,0.15458391574342603f,-0.024004803655340176f,0.2843852874655527f,0.15360431073095998f,0.6820251671815186f,0.05045481016870254f,2.23342052319022f,0.02417138235016218f,0.030748728826586913f,-0.9984378205638591f,0.5667345111827042f,0f,0f,0f,1f], start_interpolation: 0, interpolation_duration: 1 }
$data merge entity $(bone_ear_left) { transformation: [-0.12598930292917898f,0.741943980604267f,-0.8114175065240025f,0.29630398813559133f,0.53314069347267f,0.9473479095854844f,0.4297846094867217f,2.2402629796528917f,0.8365929096704683f,-0.49198685739469505f,-0.39608940853640173f,0.33684951834671906f,0f,0f,0f,1f], start_interpolation: 0, interpolation_duration: 1 }
$data merge entity $(bone_ear_right) { transformation: [-0.3868063046990058f,0.11337033560672972f,0.9180281346562832f,0.013211505286856426f,0.09508796241846912f,1.2921787020008793f,-0.054358519941930805f,2.290569341923744f,-0.9172454208379586f,0.08614736850154307f,-0.39277155611019987f,0.3461978996214481f,0f,0f,0f,1f], start_interpolation: 0, interpolation_duration: 1 }
$data merge entity $(bone_head) { transformation: [-0.9985506859699f,0.04816946076624466f,-0.024004803655340176f,0.13547615233992347f,0.046911840999845036f,0.9976239729000329f,0.05045481016870254f,1.8960937702384946f,0.02637814859021534f,0.04925557577212719f,-0.9984378205638591f,0.26843078450133145f,0f,0f,0f,1f], start_interpolation: 0, interpolation_duration: 1 }
$data merge entity $(bone_body) { transformation: [-0.9894422774969058f,0.14492057792457982f,0.0014161905739615076f,-6.403984274441296e-18f,0.14148748012933637f,0.963794229813395f,0.2260132198457767f,0.9966399305555556f,0.031389050135144855f,0.22382740822430694f,-0.9741232051743778f,0.0522925f,0f,0f,0f,1f], start_interpolation: 0, interpolation_duration: 1 }
$data merge entity $(bone_shoe_right) { transformation: [-0.9636877244214515f,0.004828093715032869f,0.26698812578555536f,-0.12241654248293164f,0.005396399822078358f,0.9999844664209208f,0.0013949142721380971f,0.2505966507169132f,-0.26697724372756f,0.0027850364351659725f,-0.9636988092260412f,0.06708547897488493f,0f,0f,0f,1f], start_interpolation: 0, interpolation_duration: 1 }
$data merge entity $(bone_lowerleg_right) { transformation: [-0.9623730396823118f,-0.006369803586489637f,0.2716570597184935f,-0.12261132365506638f,-0.006232351699351374f,0.9999796419704932f,0.0013687354967015213f,0.6875076342610651f,-0.2716602478923319f,-0.0003758281972956292f,-0.9623931465197801f,0.06264093557398585f,0f,0f,0f,1f], start_interpolation: 0, interpolation_duration: 1 }
$data merge entity $(bone_leg_right) { transformation: [-0.9623730396823118f,-0.006369803586489637f,0.2716570597184935f,-0.125f,-0.006232351699351374f,0.9999796419704932f,0.0013687354967015213f,1.0625f,-0.2716602478923319f,-0.0003758281972956292f,-0.9623931465197801f,0.062499999999999986f,0f,0f,0f,1f], start_interpolation: 0, interpolation_duration: 1 }
$data merge entity $(bone_shoe_left) { transformation: [-0.9103161470289178f,0.12422877638202935f,-0.3963665285422336f,0.08820154892344222f,-0.2356645432207758f,0.6100188003902188f,0.7354868831883983f,0.43878005643245827f,0.34027450025967093f,0.7548237167940786f,-0.5509982986067112f,-0.4254407375920284f,0f,0f,0f,1f], start_interpolation: 0, interpolation_duration: 1 }
$data merge entity $(bone_lowerleg_left) { transformation: [-0.9095131472104234f,0.17411862005078235f,-0.38435689183447225f,0.15887563266209243f,-0.23732547400253412f,0.6175338390552236f,0.7927880851794267f,0.7038007374505908f,0.34126595851456254f,0.8934957547595448f,-0.473029419483484f,-0.048891923201647355f,0f,0f,0f,1f], start_interpolation: 0, interpolation_duration: 1 }
$data merge entity $(bone_leg_left) { transformation: [-0.9095131472104234f,-0.10840202451869577f,-0.4012914603273271f,0.12499999999999999f,-0.23732547400253412f,0.9280029294143075f,0.28720581886155483f,0.993801652892562f,0.34126595851456254f,0.3564541542452716f,-0.8697574268038331f,0.06250000000000001f,0f,0f,0f,1f], start_interpolation: 0, interpolation_duration: 1 }