# This file was generated by Animated Java via MC-Build. It is not recommended to edit this file directly.
$data merge entity $(bone_hammer) { transformation: [-0.00001052295896908451f,-0.00001200085264558253f,0.000013389348307208843f,0.695983262350784f,-0.000015881368487016832f,-0.000001070657107554626f,-0.000013441116252581445f,2.2893347198236986f,0.000008430732310560583f,-0.000016995911476435597f,-0.000008607527146086289f,0.8774854104588459f,0f,0f,0f,1f], start_interpolation: 0, interpolation_duration: 1 }
$data merge entity $(bone_hand_left) { transformation: [-0.5051020305160565f,0.6426887187460242f,0.5760409269879615f,0.4965995985279228f,-0.7623056873768078f,-0.6451735801239092f,0.0513915411626219f,2.2581225706901558f,0.40467515090690787f,-0.413161303012142f,0.8158037508689083f,0.46480306049456926f,0f,0f,0f,1f], start_interpolation: 0, interpolation_duration: 1 }
$data merge entity $(bone_lowerarm_left) { transformation: [-0.8029711488672124f,0.4596206808555526f,0.37945508801009187f,0.6998381183437374f,-0.32706663114245677f,-0.8720250722602072f,0.3641424064053839f,1.8725239840500953f,0.49826173130192597f,0.16828874911727734f,0.8505375618046206f,0.5392182417448653f,0f,0f,0f,1f], start_interpolation: 0, interpolation_duration: 1 }
$data merge entity $(bone_arm_left) { transformation: [-0.12291411680957724f,-0.5065746140033269f,0.8533898759279379f,0.44892537984521447f,-0.848612586391444f,-0.3921871681278129f,-0.35502944015096827f,1.678268777336788f,0.5145374603534179f,-0.7678355198890359f,-0.3816802539951319f,0.1588997107998272f,0f,0f,0f,1f], start_interpolation: 0, interpolation_duration: 1 }
$data merge entity $(bone_bread) { transformation: [-0.000006321271298425376f,-4.75451781711298e-7f,-0.000007734046468374176f,-0.5216281691846802f,-0.000003263031326858076f,0.000009216341592706838f,0.0000021003985827658592f,0.7076461838527401f,0.000007028097589792445f,0.0000038513625186172175f,-0.00000598104096445962f,-0.07848309676992735f,0f,0f,0f,1f], start_interpolation: 0, interpolation_duration: 1 }
$data merge entity $(bone_hand_right) { transformation: [-0.6321271298425376f,-0.0475451781711298f,-0.7734046468374176f,-0.47486104167009624f,-0.3263031326858076f,0.9216341592706838f,0.2100398582765859f,0.862604728115766f,0.7028097589792445f,0.38513625186172173f,-0.598104096445962f,0.12445408031677233f,0f,0f,0f,1f], start_interpolation: 0, interpolation_duration: 1 }
$data merge entity $(bone_lowerarm_right) { transformation: [-0.6171674695731763f,0.14473965161949065f,-0.7734046468374176f,-0.4108589769696027f,-0.03406009201076304f,0.977099364480077f,0.2100398582765859f,1.2946658533468f,0.7860942848239394f,0.15597200127490324f,-0.598104096445962f,0.1934229496305186f,0f,0f,0f,1f], start_interpolation: 0, interpolation_duration: 1 }
$data merge entity $(bone_arm_right) { transformation: [-0.5613979954977613f,0.3601648695003389f,-0.7450594321454491f,-0.23246481504521613f,0.13563531583402638f,0.9281948824254318f,0.34649288786040455f,1.7544123810481467f,0.8163549177592424f,0.09346404130489332f,-0.5699378222519169f,0.23971685758934858f,0f,0f,0f,1f], start_interpolation: 0, interpolation_duration: 1 }
$data merge entity $(bone_uppertail) { transformation: [0.0274889757813217f,-0.4474785348330673f,0.8938720921217673f,0.5441365723665557f,0.8561131305578237f,0.4721764195138404f,0.21004698650914438f,1.341342992735446f,-0.5160568417306148f,0.7594816585795481f,0.39607189547389277f,-0.34399103072656234f,0f,0f,0f,1f], start_interpolation: 0, interpolation_duration: 1 }
$data merge entity $(bone_middletail) { transformation: [-0.3930600277042984f,-0.12178795489591944f,0.9114118216609688f,0.1986350801049124f,0.6691498202855032f,0.64194415690017f,0.37436107895133625f,1.1994421646432647f,-0.630668163643112f,0.7570174327345436f,-0.1708281999642497f,-0.27921859593610543f,0f,0f,0f,1f], start_interpolation: 0, interpolation_duration: 1 }
$data merge entity $(bone_tail) { transformation: [-0.8404812068379518f,0.1387678145096945f,0.5237698297997156f,0.034957008292501264f,0.33732586820424415f,0.8904817789467167f,0.3053742949302444f,1.1040126974775633f,-0.4240313662837609f,0.4333424685166387f,-0.7952431737446307f,-0.030705104140908317f,0f,0f,0f,1f], start_interpolation: 0, interpolation_duration: 1 }
$data merge entity $(bone_hair) { transformation: [-0.6825430312966254f,0.15444703684086514f,-0.02395247162441957f,0.2850307902520809f,0.1534651280957241f,0.68205047424631f,0.05062073945682749f,2.232514862783542f,0.024155017842607124f,0.030874963829288973f,-0.9984306785350325f,0.5684341770468845f,0f,0f,0f,1f], start_interpolation: 0, interpolation_duration: 1 }
$data merge entity $(bone_ear_left) { transformation: [-0.12301683365199992f,0.7436923024415225f,-0.8109264007592984f,0.2969479791164351f,0.5347143652262399f,0.9445606310892953f,0.4314564159460949f,2.239097303381203f,0.8360307448048401f,-0.49469887152228237f,-0.3952767811173841f,0.3385361550285455f,0f,0f,0f,1f], start_interpolation: 0, interpolation_duration: 1 }
$data merge entity $(bone_ear_right) { transformation: [-0.3876617591646457f,0.11070396019969311f,0.9178598281588024f,0.013969158724977004f,0.09377106050662914f,1.2924618917514945f,-0.052635109030707804f,2.2919289561240594f,-0.9170198191385147f,0.08536329167888103f,-0.3933991371998915f,0.3480034317233853f,0f,0f,0f,1f], start_interpolation: 0, interpolation_duration: 1 }
$data merge entity $(bone_head) { transformation: [-0.9985615935412064f,0.04796897963817785f,-0.02395247162441957f,0.13620702519923122f,0.046709751479919154f,0.9976250497323773f,0.05062073945682749f,1.8952096517596089f,0.026323810915798992f,0.04942911226133742f,-0.9984306785350325f,0.2700634953363541f,0f,0f,0f,1f], start_interpolation: 0, interpolation_duration: 1 }
$data merge entity $(bone_body) { transformation: [-0.9893267297883804f,0.14570439925488504f,0.0016881244035781783f,-6.403984274441296e-18f,0.14225521769937935f,0.9632680254132915f,0.22776778581195506f,0.99626015625f,0.0315606521404595f,0.2255769031930164f,-0.9737140165276031f,0.0522925f,0f,0f,0f,1f], start_interpolation: 0, interpolation_duration: 1 }
$data merge entity $(bone_shoe_right) { transformation: [-0.9640529655122471f,0.004931012590195954f,0.2656643837662055f,-0.12247247306045542f,0.0054956633193901355f,0.9999839436009542f,0.0013821088827170806f,0.25059646240334266f,-0.2656533029565457f,0.002792428176176539f,-0.9640645854781508f,0.06708330588863189f,0f,0f,0f,1f], start_interpolation: 0, interpolation_duration: 1 }
$data merge entity $(bone_lowerleg_right) { transformation: [-0.9625008314516181f,-0.006298443015542712f,0.2712056029482499f,-0.12263808386917148f,-0.0061631758325548965f,0.9999800955453667f,0.0013504727825358691f,0.6875074641704875f,-0.2712087106244946f,-0.00037165664170057933f,-0.96252049180926f,0.0626393712406377f,0f,0f,0f,1f], start_interpolation: 0, interpolation_duration: 1 }
$data merge entity $(bone_leg_right) { transformation: [-0.9625008314516181f,-0.006298443015542712f,0.2712056029482499f,-0.125f,-0.0061631758325548965f,0.9999800955453667f,0.0013504727825358691f,1.0625f,-0.2712087106244946f,-0.00037165664170057933f,-0.96252049180926f,0.062499999999999986f,0f,0f,0f,1f], start_interpolation: 0, interpolation_duration: 1 }
$data merge entity $(bone_shoe_left) { transformation: [-0.9098157399319801f,0.12515777350797974f,-0.39720906856357596f,0.08752857588269569f,-0.2367551024784515f,0.6070512935426579f,0.7370972625317145f,0.4400728055566418f,0.34085530775160516f,0.7557253698759727f,-0.5482547005891543f,-0.42738293920693493f,0f,0f,0f,1f], start_interpolation: 0, interpolation_duration: 1 }
$data merge entity $(bone_lowerleg_left) { transformation: [-0.9086362127349694f,0.1756279681571977f,-0.3858605265705573f,0.15882149742113333f,-0.23919318030220682f,0.6142648340985541f,0.7943241458021097f,0.703664208345667f,0.34229644374951845f,0.895451579031971f,-0.46921296383459055f,-0.05005877030777736f,0f,0f,0f,1f], start_interpolation: 0, interpolation_duration: 1 }
$data merge entity $(bone_leg_left) { transformation: [-0.9086362127349694f,-0.10822879174762673f,-0.4033196766133536f,0.12499999999999999f,-0.23919318030220682f,0.9265803184178322f,0.2902335887136855f,0.9932205578512396f,0.34229644374951845f,0.3601880649848876f,-0.8678120202203211f,0.06250000000000001f,0f,0f,0f,1f], start_interpolation: 0, interpolation_duration: 1 }