# This file was generated by Animated Java via MC-Build. It is not recommended to edit this file directly.
$data merge entity $(bone_hammer) { transformation: [-0.000010520296203565303f,-0.000011884708044664042f,0.000013494623383411812f,0.6944829633236917f,-0.000015768528794678183f,-0.0000014175864967974787f,-0.000013541481674960098f,2.2938059372375417f,0.00000864318490016454f,-0.000017052036271219124f,-0.000008279564696550943f,0.867752901600849f,0f,0f,0f,1f], start_interpolation: 0, interpolation_duration: 1 }
$data merge entity $(bone_hand_left) { transformation: [-0.5049742177711345f,0.6477419224037668f,0.5704659861438741f,0.4979358377577574f,-0.7568893821445526f,-0.6499911203980846f,0.06804415184627882f,2.2545167846484597f,0.41487287520789784f,-0.39741910543444536f,0.8184977410185177f,0.4544003214158447f,0f,0f,0f,1f], start_interpolation: 0, interpolation_duration: 1 }
$data merge entity $(bone_lowerarm_left) { transformation: [-0.8089536819041587f,0.4576663838206582f,0.36896533936702847f,0.7003101918534547f,-0.3149834754487168f,-0.8673720394559203f,0.38529359631886484f,1.8709757109515448f,0.49636614583183736f,0.19546668844229834f,0.8458211530704632f,0.5408332477114235f,0f,0f,0f,1f], start_interpolation: 0, interpolation_duration: 1 }
$data merge entity $(bone_arm_left) { transformation: [-0.1234973366807441f,-0.5067156326109614f,0.8532219380093526f,0.4493276050758378f,-0.84943282737888f,-0.3905393571792307f,-0.35488432237160655f,1.677536685598707f,0.5130421811156314f,-0.7685819918276159f,-0.38219032200516245f,0.16014497988430745f,0f,0f,0f,1f], start_interpolation: 0, interpolation_duration: 1 }
$data merge entity $(bone_bread) { transformation: [-0.000006313349537069281f,-4.733687338108206e-7f,-0.000007740642070567365f,-0.5216727142471056f,-0.000003274211954364713f,0.000009210820676855873f,0.000002107206334628753f,0.7078109969186376f,0.0000070300180441221f,0.0000038648032939148f,-0.000005970104002332208f,-0.07786135437573855f,0f,0f,0f,1f], start_interpolation: 0, interpolation_duration: 1 }
$data merge entity $(bone_hand_right) { transformation: [-0.631334953706928f,-0.047336873381082056f,-0.7740642070567365f,-0.4747280640238083f,-0.3274211954364713f,0.9210820676855872f,0.21072063346287526f,0.8624937953272209f,0.7030018044122099f,0.3864803293914799f,-0.5970104002332207f,0.1252451304835634f,0f,0f,0f,1f], start_interpolation: 0, interpolation_duration: 1 }
$data merge entity $(bone_lowerarm_right) { transformation: [-0.6163493193062353f,0.14470010347047452f,-0.7740642070567365f,-0.4107434870204578f,-0.03529242454956724f,0.9769090333303392f,0.21072063346287526f,1.2944707585029802f,0.786681613716854f,0.1571961216226924f,-0.5970104002332207f,0.1947552905135977f,0f,0f,0f,1f], start_interpolation: 0, interpolation_duration: 1 }
$data merge entity $(bone_arm_right) { transformation: [-0.5601176242347091f,0.36085686199904404f,-0.7456879858022843f,-0.2320065725615563f,0.13552253615907373f,0.9279281216886622f,0.3472506921121453f,1.7540851562768958f,0.8172526471139004f,0.09344370566043642f,-0.568653132109345f,0.2410391259735326f,0f,0f,0f,1f], start_interpolation: 0, interpolation_duration: 1 }
$data merge entity $(bone_uppertail) { transformation: [0.05195313819680292f,-0.46636563055202573f,0.8830650995658901f,0.5492990180856238f,0.8619847932156739f,0.46744559421174464f,0.19615512411599437f,1.3413563001196844f,-0.5042648983385976f,0.7509978129740728f,0.4262853471698547f,-0.3322492699537385f,0f,0f,0f,1f], start_interpolation: 0, interpolation_duration: 1 }
$data merge entity $(bone_middletail) { transformation: [-0.3754859313300046f,-0.13539222600485046f,0.9168856310962075f,0.20172224371825567f,0.6767731366962763f,0.6358476830287016f,0.3710469585285875f,1.200711674820828f,-0.6332364778023473f,0.7598464773389972f,-0.1471220379684638f,-0.2764633418726074f,0f,0f,0f,1f], start_interpolation: 0, interpolation_duration: 1 }
$data merge entity $(bone_tail) { transformation: [-0.8350627205462069f,0.1347212478657453f,0.5334045726533134f,0.035033314764095234f,0.3411329602666453f,0.8874590786507909f,0.30991077286858704f,1.1038645582993944f,-0.43162316454713473f,0.44075681400720956f,-0.7870418506868179f,-0.030512763532976807f,0f,0f,0f,1f], start_interpolation: 0, interpolation_duration: 1 }
$data merge entity $(bone_hair) { transformation: [-0.6825798180328451f,0.1542904915613354f,-0.023871946989731975f,0.2854476944136952f,0.15331042322974153f,0.6820841169514629f,0.05065230682863314f,2.2318019414840617f,0.024097845201708858f,0.030914424081718475f,-0.9984310061090138f,0.5700439312404434f,0f,0f,0f,1f], start_interpolation: 0, interpolation_duration: 1 }
$data merge entity $(bone_ear_left) { transformation: [-0.1204165460948212f,0.7452053283168056f,-0.8104946894391016f,0.29737172200565554f,0.5361911223232368f,0.942055219614391f,0.432862639277347f,2.238127139599249f,0.8354633060573884f,-0.4971931031757411f,-0.3946242439446211f,0.3401339399897974f,0f,0f,0f,1f], start_interpolation: 0, interpolation_duration: 1 }
$data merge entity $(bone_ear_right) { transformation: [-0.3886912142108125f,0.10743996868580741f,0.9176539419799253f,0.014501231886730762f,0.09198810607707494f,1.2928156552459302f,-0.05060123631013365f,2.293425328454182f,-0.9167645981033938f,0.08416848982742363f,-0.3941456046343656f,0.3497026033381621f,0f,0f,0f,1f], start_interpolation: 0, interpolation_duration: 1 }
$data merge entity $(bone_head) { transformation: [-0.9985745136276698f,0.047739615417199024f,-0.023871946989731975f,0.13672741708206995f,0.04648375641436209f,0.9976340031306813f,0.05065230682863314f,1.8944742497811102f,0.026233587685882635f,0.04947044488651456f,-0.9984310061090138f,0.27164706521538695f,0f,0f,0f,1f], start_interpolation: 0, interpolation_duration: 1 }
$data merge entity $(bone_body) { transformation: [-0.9892438131354714f,0.14626301745723033f,0.0019513834831950765f,-6.403984274441296e-18f,0.14280354149241603f,0.9627843838141266f,0.22946324067457194f,0.9959888888888888f,0.03168322443212453f,0.227273755651546f,-0.9733153719538313f,0.0522925f,0f,0f,0f,1f], start_interpolation: 0, interpolation_duration: 1 }
$data merge entity $(bone_shoe_right) { transformation: [-0.96448684155358f,0.005112537769433648f,0.26408141628587894f,-0.12263311433508332f,0.0056676356484191516f,0.9999830408070894f,0.0013401508734631777f,0.25059593509461237f,-0.2640700861062387f,0.0027892751321786373f,-0.9644994606364904f,0.06707566275230767f,0f,0f,0f,1f], start_interpolation: 0, interpolation_duration: 1 }
$data merge entity $(bone_lowerleg_right) { transformation: [-0.9627095247456137f,-0.006096548902070814f,0.27046848810084956f,-0.12271379416172344f,-0.005966633776210132f,0.9999813511422296f,0.0013025548515644694f,0.6875069933216639f,-0.2704713852618338f,-0.00035980445439829305f,-0.96272794718721f,0.06263492667039934f,0f,0f,0f,1f], start_interpolation: 0, interpolation_duration: 1 }
$data merge entity $(bone_leg_right) { transformation: [-0.9627095247456137f,-0.006096548902070814f,0.27046848810084956f,-0.125f,-0.005966633776210132f,0.9999813511422296f,0.0013025548515644694f,1.0625f,-0.2704713852618338f,-0.00035980445439829305f,-0.96272794718721f,0.062499999999999986f,0f,0f,0f,1f], start_interpolation: 0, interpolation_duration: 1 }
$data merge entity $(bone_shoe_left) { transformation: [-0.9093632707718414f,0.12557489104905653f,-0.3981084853347312f,0.08726192590724127f,-0.2373186322170785f,0.6062133412859608f,0.7371376712893354f,0.44024519884807295f,0.34166988245052204f,0.755287275501337f,-0.5475716182477397f,-0.4279562438525838f,0f,0f,0f,1f], start_interpolation: 0, interpolation_duration: 1 }
$data merge entity $(bone_lowerleg_left) { transformation: [-0.9077730452788904f,0.1765600077636648f,-0.3875370017623089f,0.1589303593647972f,-0.24059668829896938f,0.61331575636806f,0.7945063416740558f,0.7033914923500628f,0.343600541100648f,0.8959187165413887f,-0.46751978065616506f,-0.05048616353955887f,0f,0f,0f,1f], start_interpolation: 0, interpolation_duration: 1 }
$data merge entity $(bone_leg_left) { transformation: [-0.9077730452788904f,-0.10857714996735109f,-0.4051655226818502f,0.12499999999999999f,-0.24059668829896938f,0.9260067286120306f,0.290903372522241f,0.9927685950413223f,0.343600541100648f,0.3615557233265884f,-0.8667272506879712f,0.06250000000000001f,0f,0f,0f,1f], start_interpolation: 0, interpolation_duration: 1 }