# This file was generated by Animated Java via MC-Build. It is not recommended to edit this file directly.
$data merge entity $(bone_hammer) { transformation: [-0.000010514163773293088f,-0.000011795190768430947f,0.000013577688045557322f,0.693438285786201f,-0.000015680920561464204f,-0.000001690800375073572f,-0.00001361167521705091f,2.297106019646752f,0.000008808454363348782f,-0.00001708924944536038f,-0.000008024740674989411f,0.8601504479567681f,0f,0f,0f,1f], start_interpolation: 0, interpolation_duration: 1 }
$data merge entity $(bone_hand_left) { transformation: [-0.5046798611180682f,0.6517290261867513f,0.5661691568846856f,0.4990748448070177f,-0.7526841869502817f,-0.6533604104184436f,0.0811584180035313f,2.251485163783136f,0.42280580944074153f,-0.3851875523994919f,0.8202839733772979f,0.4464158035939802f,0f,0f,0f,1f], start_interpolation: 0, interpolation_duration: 1 }
$data merge entity $(bone_lowerarm_left) { transformation: [-0.8138236538710026f,0.45567348708603f,0.36062824843168845f,0.7005679648778715f,-0.30527413479794213f,-0.8632931955300843f,0.4019111359179078f,1.8697477038846768f,0.4944681617894303f,0.21699431264047606f,0.8416737522688161f,0.5423679762146907f,0f,0f,0f,1f], start_interpolation: 0, interpolation_duration: 1 }
$data merge entity $(bone_arm_left) { transformation: [-0.12390660484972248f,-0.5067420248200355f,0.8531469237803678f,0.4495723057091977f,-0.8502184823011785f,-0.38909385435489674f,-0.35459061586106666f,1.677024654149517f,0.5116401915683473f,-0.7692974020393804f,-0.3826301367997094f,0.16132535676706003f,0f,0f,0f,1f], start_interpolation: 0, interpolation_duration: 1 }
$data merge entity $(bone_bread) { transformation: [-0.000006309447676585461f,-4.7508973693734556e-7f,-0.000007743717437916181f,-0.5214348009065388f,-0.0000032809666333045033f,0.000009208157362831403f,0.0000021083396150706743f,0.7077787920310281f,0.000007030371822853529f,0.000003870933701730197f,-0.0000059657140653266735f,-0.0766746691692115f,0f,0f,0f,1f], start_interpolation: 0, interpolation_duration: 1 }
$data merge entity $(bone_hand_right) { transformation: [-0.6309447676585461f,-0.04750897369373455f,-0.774371743791618f,-0.47446496890675016f,-0.3280966633304503f,0.9208157362831402f,0.21083396150706743f,0.8623469476964285f,0.7030371822853528f,0.3870933701730197f,-0.5965714065326673f,0.12651325526555451f,0f,0f,0f,1f], start_interpolation: 0, interpolation_duration: 1 }
$data merge entity $(bone_lowerarm_right) { transformation: [-0.616028943820059f,0.14441863727743467f,-0.774371743791618f,-0.4106048527356345f,-0.0360167171270471f,0.9768581456704073f,0.21083396150706743f,1.2943014089850617f,0.7868996991124936f,0.15777015067591862f,-0.5965714065326673f,0.19627724376756225f,0f,0f,0f,1f], start_interpolation: 0, interpolation_duration: 1 }
$data merge entity $(bone_arm_right) { transformation: [-0.5594292619815382f,0.3611602649468559f,-0.7460577483427863f,-0.23171765900414495f,0.13590938701130037f,0.9278674743785379f,0.3472615563413347f,1.7538857673881814f,0.8176597943894539f,0.09287202492629415f,-0.5681612866300252f,0.24227791861386733f,0f,0f,0f,1f], start_interpolation: 0, interpolation_duration: 1 }
$data merge entity $(bone_uppertail) { transformation: [0.06969162490586672f,-0.4837033761779764f,0.8724529335683425f,0.5530877800786577f,0.86828993102538f,0.45999831757867865f,0.18567213981835365f,1.3435135620375924f,-0.49113712250034713f,0.7446023043872562f,0.4520528013443415f,-0.3210929357831005f,0f,0f,0f,1f], start_interpolation: 0, interpolation_duration: 1 }
$data merge entity $(bone_middletail) { transformation: [-0.36190272538428375f,-0.1494332812827712f,0.9201609162556795f,0.2042691344734845f,0.6841524389447402f,0.6278991731533023f,0.37104995437186483f,1.2028676470683428f,-0.6332154906865366f,0.7638143248188419f,-0.12500327818159507f,-0.2736917379333804f,0f,0f,0f,1f], start_interpolation: 0, interpolation_duration: 1 }
$data merge entity $(bone_tail) { transformation: [-0.8307793486497189f,0.12928350151868584f,0.541379210990057f,0.03508813103909168f,0.34407622836272045f,0.8838316728939509f,0.3169434067229754f,1.103822832467413f,-0.4375125403149421f,0.4495857540275807f,-0.7787524811149032f,-0.030331587584973167f,0f,0f,0f,1f], start_interpolation: 0, interpolation_duration: 1 }
$data merge entity $(bone_hair) { transformation: [-0.6826213437283714f,0.15411445118302403f,-0.023769171554413656f,0.2856380593135141f,0.15313981657467024f,0.6821256526930858f,0.05056397276572777f,2.2312907564282667f,0.024006200572951865f,0.030876040461611097f,-0.9984379355482059f,0.5715162383975982f,0f,0f,0f,1f], start_interpolation: 0, interpolation_duration: 1 }
$data merge entity $(bone_ear_left) { transformation: [-0.1182683344247262f,0.746438187495718f,-0.8101396358786408f,0.2975762729133218f,0.5375204562384164f,0.9399171791746879f,0.4339627293011029f,2.2373724805915467f,0.8349157803022083f,-0.49938535074670065f,-0.3941447956728094f,0.3415958426084474f,0f,0f,0f,1f], start_interpolation: 0, interpolation_duration: 1 }
$data merge entity $(bone_ear_right) { transformation: [-0.3898592730099591f,0.1036754105174677f,0.9174146469185629f,0.014807843388318156f,0.08980460385815449f,1.293222952457478f,-0.04831338905594924f,2.2950611683085014f,-0.9164850682766338f,0.08261842706804767f,-0.3949888378893985f,0.3512490621056319f,0f,0f,0f,1f], start_interpolation: 0, interpolation_duration: 1 }
$data merge entity $(bone_head) { transformation: [-0.9985892646791185f,0.04748164857325797f,-0.023769171554413656f,0.13703761972310508f,0.04623343161083277f,0.9976501162530045f,0.05056397276572777f,1.8939008777778386f,0.02611417754982848f,0.04939371001587595f,-0.9984379355482059f,0.2731299765312064f,0f,0f,0f,1f], start_interpolation: 0, interpolation_duration: 1 }
$data merge entity $(bone_body) { transformation: [-0.989193910128684f,0.14659667189830025f,0.0021963498507984523f,-6.403984274441296e-18f,0.14313251160127205f,0.9623571337091068f,0.2310450850416519f,0.9958261284722223f,0.031756767578529105f,0.22886276015886584f,-0.9729405658751354f,0.0522925f,0f,0f,0f,1f], start_interpolation: 0, interpolation_duration: 1 }
$data merge entity $(bone_shoe_right) { transformation: [-0.9649667070712452f,0.005359309425346367f,0.2623176167293407f,-0.12288357706658658f,0.0059000214692436145f,0.9999817835586434f,0.00127369444412835f,0.2505951739539957f,-0.26230601211321924f,0.0027767523040294014f,-0.9649807488524845f,0.06706329315735865f,0f,0f,0f,1f], start_interpolation: 0, interpolation_duration: 1 }
$data merge entity $(bone_lowerleg_right) { transformation: [-0.9629839359287672f,-0.005782738199104529f,0.2694967515241339f,-0.1228314731753358f,-0.005660775299621279f,0.9999832215653343f,0.0012297198147939166f,0.6875062919129997f,-0.269499340938243f,-0.0003413601270161499f,-0.9630005133472757f,0.06262801004763104f,0f,0f,0f,1f], start_interpolation: 0, interpolation_duration: 1 }
$data merge entity $(bone_leg_right) { transformation: [-0.9629839359287672f,-0.005782738199104529f,0.2694967515241339f,-0.125f,-0.005660775299621279f,0.9999832215653343f,0.0012297198147939166f,1.0625f,-0.269499340938243f,-0.0003413601270161499f,-0.9630005133472757f,0.062499999999999986f,0f,0f,0f,1f], start_interpolation: 0, interpolation_duration: 1 }
$data merge entity $(bone_shoe_left) { transformation: [-0.9089699341066424f,0.12551818699864276f,-0.39902845240450396f,0.08736972928983919f,-0.2374055236343777f,0.6072635252596573f,0.7358059201526662f,0.4394285449224217f,0.34265474787029165f,0.7537031807346505f,-0.5487169738352837f,-0.42731891330652166f,0f,0f,0f,1f], start_interpolation: 0, interpolation_duration: 1 }
$data merge entity $(bone_lowerleg_left) { transformation: [-0.9069533982532743f,0.17694001526882558f,-0.38930880305727145f,0.15918177541408982f,-0.24154409293804016f,0.6144324194305155f,0.7935051999624011f,0.7030074384006274f,0.3450970654230155f,0.895078227279287f,-0.4677479593699415f,-0.050253322061313985f,0f,0f,0f,1f], start_interpolation: 0, interpolation_duration: 1 }
$data merge entity $(bone_leg_left) { transformation: [-0.9069533982532743f,-0.10938168132508742f,-0.4067814907137917f,0.12499999999999999f,-0.24154409293804016f,0.9262026433989843f,0.2894911303088116f,0.99244576446281f,0.3450970654230155f,0.3608106305962048f,-0.8664431339015803f,0.06250000000000001f,0f,0f,0f,1f], start_interpolation: 0, interpolation_duration: 1 }