# This file was generated by Animated Java via MC-Build. It is not recommended to edit this file directly.
$data merge entity $(bone_hammer) { transformation: [-0.000010505194769584536f,-0.00001172909535890963f,0.000013641736791643363f,0.692683636605667f,-0.000015619854870017488f,-0.0000018921069486010123f,-0.000013655322878365944f,2.2994309781586404f,0.000008926858040232436f,-0.000017113621216283774f,-0.000007839831131655665f,0.854651171430013f,0f,0f,0f,1f], start_interpolation: 0, interpolation_duration: 1 }
$data merge entity $(bone_hand_left) { transformation: [-0.5042493489400577f,0.6548033659988812f,0.5629965772276624f,0.49993162025426496f,-0.7497530337608393f,-0.6554554981615652f,0.09082113353284843f,2.2491761873263063f,0.42848918593115687f,-0.37631189431947204f,0.8214538183816209f,0.4406996261787999f,0f,0f,0f,1f], start_interpolation: 0, interpolation_duration: 1 }
$data merge entity $(bone_lowerarm_left) { transformation: [-0.8176325981735306f,0.4538410580561199f,0.3542671709691759f,0.7006144631134554f,-0.29793746467882437f,-0.8600573104986031f,0.41416746588628023f,1.8688695953402055f,0.4926562711919501f,0.23308735847405035f,0.8384271475655074f,0.543767942504044f,0f,0f,0f,1f], start_interpolation: 0, interpolation_duration: 1 }
$data merge entity $(bone_arm_left) { transformation: [-0.12413547952918655f,-0.5066603421380157f,0.853162165374583f,0.4496592623982195f,-0.8509418437817455f,-0.38789515472231717f,-0.35416850148520035f,1.6767402765168078f,0.5103806042782012f,-0.7699562628146729f,-0.3829869346715106f,0.1623989810786514f,0f,0f,0f,1f], start_interpolation: 0, interpolation_duration: 1 }
$data merge entity $(bone_bread) { transformation: [-0.000006309353244211008f,-4.802535429981339e-7f,-0.000007743475845781517f,-0.5209474490833856f,-0.0000032833518673776494f,0.000009208262795771666f,0.000002104161780613622f,0.7075770566178567f,0.0000070293429390485526f,0.0000038700455835099825f,-0.000005967502411126716f,-0.07500637951007785f,0f,0f,0f,1f], start_interpolation: 0, interpolation_duration: 1 }
$data merge entity $(bone_hand_right) { transformation: [-0.6309353244211008f,-0.04802535429981339f,-0.7743475845781516f,-0.47409300504051965f,-0.3283351867377649f,0.9208262795771666f,0.21041617806136217f,0.8621848338465814f,0.7029342939048552f,0.38700455835099823f,-0.5967502411126715f,0.12817804113734038f,0f,0f,0f,1f], start_interpolation: 0, interpolation_duration: 1 }
$data merge entity $(bone_lowerarm_right) { transformation: [-0.616175216287437f,0.14392331670411374f,-0.7743475845781516f,-0.41045191343541937f,-0.03624103051409369f,0.9769399263605341f,0.21041617806136217f,1.29417545753413f,0.7867748664900315f,0.15771638846854713f,-0.5967502411126715f,0.19791825666327606f,0f,0f,0f,1f], start_interpolation: 0, interpolation_duration: 1 }
$data merge entity $(bone_arm_right) { transformation: [-0.5593106070582282f,0.3610932168131506f,-0.7461791565057866f,-0.2315979294826557f,0.1367451450359321f,0.9279992686193133f,0.3465806150827274f,1.7538250952721337f,0.8176016206816484f,0.0918098372373611f,-0.5684175785856654f,0.24339281666990648f,0f,0f,0f,1f], start_interpolation: 0, interpolation_duration: 1 }
$data merge entity $(bone_uppertail) { transformation: [0.08115931849748026f,-0.49917305479098384f,0.8626931241128921f,0.5556090257000673f,0.874819576399098f,0.4504322353384912f,0.1783297791084619f,1.347362766193867f,-0.4776022129030887f,0.740227710058606f,0.4732431335914608f,-0.31083884256862826f,0f,0f,0f,1f], start_interpolation: 0, interpolation_duration: 1 }
$data merge entity $(bone_middletail) { transformation: [-0.35223069149586306f,-0.16330578693420458f,0.9215556195488941f,0.20626140544732624f,0.6910922687858887f,0.6186186464659507f,0.37376790427885626f,1.205686347566233f,-0.6311299517474345f,0.7685324913095317f,-0.10503710681871237f,-0.2710063545023882f,0f,0f,0f,1f], start_interpolation: 0, interpolation_duration: 1 }
$data merge entity $(bone_tail) { transformation: [-0.8276355795890296f,0.12287297100888761f,0.5476509658475736f,0.03512047861995951f,0.3461803004719421f,0.8797913056903854f,0.3257705603592238f,1.1038830474539756f,-0.44179016168706947f,0.4592052824468114f,-0.7706827892261883f,-0.030167982869204336f,0f,0f,0f,1f], start_interpolation: 0, interpolation_duration: 1 }
$data merge entity $(bone_hair) { transformation: [-0.6826674520239709f,0.15391906844955694f,-0.02365009879255221f,0.285603966432145f,0.15295289510878396f,0.6821746135742296f,0.0503702307752362f,2.23099044488158f,0.023886436003315213f,0.030768766021260316f,-0.9984505559509453f,0.5728036366559381f,0f,0f,0f,1f], start_interpolation: 0, interpolation_duration: 1 }
$data merge entity $(bone_ear_left) { transformation: [-0.11665241607636985f,0.7473462487870536f,-0.8098785159047555f,0.297562692705131f,0.5386523066846224f,0.938232486184107f,0.43471581018058486f,2.2368534701373206f,0.8344135103933068f,-0.5011919655109295f,-0.39385143627381647f,0.34287487177687337f,0f,0f,0f,1f], start_interpolation: 0, interpolation_duration: 1 }
$data merge entity $(bone_ear_right) { transformation: [-0.3911310595781417f,0.09950756030376391f,0.917146372106346f,0.014889147033853314f,0.08728683322695069f,1.293667108572313f,-0.04582780335871104f,2.296839311869531f,-0.9161863909590071f,0.08076916268319359f,-0.3959069897987193f,0.35259669316763825f,0f,0f,0f,1f], start_interpolation: 0, interpolation_duration: 1 }
$data merge entity $(bone_head) { transformation: [-0.9986056646096476f,0.047195332784358945f,-0.02365009879255221f,0.13713795332432574f,0.045958312072837335f,0.9976726283721856f,0.0503702307752362f,1.893503009373338f,0.025972296027489638f,0.04921307915898457f,-0.9984505559509453f,0.2744607869699578f,0f,0f,0f,1f], start_interpolation: 0, interpolation_duration: 1 }
$data merge entity $(bone_body) { transformation: [-0.9891772502920974f,0.1467056328256622f,0.002413462613641335f,-6.403984274441296e-18f,0.14324216426712327f,0.9620002758851229f,0.23245892448563438f,0.995771875f,0.031781281922476416f,0.2302887893367139f,-0.9726032200364106f,0.0522925f,0f,0f,0f,1f], start_interpolation: 0, interpolation_duration: 1 }
$data merge entity $(bone_shoe_right) { transformation: [-0.9654703539643276f,0.005657959387347009f,0.26045149857807964f,-0.12320897420410788f,0.0061805058540133455f,0.9999801955741426f,0.0011873528911577197f,0.25059429918936804f,-0.26043962249125f,0.002756076027754981f,-0.9654862024294001f,0.06704694018661822f,0f,0f,0f,1f], start_interpolation: 0, interpolation_duration: 1 }
$data merge entity $(bone_lowerleg_right) { transformation: [-0.9633088702905869f,-0.005375625147763884f,0.26834143003596f,-0.12298414056958855f,-0.005263639063109195f,0.9999855008469971f,0.0011367495738931564f,0.6875054371823761f,-0.26834365005210503f,-0.00031741148555753973f,-0.9633231984784039f,0.06261902930708406f,0f,0f,0f,1f], start_interpolation: 0, interpolation_duration: 1 }
$data merge entity $(bone_leg_right) { transformation: [-0.9633088702905869f,-0.005375625147763884f,0.26834143003596f,-0.125f,-0.005263639063109195f,0.9999855008469971f,0.0011367495738931564f,1.0625f,-0.26834365005210503f,-0.00031741148555753973f,-0.9633231984784039f,0.062499999999999986f,0f,0f,0f,1f], start_interpolation: 0, interpolation_duration: 1 }
$data merge entity $(bone_shoe_left) { transformation: [-0.9086460758619238f,0.12502847923758093f,-0.39993168473949514f,0.08781755170064462f,-0.23706603448332564f,0.6099547584316479f,0.7332876728972658f,0.4377624278524652f,0.34374700597252833f,0.7511518306765206f,-0.5514484545569501f,-0.42562072303088516f,0f,0f,0f,1f], start_interpolation: 0, interpolation_duration: 1 }
$data merge entity $(bone_lowerleg_left) { transformation: [-0.9062066425627172f,0.17679697722476212f,-0.3910973639890247f,0.15955426612704382f,-0.24204378142733424f,0.6173515550968995f,0.7914778388407513f,0.702541493220337f,0.34670495936395884f,0.8930956758733226f,-0.46968679192075447f,-0.049437646236914365f,0f,0f,0f,1f], start_interpolation: 0, interpolation_duration: 1 }
$data merge entity $(bone_leg_left) { transformation: [-0.9062066425627172f,-0.11057365160654023f,-0.40812129146321563f,0.12499999999999999f,-0.24204378142733424f,0.9270738332651693f,0.2862672100457575f,0.9922520661157024f,0.34670495936395884f,0.358200467958126f,-0.866884130612053f,0.06250000000000001f,0f,0f,0f,1f], start_interpolation: 0, interpolation_duration: 1 }