# This file was generated by Animated Java via MC-Build. It is not recommended to edit this file directly.
$data merge entity $(bone_hammer) { transformation: [-0.000010493988878128486f,-0.000011683739106487525f,0.000013689200695987592f,0.6920840510388926f,-0.000015585846958258976f,-0.000002023832687483681f,-0.000013675278923099866f,2.300945485107481f,0.000008999186063040519f,-0.000017129568573737745f,-0.000007721418811214097f,0.8511978868380177f,0f,0f,0f,1f], start_interpolation: 0, interpolation_duration: 1 }
$data merge entity $(bone_hand_left) { transformation: [-0.5037114661501673f,0.6570816334074042f,0.5608194771114012f,0.5004380648721337f,-0.7481206539964308f,-0.6564133883087935f,0.09714396899921651f,2.2476964151802594f,0.43196093102594485f,-0.37062810293827675f,0.8222192915394116f,0.4371071743569768f,0f,0f,0f,1f], start_interpolation: 0, interpolation_duration: 1 }
$data merge entity $(bone_lowerarm_left) { transformation: [-0.8204156955933954f,0.45232967715536565f,0.34973697200685927f,0.700452593989272f,-0.29296535464752654f,-0.8578381455282929f,0.42223810469073897f,1.8683711102044676f,0.491008541066501f,0.24394995232854785f,0.8363008031555659f,0.5449787939022566f,0f,0f,0f,1f], start_interpolation: 0, interpolation_duration: 1 }
$data merge entity $(bone_arm_left) { transformation: [-0.12417765589193615f,-0.5064769601580181f,0.8532649052939401f,0.44958822466100357f,-0.8515753175898483f,-0.38698777716220123f,-0.3536381466963183f,1.6766912268288148f,0.509312662564885f,-0.7705332888046763f,-0.38324804317167266f,0.1633240242911903f,0f,0f,0f,1f], start_interpolation: 0, interpolation_duration: 1 }
$data merge entity $(bone_bread) { transformation: [-0.000006312868689517527f,-4.884937985679894e-7f,-0.00000774009449022878f,-0.5202441288436361f,-0.000003281431312443231f,0.000009211029611840678f,0.000002095027930962079f,0.7072350757961222f,0.000007027083139584048f,0.000003862422465054124f,-0.000005975097928136313f,-0.07293931890402947f,0f,0f,0f,1f], start_interpolation: 0, interpolation_duration: 1 }
$data merge entity $(bone_hand_right) { transformation: [-0.6312868689517527f,-0.048849379856798936f,-0.7740094490228779f,-0.47363417886893566f,-0.32814313124432304f,0.9211029611840678f,0.20950279309620787f,0.8620295537153408f,0.7027083139584047f,0.3862422465054124f,-0.5975097928136313f,0.1301591662431337f,0f,0f,0f,1f], start_interpolation: 0, interpolation_duration: 1 }
$data merge entity $(bone_lowerarm_right) { transformation: [-0.6167582795291877f,0.14324314104171787f,-0.7740094490228779f,-0.410293852439551f,-0.035974664170702525f,0.9771460500982914f,0.20950279309620787f,1.294111322743179f,0.786330113991574f,0.1570573122201251f,-0.5975097928136313f,0.19960794649047026f,0f,0f,0f,1f], start_interpolation: 0, interpolation_duration: 1 }
$data merge entity $(bone_arm_right) { transformation: [-0.559740070489548f,0.3606745299171335f,-0.7460596068394338f,-0.23164724933997083f,0.1379772850490644f,0.9283084764165936f,0.345261699908333f,1.753914114968273f,0.8171005582539063f,0.09031752920755401f,-0.5693763444497826f,0.24434334767608684f,0f,0f,0f,1f], start_interpolation: 0, interpolation_duration: 1 }
$data merge entity $(bone_uppertail) { transformation: [0.08685046796395735f,-0.5124151140505051f,0.8543346809693783f,0.5569658268471919f,0.8812888852355489f,0.43939777620253917f,0.1739525654554898f,1.352464413525477f,-0.4645286826179033f,0.7378077968962315f,0.4897476471249291f,-0.3018045428940519f,0f,0f,0f,1f], start_interpolation: 0, interpolation_duration: 1 }
$data merge entity $(bone_middletail) { transformation: [-0.3463492523012782f,-0.17637775494390218f,0.9213756470578622f,0.2076861775219365f,0.697347115004019f,0.6085597835136767f,0.3786317354440305f,1.2089440128094902f,-0.627494379756438f,0.7736574677793369f,-0.08777770743957358f,-0.26851467022228587f,0f,0f,0f,1f], start_interpolation: 0, interpolation_duration: 1 }
$data merge entity $(bone_tail) { transformation: [-0.8256231704628296f,0.1159385680163151f,0.5521816991183534f,0.03512939654745107f,0.3474609448444075f,0.875547150283483f,0.33569045181283275f,1.10404074661798f,-0.44454164282183617f,0.469015390021264f,-0.7631561384936012f,-0.030028376943035513f,0f,0f,0f,1f], start_interpolation: 0, interpolation_duration: 1 }
$data merge entity $(bone_hair) { transformation: [-0.682717992134929f,0.15370447747202098f,-0.023520586740555283f,0.28534747411352324f,0.15274922494987697f,0.6822305158837396f,0.050085589483551296f,2.2309102188737104f,0.023744841386344674f,0.030601581692118258f,-0.9984679342500015f,0.5738587361375371f,0f,0f,0f,1f], start_interpolation: 0, interpolation_duration: 1 }
$data merge entity $(bone_ear_left) { transformation: [-0.11564885091565436f,0.7478844534337553f,-0.8097284497913302f,0.29733202436319917f,0.53953638075938f,0.9370873398413588f,0.4350808617584293f,2.236590333909171f,0.8339819165419347f,-0.5025297621247312f,-0.3937568809939352f,0.3439240693660305f,0f,0f,0f,1f], start_interpolation: 0, interpolation_duration: 1 }
$data merge entity $(bone_ear_right) { transformation: [-0.3924725247567688f,0.09503406234316174f,0.9168539962523591f,0.014745312444342712f,0.08450227817870498f,1.2941322736029504f,-0.043200271475338815f,2.29876265659463f,-0.915873726172804f,0.07867773137181111f,-0.39687842735595513f,0.3536995888052303f,0f,0f,0f,1f], start_interpolation: 0, interpolation_duration: 1 }
$data merge entity $(bone_head) { transformation: [-0.9986235345538144f,0.04688089413211491f,-0.023520586740555283f,0.13702875158055672f,0.04565790737894787f,0.9977007513377248f,0.050085589483551296f,1.8932942039054135f,0.025814564281079068f,0.04894274762937653f,-0.9984679342500015f,0.2755881121801516f,0f,0f,0f,1f], start_interpolation: 0, interpolation_duration: 1 }
$data merge entity $(bone_body) { transformation: [-0.989193910128684f,0.146590186314183f,0.0025933454644755933f,-6.403984274441296e-18f,0.14313251160127205f,0.9617279033170743f,0.23365043142279024f,0.9958261284722223f,0.031756767578529105f,0.231496775912144f,-0.9723172067053251f,0.0522925f,0f,0f,0f,1f], start_interpolation: 0, interpolation_duration: 1 }
$data merge entity $(bone_shoe_right) { transformation: [-0.9659761338536499f,0.005995117056717535f,0.25856172840664493f,-0.12359441656633595f,0.006496725041735171f,0.9999783067840521f,0.0010855989279878692f,0.25059343092913633f,-0.2585496110785847f,0.0027284671111471666f,-0.9659941273518883f,0.06702734823660399f,0f,0f,0f,1f], start_interpolation: 0, interpolation_duration: 1 }
$data merge entity $(bone_lowerleg_right) { transformation: [-0.9636692520424747f,-0.0048938270187262566f,0.26705359597842565f,-0.12316481486797766f,-0.0047932798765776986f,0.9999879833821776f,0.0010283770079156504f,0.6875045062316834f,-0.26705541959661144f,-0.0002890473255353458f,-0.9636811294799341f,0.06260839274707575f,0f,0f,0f,1f], start_interpolation: 0, interpolation_duration: 1 }
$data merge entity $(bone_leg_right) { transformation: [-0.9636692520424747f,-0.0048938270187262566f,0.26705359597842565f,-0.125f,-0.0047932798765776986f,0.9999879833821776f,0.0010283770079156504f,1.0625f,-0.26705541959661144f,-0.0002890473255353458f,-0.9636811294799341f,0.062499999999999986f,0f,0f,0f,1f], start_interpolation: 0, interpolation_duration: 1 }
$data merge entity $(bone_shoe_left) { transformation: [-0.9084013170503576f,0.12415037048941155f,-0.40077990036332695f,0.0885676602337913f,-0.23634966543458508f,0.6140379601264069f,0.7297619751514604f,0.4353912015739241f,0.34488531837428976f,0.7478022773500261f,-0.5555179662809044f,-0.4230056479857444f,0f,0f,0f,1f], start_interpolation: 0, interpolation_duration: 1 }
$data merge entity $(bone_lowerleg_left) { transformation: [-0.905561929508623f,0.1761646209545107f,-0.3928227077138689f,0.1600250152582575f,-0.24210433135975057f,0.6218047156149942f,0.7885730086422729f,0.702025862806065f,0.34834334292687114f,0.8901263516843606f,-0.473120418440399f,-0.04811520061498831f,0f,0f,0f,1f], start_interpolation: 0, interpolation_duration: 1 }
$data merge entity $(bone_leg_left) { transformation: [-0.905561929508623f,-0.11208004882642401f,-0.4091401403916341f,0.12499999999999999f,-0.24210433135975057f,0.9285172390205918f,0.2814981875224517f,0.9921875f,0.34834334292687114f,0.3539686419679626f,-0.8679649278293959f,0.06250000000000001f,0f,0f,0f,1f], start_interpolation: 0, interpolation_duration: 1 }