# This file was generated by Animated Java via MC-Build. It is not recommended to edit this file directly.
$data merge entity $(bone_hammer) { transformation: [-0.000010481086005436727f,-0.000011657070805285041f,0.000013721782470400391f,0.6915345735491042f,-0.000015578608789663798f,-0.000002088676105981409f,-0.000013673776291891345f,2.3017836290994578f,0.000009026713804205054f,-0.000017139950704207145f,-0.000007666048886623446f,0.8497088101469945f,0f,0f,0f,1f], start_interpolation: 0, interpolation_duration: 1 }
$data merge entity $(bone_hand_left) { transformation: [-0.5030921282609628f,0.6586455585792186f,0.5595393986536821f,0.5005400463964466f,-0.7477732219038621f,-0.6563412620107845f,0.10025645308710746f,2.2471139568496024f,0.43328226260184255f,-0.3679703465579255f,0.8227176338019428f,0.4355022395100405f,0f,0f,0f,1f], start_interpolation: 0, interpolation_duration: 1 }
$data merge entity $(bone_lowerarm_left) { transformation: [-0.8221905649080823f,0.4512679434893514f,0.3469292696718166f,0.7000850901581441f,-0.290342865205928f,-0.8567225333867385f,0.42629511070550663f,1.8682819616176538f,0.48959544074688954f,0.24976737970819848f,0.835411611383011f,0.5459462527247595f,0f,0f,0f,1f], start_interpolation: 0, interpolation_duration: 1 }
$data merge entity $(bone_arm_left) { transformation: [-0.1240270396595732f,-0.5061979820333191f,0.853452339863614f,0.44935890218226565f,-0.8520913110392994f,-0.3864162256195006f,-0.3530196853283204f,1.676885174865495f,0.5084856842474623f,-0.7710033096967701f,-0.38340084161620674f,0.16405867589057807f,0f,0f,0f,1f], start_interpolation: 0, interpolation_duration: 1 }
$data merge entity $(bone_bread) { transformation: [-0.0000063198149974495646f,-4.994464892240658e-7f,-0.000007733724303491386f,-0.5193579545671547f,-0.0000032752823022101952f,0.000009216331303942166f,0.0000020812888162877455f,0.7067836182044563f,0.0000070237073001969716f,0.000003848349061659754f,-0.000005988133704317418f,-0.07055719256617021f,0f,0f,0f,1f], start_interpolation: 0, interpolation_duration: 1 }
$data merge entity $(bone_hand_right) { transformation: [-0.6319814997449564f,-0.049944648922406576f,-0.7733724303491385f,-0.47311063645934864f,-0.3275282302210195f,0.9216331303942165f,0.20812888162877452f,0.8619042408857807f,0.7023707300196971f,0.3848349061659754f,-0.5988133704317418f,0.1323752850878357f,0f,0f,0f,1f], start_interpolation: 0, interpolation_duration: 1 }
$data merge entity $(bone_lowerarm_right) { transformation: [-0.6177501144512237f,0.14240744387624837f,-0.7733724303491385f,-0.41013984487032007f,-0.03522879768553522f,0.9774667771569464f,0.20812888162877452f,1.2941278314098679f,0.7855849590649832f,0.15581662133112112f,-0.5988133704317418f,0.2012754473326908f,0f,0f,0f,1f], start_interpolation: 0, interpolation_duration: 1 }
$data merge entity $(bone_arm_right) { transformation: [-0.560697350580429f,0.3599229463465379f,-0.7457036634919495f,-0.23186551050805054f,0.1395508391370876f,0.9287792869657497f,0.34335782996682673f,1.7541638219850908f,0.8161764786786139f,0.08845625357554329f,-0.5709916346630282f,0.24508893543182708f,0f,0f,0f,1f], start_interpolation: 0, interpolation_duration: 1 }
$data merge entity $(bone_uppertail) { transformation: [0.08728365605395033f,-0.5230401397030999f,0.8478269727044652f,0.5572610290481141f,0.8873665664700834f,0.4276030240626041f,0.17244196276895926f,1.3583937008303881f,-0.452727445707625f,0.7372819447618923f,0.5014510881742816f,-0.2943154700267502f,0f,0f,0f,1f], start_interpolation: 0, interpolation_duration: 1 }
$data merge entity $(bone_middletail) { transformation: [-0.34410170131435647f,-0.18800716093562916f,0.9199170215782999f,0.20853409197319211f,0.7026387719766862f,0.598322631792866f,0.38510879553647276f,1.2124177697334186f,-0.6228103846819346f,0.7788859580974503f,-0.0737827148521748f,-0.2663307353367561f,0f,0f,0f,1f], start_interpolation: 0, interpolation_duration: 1 }
$data merge entity $(bone_tail) { transformation: [-0.8247224768480679f,0.10894723184802255f,0.5549444448359147f,0.03511395296196878f,0.3479265399962384f,0.8713370497669637f,0.3460041451625252f,1.1042914743701295f,-0.4458474615244927f,0.4784372961800295f,-0.7565168832723488f,-0.02991920931414712f,0f,0f,0f,1f], start_interpolation: 0, interpolation_duration: 1 }
$data merge entity $(bone_hair) { transformation: [-0.6827728202778994f,0.15347079778461167f,-0.02338629099201757f,0.2848705692916145f,0.15252836650946205f,0.6822928675055877f,0.04972455478828372f,2.2310592698294864f,0.0235875666341063f,0.03038350174613204f,-0.9984891336638289f,0.5746342087284495f,0f,0f,0f,1f], start_interpolation: 0, interpolation_duration: 1 }
$data merge entity $(bone_ear_left) { transformation: [-0.11533696681708887f,0.7480065351995373f,-0.8097062080988552f,0.29688526727721587f,0.5401213393053519f,0.9365678521214079f,0.4350169451846871f,2.2366032796615567f,0.8336464016070761f,-0.5033158865677461f,-0.39387322067939134f,0.3446964977789288f,0f,0f,0f,1f], start_interpolation: 0, interpolation_duration: 1 }
$data merge entity $(bone_ear_right) { transformation: [-0.3938506800966064f,0.09035304347114703f,0.9165429975536664f,0.014376503087148607f,0.08151994167676326f,1.2946037994026753f,-0.040485997772310045f,2.3008340670855487f,-0.9155523692812212f,0.07640242213214869f,-0.3978816628342155f,0.35451200717715403f,0f,0f,0f,1f], start_interpolation: 0, interpolation_duration: 1 }
$data merge entity $(bone_head) { transformation: [-0.998642701880106f,0.04653853645355231f,-0.02338629099201757f,0.13671034154289466f,0.04533172116473743f,0.9977336837590227f,0.04972455478828372f,1.8932880033332047f,0.025647398266577335f,0.048596922921229496f,-0.9984891336638289f,0.2764606006143882f,0f,0f,0f,1f], start_interpolation: 0, interpolation_duration: 1 }
$data merge entity $(bone_body) { transformation: [-0.9892438131354714f,0.14625061368904513f,0.0027269339504734642f,-6.403984274441296e-18f,0.142803541492416f,0.9615540905476077f,0.23456529898599024f,0.9959888888888888f,0.03168322443212452f,0.23243168662370645f,-0.9720965406495605f,0.0522925f,0f,0f,0f,1f], start_interpolation: 0, interpolation_duration: 1 }
$data merge entity $(bone_shoe_right) { transformation: [-0.9664630148319334f,0.006357414348087818f,0.25672713967318833f,-0.12402500941511585f,0.0068362461087615204f,0.9999761595212607f,0.0009726912411301853f,0.2505926768200956f,-0.2567148353740207f,0.0026951200190076037f,-0.9664834347400749f,0.06700526441702323f,0f,0f,0f,1f], start_interpolation: 0, interpolation_duration: 1 }
$data merge entity $(bone_lowerleg_right) { transformation: [-0.9640502238104851f,-0.004355968649844831f,0.26568438325967747f,-0.1233665117563082f,-0.004267789731783064f,0.9999904796064982f,0.0009092123904457996f,0.6875035701475631f,-0.26568581434047045f,-0.00025735867427022886f,-0.9640596360312748f,0.06259650950285132f,0f,0f,0f,1f], start_interpolation: 0, interpolation_duration: 1 }
$data merge entity $(bone_leg_right) { transformation: [-0.9640502238104851f,-0.004355968649844831f,0.26568438325967747f,-0.125f,-0.004267789731783064f,0.9999904796064982f,0.0009092123904457996f,1.0625f,-0.26568581434047045f,-0.00025735867427022886f,-0.9640596360312748f,0.062499999999999986f,0f,0f,0f,1f], start_interpolation: 0, interpolation_duration: 1 }
$data merge entity $(bone_shoe_left) { transformation: [-0.9082446674760202f,0.12293292355385112f,-0.4015339154750758f,0.08957856162016047f,-0.23530463332607215f,0.6192650422644547f,0.7254059663881196f,0.4324610055075299f,0.3460106263348801f,0.7438185026364613f,-0.5606754181582392f,-0.4196142686941751f,0f,0f,0f,1f], start_interpolation: 0, interpolation_duration: 1 }
$data merge entity $(bone_lowerleg_left) { transformation: [-0.9050482877487871f,0.1750820750509509f,-0.3944032621609484f,0.1605696857272407f,-0.24173438998587968f,0.6275215826245357f,0.7849354818068235f,0.7014939315069453f,0.34993153836306773f,0.886319880368398f,-0.4778308866089468f,-0.04636117129675381f,0f,0f,0f,1f], start_interpolation: 0, interpolation_duration: 1 }
$data merge entity $(bone_leg_left) { transformation: [-0.9050482877487871f,-0.11382299432717032f,-0.4097949765497199f,0.12499999999999999f,-0.24173438998587968f,0.9304260307480229f,0.27544851788425684f,0.9922520661157024f,0.34993153836306773f,0.34835574814961223f,-0.8695954181054433f,0.06250000000000001f,0f,0f,0f,1f], start_interpolation: 0, interpolation_duration: 1 }