# This file was generated by Animated Java via MC-Build. It is not recommended to edit this file directly.
$data merge entity $(bone_hammer) { transformation: [-0.000010466946327320545f,-0.000011647754341429977f,0.000013740474197074406f,0.6909600077580469f,-0.000015597064649583596f,-0.0000020896093649683335f,-0.000013652577954229884f,2.3020506339324482f,0.000009011236689571438f,-0.00001714616952212105f,-0.000007670349524042954f,0.8500817886892903f,0f,0f,0f,1f], start_interpolation: 0, interpolation_duration: 1 }
$data merge entity $(bone_hand_left) { transformation: [-0.5024134237113861f,0.6595427614595714f,0.5590922083886389f,0.5001953439309019f,-0.7486591031800125f,-0.6553237418030343f,0.10030124951847985f,2.247461908266848f,0.432539361099429f,-0.36817677715406194f,0.8230161370618103f,0.4357586301643029f,0f,0f,0f,1f], start_interpolation: 0, interpolation_duration: 1 }
$data merge entity $(bone_lowerarm_left) { transformation: [-0.8229561394514712f,0.450756983882851f,0.34577642201278697f,0.6995144477416001f,-0.29004804034111836f,-0.856718455055963f,0.42650395433196153f,1.8686317164217894f,0.48848267813035845f,0.2507022741168453f,0.835782892214978f,0.5466160420003454f,0f,0f,0f,1f], start_interpolation: 0, interpolation_duration: 1 }
$data merge entity $(bone_arm_left) { transformation: [-0.1236778169490977f,-0.5058291389455297f,0.8537216641202968f,0.4489709523576424f,-0.8524620939001218f,-0.3862249361909881f,-0.35233319049968354f,1.6773296777146907f,0.5079489896221123f,-0.7713411572435962f,-0.38343270998179646f,0.1645611250531266f,0f,0f,0f,1f], start_interpolation: 0, interpolation_duration: 1 }
$data merge entity $(bone_bread) { transformation: [-0.000006330033592112883f,-5.127560102532983e-7f,-0.000007724490662604984f,-0.5183210134375272f,-0.00000326500174366111f,0.000009224021898367109f,0.0000020632943639563347f,0.7062546022761504f,0.000007019290443956026f,0.000003828119811656001f,-0.00000600625177385984f,-0.06794576865470126f,0f,0f,0f,1f], start_interpolation: 0, interpolation_duration: 1 }
$data merge entity $(bone_hand_right) { transformation: [-0.6330033592112883f,-0.051275601025329826f,-0.7724490662604984f,-0.47254412782996136f,-0.32650017436611095f,0.9224021898367107f,0.20632943639563345f,0.8618326408555947f,0.7019290443956026f,0.3828119811656001f,-0.600625177385984f,0.13474306467324693f,0f,0f,0f,1f], start_interpolation: 0, interpolation_duration: 1 }
$data merge entity $(bone_lowerarm_right) { transformation: [-0.6191249041617584f,0.14144537136286078f,-0.7724490662604984f,-0.40999875268044633f,-0.03401706275587138f,0.9778910998256009f,0.20632943639563345f,1.2942438615597276f,0.7845554107188074f,0.15402014089689378f,-0.600625177385984f,0.20284884572609213f,0f,0f,0f,1f], start_interpolation: 0, interpolation_duration: 1 }
$data merge entity $(bone_arm_right) { transformation: [-0.5621638178222018f,0.358856481688415f,-0.7451133252611837f,-0.23225265159415326f,0.14140784388531488f,0.9293956325959493f,0.3409216622617016f,1.7545851358299087f,0.8148470185373894f,0.08628895445992815f,-0.5732177184272481f,0.24558884348202528f,0f,0f,0f,1f], start_interpolation: 0, interpolation_duration: 1 }
$data merge entity $(bone_uppertail) { transformation: [0.08298663162296299f,-0.5306384902518003f,0.843525940108047f,0.5565971737453972f,0.8926954901061336f,0.4158172291164779f,0.17375498241507892f,1.3647398301000138f,-0.4429537006460656f,0.7385924618036558f,0.5082058583396801f,-0.2887090104163523f,0f,0f,0f,1f], start_interpolation: 0, interpolation_duration: 1 }
$data merge entity $(bone_middletail) { transformation: [-0.34530101055967277f,-0.19755612582242094f,0.9174632359154804f,0.2088002357955742f,0.706670597164076f,0.5885604426810505f,0.39269997760994874f,1.2158860350712393f,-0.6175628544611769f,0.7839439919159544f,-0.06362341022486351f,-0.2645753796242049f,0f,0f,0f,1f], start_interpolation: 0, interpolation_duration: 1 }
$data merge entity $(bone_tail) { transformation: [-0.8249036148925024f,0.10237156093178329f,0.5559263347330041f,0.035073256191510395f,0.3475795860788319f,0.8674332292454143f,0.35601688743954313f,1.104630757746382f,-0.4457829712747558f,0.4869082627284761f,-0.7511310712573323f,-0.02984691985628856f,0f,0f,0f,1f], start_interpolation: 0, interpolation_duration: 1 }
$data merge entity $(bone_hair) { transformation: [-0.6828317998841237f,0.1532181423967262f,-0.02325255779234606f,0.28417511660086675f,0.15228989192359038f,0.6823611732929762f,0.04930161234549105f,2.231446643157741f,0.023420544077987642f,0.03012357918191757f,-0.9985132295449313f,0.5750827691633599f,0f,0f,0f,1f], start_interpolation: 0, interpolation_duration: 1 }
$data merge entity $(bone_ear_left) { transformation: [-0.11579468552610014f,0.747664129796576f,-0.809827996009518f,0.29622334886348833f,0.5403538572483455f,0.9367596696910557f,0.43448347172882806f,2.2369123672551527f,0.8334322406535195f,-0.5034676456892071f,-0.3942115290978593f,0.34514522160479466f,0f,0f,0f,1f], start_interpolation: 0, interpolation_duration: 1 }
$data merge entity $(bone_ear_right) { transformation: [-0.3952337555234277f,0.0855631948726125f,0.9162195643740131f,0.013782852188795686f,0.07841054649038404f,1.2950685318334658f,-0.03773950366364479f,2.3030562522195126f,-0.915227875828707f,0.0740029562781281f,-0.39889527412782877f,0.3549883201803079f,0f,0f,0f,1f], start_interpolation: 0, interpolation_duration: 1 }
$data merge entity $(bone_head) { transformation: [-0.9986630024883849f,0.04616845261645191f,-0.02325255779234606f,0.1361830188040829f,0.044979274312498985f,0.9977706228900788f,0.04930161234549105f,1.8934978004849146f,0.025476898225744175f,0.048189813037057355f,-0.9985132295449313f,0.2770269004766038f,0f,0f,0f,1f], start_interpolation: 0, interpolation_duration: 1 }
$data merge entity $(bone_body) { transformation: [-0.9893267297883804f,0.14568716594341372f,0.0028056025386957407f,-6.403984274441296e-18f,0.14225521769937932f,0.9614927523531757f,0.2351491871336514f,0.99626015625f,0.0315606521404595f,0.23303848791925133f,-0.9719552399080823f,0.0522925f,0f,0f,0f,1f], start_interpolation: 0, interpolation_duration: 1 }
$data merge entity $(bone_shoe_right) { transformation: [-0.9669105723876986f,0.00673148963728737f,0.25502672811326305f,-0.12448584992693813f,0.007186555134128582f,0.9999738128830173f,0.0008526274122870869f,0.25059212234594047f,-0.25501431024591f,0.0026571781015103345f,-0.9669336280088411f,0.0669814395286271f,0f,0f,0f,1f], start_interpolation: 0, interpolation_duration: 1 }
$data merge entity $(bone_lowerleg_right) { transformation: [-0.9644372156035356f,-0.0037806857747723984f,0.2642850044440131f,-0.12358224283446036f,-0.0037053126312555367f,0.9999928282191732f,0.000783689047850704f,0.68750268941781f,-0.2642860719319205f,-0.0002234396820097087f,-0.9644443074939602f,0.06258378988075362f,0f,0f,0f,1f], start_interpolation: 0, interpolation_duration: 1 }
$data merge entity $(bone_leg_right) { transformation: [-0.9644372156035356f,-0.0037806857747723984f,0.2642850044440131f,-0.125f,-0.0037053126312555367f,0.9999928282191732f,0.000783689047850704f,1.0625f,-0.2642860719319205f,-0.0002234396820097087f,-0.9644443074939602f,0.062499999999999986f,0f,0f,0f,1f], start_interpolation: 0, interpolation_duration: 1 }
$data merge entity $(bone_shoe_left) { transformation: [-0.9081846331963686f,0.12143000710629628f,-0.40215384468540527f,0.09080479581045572f,-0.23397743865617063f,0.625391292087488f,0.7203987129619045f,0.4291172594170477f,0.3470666077655344f,0.7393633193220447f,-0.5666719063533792f,-0.41558584609901733f,0f,0f,0f,1f], start_interpolation: 0, interpolation_duration: 1 }
$data merge entity $(bone_lowerleg_left) { transformation: [-0.9046946541436518f,0.17359417833960666f,-0.39575582712479973f,0.16116234372275115f,-0.24094253358759432f,0.6342327632408704f,0.7807097341029784f,0.700978931522416f,0.35138906965397926f,0.8818241680054177f,-0.4836006993105183f,-0.04425027022061388f,0f,0f,0f,1f], start_interpolation: 0, interpolation_duration: 1 }
$data merge entity $(bone_leg_left) { transformation: [-0.9046946541436518f,-0.1157194999128037f,-0.410044607456102f,0.12499999999999999f,-0.24094253358759432f,0.9326938654092607f,0.26838190873515105f,0.99244576446281f,0.35138906965397926f,0.34160086470596446f,-0.8716849034828171f,0.06250000000000001f,0f,0f,0f,1f], start_interpolation: 0, interpolation_duration: 1 }