# This file was generated by Animated Java via MC-Build. It is not recommended to edit this file directly.
$data merge entity $(bone_hammer) { transformation: [-0.000010451939133964577f,-0.000011655229985731185f,0.0000137455578314374f,0.6903151667361105f,-0.00001563938715012645f,-0.000002029824260651568f,-0.000013613124579504434f,2.3018253768312333f,0.000008955127898926814f,-0.000017148271202321253f,-0.000007731122613390631f,0.8521972344334527f,0f,0f,0f,1f], start_interpolation: 0, interpolation_duration: 1 }
$data merge entity $(bone_hand_left) { transformation: [-0.5016930784302996f,0.659786775908995f,0.559451039315097f,0.49937254387405705f,-0.7506905832060694f,-0.6534299798162128f,0.0974315645112751f,2.2487416752098066f,0.429846139148487f,-0.37109388544275046f,0.82311701771142f,0.43776050702898306f,0f,0f,0f,1f], start_interpolation: 0, interpolation_duration: 1 }
$data merge entity $(bone_lowerarm_left) { transformation: [-0.822691640413604f,0.45087279986977846f,0.3462545062972603f,0.6987428600664747f,-0.29205138981259804f,-0.8577629291107582f,0.42302333641521667f,1.8694496299936432f,0.48773399563912206f,0.2468936527756805f,0.8373524190667739f,0.5469337941157293f,0f,0f,0f,1f], start_interpolation: 0, interpolation_duration: 1 }
$data merge entity $(bone_arm_left) { transformation: [-0.12312452095154477f,-0.5053756879627975f,0.8540701179391428f,0.44842396462240147f,-0.8526596320735036f,-0.38645820970876515f,-0.3515986404708823f,1.6780320479972703f,0.5077518135592718f,-0.7715215267021551f,-0.3833309662190699f,0.16478953792106804f,0f,0f,0f,1f], start_interpolation: 0, interpolation_duration: 1 }
$data merge entity $(bone_bread) { transformation: [-0.000006343386475064853f,-5.280799146468288e-7f,-0.000007712495032848377f,-0.5171638173559836f,-0.0000032507114637724113f,0.00000923393599248829f,0.0000020413968418531387f,0.7056807373939218f,0.000007013866480569967f,0.0000038020465134419304f,-0.000006029106011869514f,-0.06519388640175908f,0f,0f,0f,1f], start_interpolation: 0, interpolation_duration: 1 }
$data merge entity $(bone_hand_right) { transformation: [-0.6343386475064853f,-0.052807991464682874f,-0.7712495032848377f,-0.4719555430474336f,-0.3250711463772411f,0.9233935992488289f,0.20413968418531384f,0.8618386800578612f,0.7013866480569967f,0.380204651344193f,-0.6029106011869514f,0.13717637173171437f,0f,0f,0f,1f], start_interpolation: 0, interpolation_duration: 1 }
$data merge entity $(bone_lowerarm_right) { transformation: [-0.6208591899352418f,0.14038543356006117f,-0.7712495032848377f,-0.40987885914509403f,-0.03235605197988553f,0.9784069067831622f,0.20413968418531384f,1.2944779841510408f,0.7832540789381376f,0.15169658797467514f,-0.6029106011869514f,0.20425470672676602f,0f,0f,0f,1f], start_interpolation: 0, interpolation_duration: 1 }
$data merge entity $(bone_arm_right) { transformation: [-0.5641227054985276f,0.35749184189883704f,-0.7442883554891869f,-0.23280868120457626f,0.14348687071673477f,0.9301416707841251f,0.33800590261537633f,1.7551887804613027f,0.8131279672185311f,0.08388119721780982f,-0.5760094215204871f,0.24580211222371245f,0f,0f,0f,1f], start_interpolation: 0, interpolation_duration: 1 }
$data merge entity $(bone_uppertail) { transformation: [0.07448020399641198f,-0.534787732738643f,0.8416975585831972f,0.55507336274111f,0.8969044225286806f,0.40487273273408697f,0.17787784329962728f,1.3711021314163088f,-0.4359072792018356f,0.7416738846694645f,0.5098084863339944f,-0.2853357703855285f,0f,0f,0f,1f], start_interpolation: 0, interpolation_duration: 1 }
$data merge entity $(bone_middletail) { transformation: [-0.3497370489594099f,-0.20440247079053678f,0.9142776528603809f,0.2084838869498591f,0.7091383140620192f,0.5799809205209805f,0.4009301477326359f,1.2191282669814716f,-0.6122147075286907f,0.7885694400408627f,-0.05789119206925741f,-0.26337502639902355f,0f,0f,0f,1f], start_interpolation: 0, interpolation_duration: 1 }
$data merge entity $(bone_tail) { transformation: [-0.8261274826869284f,0.09667763353203379f,0.5551277488326489f,0.035006465439656305f,0.3464182357634631f,0.864142415398395f,0.365037384167646f,1.1050540844290822f,-0.4444184832788668f,0.49387379064298764f,-0.7473826935620318f,-0.02981793466088859f,0f,0f,0f,1f], start_interpolation: 0, interpolation_duration: 1 }
$data merge entity $(bone_hair) { transformation: [-0.6828948007120913f,0.1529466295075416f,-0.0231243172067222f,0.2832628053663101f,0.15203340437185783f,0.6824349384800583f,0.04883121067894325f,2.2320810827121274f,0.02324941107847986f,0.02983091121641439f,-0.9985393226194708f,0.5751571476281585f,0f,0f,0f,1f], start_interpolation: 0, interpolation_duration: 1 }
$data merge entity $(bone_ear_left) { transformation: [-0.11709773922603095f,0.7468057774290197f,-0.810109223660764f,0.2953470940229916f,0.540177568916448f,0.9377475153002925f,0.43344051240718684f,2.2375373485215144f,0.8333644541901634f,-0.5029023049726109f,-0.39478141793142907f,0.3452232835750622f,0f,0f,0f,1f], start_interpolation: 0, interpolation_duration: 1 }
$data merge entity $(bone_ear_right) { transformation: [-0.39659127461672417f,0.08076382367064511f,0.9158906696541229f,0.012964437069237458f,0.07524662594186884f,1.2955150142458536f,-0.03501458186639898f,2.3054316133257844f,-0.9149061734310501f,0.07154056646170817f,-0.3998978123186514f,0.35508295064936213f,0f,0f,0f,1f], start_interpolation: 0, interpolation_duration: 1 }
$data merge entity $(bone_head) { transformation: [-0.99868428246754f,0.045770841220337886f,-0.0231243172067222f,0.1354470186781464f,0.04460013128419982f,0.9978107742217763f,0.04883121067894325f,1.8939366785688534f,0.025308738445972197f,0.04773561501564444f,-0.9985393226194708f,0.27723561889087156f,0f,0f,0f,1f], start_interpolation: 0, interpolation_duration: 1 }
$data merge entity $(bone_body) { transformation: [-0.9894422774969058f,0.14490003387050407f,0.002821291559336186f,-6.403984274441296e-18f,0.14148748012933643f,0.9615574716170429f,0.23534766143747932f,0.9966399305555556f,0.03138905013514486f,0.23326210356971092f,-0.9719071553239265f,0.0522925f,0f,0f,0f,1f], start_interpolation: 0, interpolation_duration: 1 }
$data merge entity $(bone_shoe_right) { transformation: [-0.9672989142524471f,0.007103990746621084f,0.25353962964694304f,-0.12496202556338404f,0.007535053277847869f,0.999971345265054f,0.0007291233765105142f,0.25059182387015533f,-0.2535271848503373f,0.002615714867890231f,-0.9673247255072068f,0.066956628626764f,0f,0f,0f,1f], start_interpolation: 0, interpolation_duration: 1 }
$data merge entity $(bone_lowerleg_right) { transformation: [-0.964815983191365f,-0.0031866271424636087f,0.2629067591104014f,-0.12380501482157615f,-0.0031240533765901956f,0.9999949049456999f,0.000656028308027195f,0.6875019106453626f,-0.2629075101038004f,-0.0001883881515166088f,-0.9648210225948254f,0.06257064555681871f,0f,0f,0f,1f], start_interpolation: 0, interpolation_duration: 1 }
$data merge entity $(bone_leg_right) { transformation: [-0.964815983191365f,-0.0031866271424636087f,0.2629067591104014f,-0.125f,-0.0031240533765901956f,0.9999949049456999f,0.000656028308027195f,1.0625f,-0.2629075101038004f,-0.0001883881515166088f,-0.9648210225948254f,0.062499999999999986f,0f,0f,0f,1f], start_interpolation: 0, interpolation_duration: 1 }
$data merge entity $(bone_shoe_left) { transformation: [-0.9082293209616141f,0.1197003200213875f,-0.4025993679665794f,0.09219697469430468f,-0.23241253578841292f,0.6321771977644092f,0.7149241348092534f,0.42550261329006894f,0.3479998760833182f,0.7346015431072921f,-0.5732623291875611f,-0.41106003897067034f,0f,0f,0f,1f], start_interpolation: 0, interpolation_duration: 1 }
$data merge entity $(bone_lowerleg_left) { transformation: [-0.9045298380906913f,0.17175144332767148f,-0.3967956630486996f,0.16177548383077817f,-0.2397371068066501f,0.6416721186224387f,0.7760428850523018f,0.7005128586989917f,0.352635635782325f,0.8767886483625644f,-0.49021489404692986f,-0.04185707146146969f,0f,0f,0f,1f], start_interpolation: 0, interpolation_duration: 1 }
$data merge entity $(bone_leg_left) { transformation: [-0.9045298380906913f,-0.11768154825849013f,-0.40984975930591f,0.12499999999999999f,-0.2397371068066501f,0.935218356295458f,0.260562364258537f,0.9927685950413223f,0.352635635782325f,0.33394262867670305f,-0.8741455423033907f,0.06250000000000001f,0f,0f,0f,1f], start_interpolation: 0, interpolation_duration: 1 }