# This file was generated by Animated Java via MC-Build. It is not recommended to edit this file directly.
$data merge entity $(bone_hammer) { transformation: [-0.000020728108353261187f,-0.000001559722100533421f,0.0000013930430152544658f,0.3091208133293727f,0.0000012833440021222739f,-0.00002044454122307141f,-0.0000037949361164752202f,2.6808246178648867f,0.000001651160211929303f,-0.0000036899564936485154f,0.000020437359633947345f,-0.8176959413392911f,0f,0f,0f,1f], start_interpolation: 0, interpolation_duration: 1 }
$data merge entity $(bone_hand_left) { transformation: [-0.9949492009565368f,0.06686606473221432f,0.07486666082560421f,0.321661327729187f,0.061600512101869134f,-0.18215693359081075f,0.9813379787074277f,2.2221530161493286f,0.07925569017260653f,0.9809932624294725f,0.17711791169512892f,-0.8400087830066402f,0f,0f,0f,1f], start_interpolation: 0, interpolation_duration: 1 }
$data merge entity $(bone_lowerarm_left) { transformation: [-0.9777094997981017f,0.19616094693228212f,0.07486666082560421f,0.4084012464508055f,0.03729726025330404f,-0.18863903605568194f,0.9813379787074277f,2.138739192393457f,0.20662296189471036f,0.9622557856280278f,0.17711791169512892f,-0.41451130279924664f,0f,0f,0f,1f], start_interpolation: 0, interpolation_duration: 1 }
$data merge entity $(bone_arm_left) { transformation: [-0.9914448635355826f,-0.1305261757997335f,-8.485199008339926e-8f,0.34375f,0.09229587599560786f,-0.7010573290769193f,0.7071068466800041f,1.7914967340850454f,-0.09229601206505897f,0.7010574432802441f,0.7071067156930794f,-0.0672687879245007f,0f,0f,0f,1f], start_interpolation: 0, interpolation_duration: 1 }
$data merge entity $(bone_bread) { transformation: [-0.000009949492009565369f,-6.686606473221457e-7f,-7.486666082560426e-7f,-0.2542083836124319f,-6.160051210186914e-7f,-0.0000018215693359081077f,0.000009813379787074278f,2.3885171247171137f,-7.925569017260678e-7f,0.000009809932624294726f,0.0000017711791169512893f,-1.0275078395654083f,0f,0f,0f,1f], start_interpolation: 0, interpolation_duration: 1 }
$data merge entity $(bone_hand_right) { transformation: [-0.9949492009565368f,-0.06686606473221457f,-0.07486666082560425f,-0.3216613277291869f,-0.061600512101869134f,-0.18215693359081075f,0.9813379787074277f,2.2221530161493286f,-0.07925569017260678f,0.9809932624294725f,0.17711791169512892f,-0.8400087830066403f,0f,0f,0f,1f], start_interpolation: 0, interpolation_duration: 1 }
$data merge entity $(bone_lowerarm_right) { transformation: [-0.9777094997981017f,-0.19616094693228237f,-0.07486666082560425f,-0.40840124645080544f,-0.03729726025330404f,-0.18863903605568194f,0.9813379787074277f,2.138739192393457f,-0.2066229618947106f,0.9622557856280278f,0.17711791169512892f,-0.41451130279924675f,0f,0f,0f,1f], start_interpolation: 0, interpolation_duration: 1 }
$data merge entity $(bone_arm_right) { transformation: [-0.9914448635355826f,0.13052617579973333f,8.485198991020805e-8f,-0.34375f,-0.09229587599560786f,-0.7010573290769193f,0.7071068466800041f,1.7914967340850454f,0.09229601206505872f,0.7010574432802441f,0.7071067156930794f,-0.0672687879245008f,0f,0f,0f,1f], start_interpolation: 0, interpolation_duration: 1 }
$data merge entity $(bone_uppertail) { transformation: [-1f,4.188538737676993e-17f,1.1507915602278503e-16f,0.021875000000000054f,0f,0.9396926207859084f,-0.34202014332566866f,0.5410790925694151f,-1.2246467991473532e-16f,-0.34202014332566866f,-0.9396926207859084f,-0.4177157510152859f,0f,0f,0f,1f], start_interpolation: 0, interpolation_duration: 1 }
$data merge entity $(bone_middletail) { transformation: [-1f,9.381338752702731e-17f,7.871877887341985e-17f,0.021875000000000023f,0f,0.6427876096865394f,-0.7660444431189779f,0.8314846316324489f,-1.2246467991473532e-16f,-0.7660444431189779f,-0.6427876096865394f,-0.17406186256188577f,0f,0f,0f,1f], start_interpolation: 0, interpolation_duration: 1 }
$data merge entity $(bone_tail) { transformation: [-1f,1.1507915602278503e-16f,4.1885387376769924e-17f,0.02187500000000001f,0f,0.3420201433256689f,-0.9396926207859083f,1.1251385756280452f,-1.2246467991473532e-16f,-0.9396926207859083f,-0.3420201433256689f,-0.06718056777261425f,0f,0f,0f,1f], start_interpolation: 0, interpolation_duration: 1 }
$data merge entity $(bone_hair) { transformation: [-0.6893654271085455f,0.12155372436685122f,1.2234812067540777e-16f,0.12499999999999997f,0.12143803215535404f,0.6887093039728102f,-0.04361938736533599f,2.347026470567837f,-0.005302098988857048f,-0.03006969760131793f,-0.9990482215818577f,0.16539560859845062f,0f,0f,0f,1f], start_interpolation: 0, interpolation_duration: 1 }
$data merge entity $(bone_ear_left) { transformation: [-0.2067878244784589f,0.6838294409683506f,-0.8249478593202838f,0.142644375f,0.5795035543787881f,0.9687685593172157f,0.32991328783639073f,2.336554424553054f,0.7882984372113248f,-0.5327896152735703f,-0.45893164187258206f,-0.06395089422158341f,0f,0f,0f,1f], start_interpolation: 0, interpolation_duration: 1 }
$data merge entity $(bone_ear_right) { transformation: [-0.20678782447845867f,-0.6838294409683504f,0.8249478593202838f,-0.142644375f,-0.5795035543787881f,0.9687685593172157f,0.32991328783639073f,2.336554424553054f,-0.7882984372113248f,-0.5327896152735705f,-0.45893164187258184f,-0.06395089422158344f,0f,0f,0f,1f], start_interpolation: 0, interpolation_duration: 1 }
$data merge entity $(bone_head) { transformation: [-1f,5.341834311772725e-18f,1.2234812067540777e-16f,1.262530096657969e-17f,0f,0.9990482215818577f,-0.04361938736533599f,1.976571303003542f,-1.2246467991473532e-16f,-0.04361938736533599f,-0.9990482215818577f,-0.10309340599567088f,0f,0f,0f,1f], start_interpolation: 0, interpolation_duration: 1 }
$data merge entity $(bone_body) { transformation: [-1f,2.1265768495757713e-17f,1.2060416625018976e-16f,-6.403984274441296e-18f,0f,0.984807753012208f,-0.17364817766693033f,1.0546483258420574f,-1.2246467991473532e-16f,-0.17364817766693033f,-0.984807753012208f,0.0522925f,0f,0f,0f,1f], start_interpolation: 0, interpolation_duration: 1 }
$data merge entity $(bone_shoe_right) { transformation: [-0.9981755543368951f,-4.509758763648897e-8f,0.06037849554460731f,-0.19724487759353673f,-4.2633635885525045e-8f,0.9999999999999982f,4.2096684846771454e-8f,0.2538002940903918f,-0.06037849554460909f,3.9445726937419046e-8f,-0.9981755543368952f,0.06296127049948357f,0f,0f,0f,1f], start_interpolation: 0, interpolation_duration: 1 }
$data merge entity $(bone_lowerleg_right) { transformation: [-0.9943771989257177f,0.08699668690480983f,0.06037849554460731f,-0.1576237575893037f,0.08715570027625599f,0.9961947018075099f,4.2096684846771454e-8f,0.6889269868221838f,-0.06014873370237403f,0.005262371920800613f,-0.9981755543368952f,0.06052661052969976f,0f,0f,0f,1f], start_interpolation: 0, interpolation_duration: 1 }
$data merge entity $(bone_leg_right) { transformation: [-0.9943771989257177f,0.08699668690480983f,0.06037849554460731f,-0.125f,0.08715570027625599f,0.9961947018075099f,4.2096684846771454e-8f,1.0625f,-0.06014873370237403f,0.005262371920800613f,-0.9981755543368952f,0.062499999999999986f,0f,0f,0f,1f], start_interpolation: 0, interpolation_duration: 1 }
$data merge entity $(bone_shoe_left) { transformation: [-0.8870108331782218f,-0.4260652333244785f,-0.1759896061541703f,0.46268776925404353f,2.7755575615628914e-17f,0.38404559751676454f,-0.9246844133782709f,0.6970355516540148f,0.4617486132350338f,-0.818463698140123f,-0.33807288795485585f,0.7083158747264839f,0f,0f,0f,1f], start_interpolation: 0, interpolation_duration: 1 }
$data merge entity $(bone_lowerleg_left) { transformation: [-0.8870108331782218f,-0.4177675425873858f,-0.21321178182447684f,0.27795676597923835f,2.7755575615628914e-17f,0.47098358549973446f,-0.8870108331782218f,0.8985330253337743f,0.4617486132350338f,-0.8025239825390338f,-0.40957602214449573f,0.35632721364542824f,0f,0f,0f,1f], start_interpolation: 0, interpolation_duration: 1 }
$data merge entity $(bone_leg_left) { transformation: [-0.8870108331782218f,-0.4184863638282855f,-0.19514339628656846f,0.12499999999999999f,2.7755575615628914e-17f,0.4226182617406993f,-0.90630778703665f,1.053f,0.4617486132350338f,-0.8039048252952894f,-0.3748669764629494f,0.06250000000000001f,0f,0f,0f,1f], start_interpolation: 0, interpolation_duration: 1 }
$data merge entity $(bone_string2) { transformation: [-1f,0f,1.2246467991473532e-16f,1.2981003685029825e-16f,0f,1f,0f,2.7835631249999997f,-1.2246467991473532e-16f,0f,-1f,-1.05708875f,0f,0f,0f,1f], start_interpolation: 0, interpolation_duration: 1 }
$data merge entity $(bone_string) { transformation: [-1f,0f,1.2246467991473532e-16f,1.1796119636642288e-16f,0f,1f,0f,2.6154849999999996f,-1.2246467991473532e-16f,0f,-1f,-0.9603356249999999f,0f,0f,0f,1f], start_interpolation: 0, interpolation_duration: 1 }
$data merge entity $(bone_flame) { transformation: [-0.7071067811865475f,-0.30621428284071467f,-0.6373639564521568f,1.5959455978986625e-16f,0f,0.9013687513824149f,-0.43305239178568966f,2.87923375f,0.7071067811865476f,-0.30621428284071467f,-0.6373639564521568f,-1.28805875f,0f,0f,0f,1f], start_interpolation: 0, interpolation_duration: 1 }
$data merge entity $(bone_bomb) { transformation: [-1f,0f,1.2246467991473532e-16f,-0.02343749999999989f,0f,1f,0f,1.999216875f,-1.2246467991473532e-16f,0f,-1f,-0.9046875f,0f,0f,0f,1f], start_interpolation: 0, interpolation_duration: 1 }