# This file was generated by Animated Java via MC-Build. It is not recommended to edit this file directly.
$data merge entity $(bone_hammer) { transformation: [-0.000010436341378688413f,-0.00001167975481274191f,0.000013736589238944503f,0.6895856991485727f,-0.000015703051411806485f,-0.0000019127185198581154f,-0.000013556675919993508f,2.3011636069530867f,0.000008861418214000296f,-0.000017145046315358893f,-0.000007845408329625676f,0.8559199411098486f,0f,0f,0f,1f], start_interpolation: 0, interpolation_duration: 1 }
$data merge entity $(bone_hand_left) { transformation: [-0.5009443861770437f,0.659356283469336f,0.5606282310116117f,0.498050936100794f,-0.7537464677667112f,-0.6507204441596883f,0.09181048895318938f,2.2509261762662773f,0.42534807427201415f,-0.3765795998220326f,0.8229622231372267f,0.44140166560535515f,0f,0f,0f,1f], start_interpolation: 0, interpolation_duration: 1 }
$data merge entity $(bone_lowerarm_left) { transformation: [-0.8213556604236214f,0.451666344551986f,0.3483854076868361f,0.6977721478323753f,-0.29631502536614807f,-0.8597296987629464f,0.4160075129216202f,1.8707644500945368f,0.48741387427148153f,0.23845829460100493f,0.839979378856198f,0.546844942749237f,0f,0f,0f,1f], start_interpolation: 0, interpolation_duration: 1 }
$data merge entity $(bone_arm_left) { transformation: [-0.12236209619133433f,-0.5048423077824676f,0.8544950331561527f,0.4477174422588717f,-0.8526553943882124f,-0.3871601292592268f,-0.35083587720280285f,1.6789991985708261f,0.507943201388053f,-0.7715188128521884f,-0.3830827920682487f,0.1647020307583874f,0f,0f,0f,1f], start_interpolation: 0, interpolation_duration: 1 }
$data merge entity $(bone_bread) { transformation: [-0.0000063597545469985025f,-5.45092389149516e-7f,-0.00000769781763808569f,-0.5159148684882983f,-0.000003232563063894325f,0.000009245889183062779f,0.0000020159536831159784f,0.7050951380525641f,0.00000700742878236219f,0.000003770465157220527f,-0.000006056363129660241f,-0.06239428514130044f,0f,0f,0f,1f], start_interpolation: 0, interpolation_duration: 1 }
$data merge entity $(bone_hand_right) { transformation: [-0.6359754546998502f,-0.0545092389149516f,-0.769781763808569f,-0.47136450994361345f,-0.3232563063894325f,0.9245889183062778f,0.20159536831159783f,0.861946023743773f,0.700742878236219f,0.37704651572205267f,-0.605636312966024f,0.13958560918341528f,0f,0f,0f,1f], start_interpolation: 0, interpolation_duration: 1 }
$data merge entity $(bone_lowerarm_right) { transformation: [-0.6229318156753482f,0.13925512244503782f,-0.769781763808569f,-0.4097876354874483f,-0.030265768947783878f,0.9790011699202973f,0.20159536831159783f,1.2948481035679045f,0.7816904350504831f,0.1488782058177318f,-0.605636312966024f,0.20541769081844355f,0f,0f,0f,1f], start_interpolation: 0, interpolation_duration: 1 }
$data merge entity $(bone_arm_right) { transformation: [-0.5665591007977033f,0.35584389979784314f,-0.7432266843164071f,-0.2335337038688291f,0.14572263450400283f,0.9310022212084332f,0.3346636787853986f,1.7559851412602066f,0.811033722539643f,0.08130180245004515f,-0.5793222918392346f,0.24568748984448155f,0f,0f,0f,1f], start_interpolation: 0, interpolation_duration: 1 }
$data merge entity $(bone_uppertail) { transformation: [0.06226092920528803f,-0.5350573930745852f,0.8425183456819935f,0.5527791268831892f,0.899611060411061f,0.39566509145013556f,0.1847946844307004f,1.3770825997320173f,-0.4322308603982142f,0.7464333336098976f,0.5059780250123862f,-0.28455812451945856f,0f,0f,0f,1f], start_interpolation: 0, interpolation_duration: 1 }
$data merge entity $(bone_middletail) { transformation: [-0.35718525952287f,-0.2079486104759636f,0.9105910529873968f,0.2075871032735826f,0.7097371304856863f,0.573342104142187f,0.409331207248792f,1.221923922527404f,-0.6072000461046788f,0.7924873544851839f,-0.05720049817571926f,-0.2628591337278911f,0f,0f,0f,1f], start_interpolation: 0, interpolation_duration: 1 }
$data merge entity $(bone_tail) { transformation: [-0.8283466675693542f,0.09231312339278352f,0.5525577667323252f,0.034912801169731014f,0.34443782635546455f,0.8618003145455989f,0.3723745448129202f,1.1055568772733664f,-0.44181939987088487f,0.49877700939254954f,-0.7456655502295623f,-0.029838649281152894f,0f,0f,0f,1f], start_interpolation: 0, interpolation_duration: 1 }
$data merge entity $(bone_hair) { transformation: [-0.6829616970357931f,0.1526563973722065f,-0.02300597630112383f,0.28213509505850115f,0.15175855878222128f,0.6825136702422304f,0.04832774520688457f,2.2329708449795227f,0.023079432799190724f,0.02951464507357081f,-0.9985665496588851f,0.5748100543440879f,0f,0f,0f,1f], start_interpolation: 0, interpolation_duration: 1 }
$data merge entity $(bone_ear_left) { transformation: [-0.1193187644562639f,0.7453758244044357f,-0.8105642731859332f,0.2942571930647131f,0.5395319142803693f,0.9396146308712695f,0.43184914445125916f,2.2384974769196533f,0.8334676633928824f,-0.5015368638954231f,-0.39559054016909373f,0.34488367525836017f,0f,0f,0f,1f], start_interpolation: 0, interpolation_duration: 1 }
$data merge entity $(bone_ear_right) { transformation: [-0.397894040025095f,0.07605487512037769f,0.9155641125216798f,0.01192125248242569f,0.07210250895738199f,1.295933597326649f,-0.03236430005473821f,2.3079620630893287f,-0.9145936590172485f,0.069077979779624f,-0.4008676938147498f,0.35475029935333613f,0f,0f,0f,1f], start_interpolation: 0, interpolation_duration: 1 }
$data merge entity $(bone_head) { transformation: [-0.9987063992344377f,0.04534592796068823f,-0.02300597630112383f,0.13450248423473807f,0.044193928863369855f,0.9978533588132266f,0.04832774520688457f,1.8946172217844222f,0.025148057177507798f,0.0472485039186028f,-0.9985665496588851f,0.27703527363739394f,0f,0f,0f,1f], start_interpolation: 0, interpolation_duration: 1 }
$data merge entity $(bone_body) { transformation: [-0.9895899205291252f,0.14388931483135464f,0.0027666341505494492f,-6.403984274441296e-18f,0.14050024530160685f,0.9617612962397041f,0.23510612524031024f,0.9971282118055556f,0.031168417626629426f,0.23304736456928116f,-0.9719657687439227f,0.0522925f,0f,0f,0f,1f], start_interpolation: 0, interpolation_duration: 1 }
$data merge entity $(bone_shoe_right) { transformation: [-0.9676085389444284f,0.00746157703687656f,0.25234508164406866f,-0.12543861333877626f,0.007869060127824607f,0.9999688550738013f,0.0006056195965624763f,0.2505918044106228f,-0.2523327034978494f,0.0025717213134039173f,-0.9676371184462452f,0.06693159118219667f,0f,0f,0f,1f], start_interpolation: 0, interpolation_duration: 1 }
$data merge entity $(bone_lowerleg_right) { transformation: [-0.9651726157987993f,-0.0025924554314824986f,0.2616010338032693f,-0.12402782921319407f,-0.0025422805737840247f,0.9999966278304101f,0.000530223813617804f,0.6875012645635963f,-0.2616015262218239f,-0.00015330572117155876f,-0.9651759518221371f,0.06255748964543932f,0f,0f,0f,1f], start_interpolation: 0, interpolation_duration: 1 }
$data merge entity $(bone_leg_right) { transformation: [-0.9651726157987993f,-0.0025924554314824986f,0.2616010338032693f,-0.125f,-0.0025422805737840247f,0.9999966278304101f,0.000530223813617804f,1.0625f,-0.2616015262218239f,-0.00015330572117155876f,-0.9651759518221371f,0.062499999999999986f,0f,0f,0f,1f], start_interpolation: 0, interpolation_duration: 1 }
$data merge entity $(bone_shoe_left) { transformation: [-0.9083865416956376f,0.11780709286927135f,-0.40283002073515983f,0.09370206083030043f,-0.23065212214090286f,0.6393897317364179f,0.7091730268684711f,0.42175534279676014f,0.34875993092403507f,0.7297024503490721f,-0.5802074374724222f,-0.4061782580384147f,0f,0f,0f,1f], start_interpolation: 0, interpolation_duration: 1 }
$data merge entity $(bone_lowerleg_left) { transformation: [-0.9045824186582102f,0.16960967101426963f,-0.3974366661976345f,0.1623801491748747f,-0.23812604266899304f,0.6495786413080625f,0.7710868866574071f,0.7001256330284593f,0.3535910570945869f,0.8713668276075253f,-0.4974626715510392f,-0.03925627494554258f,0f,0f,0f,1f], start_interpolation: 0, interpolation_duration: 1 }
$data merge entity $(bone_leg_left) { transformation: [-0.9045824186582102f,-0.11961647735959909f,-0.4091730027733294f,0.12499999999999999f,-0.23812604266899304f,0.937903759432897f,0.2522548826969327f,0.9932205578512396f,0.3535910570945869f,0.3256200798257363f,-0.8768950495680846f,0.06250000000000001f,0f,0f,0f,1f], start_interpolation: 0, interpolation_duration: 1 }