# This file was generated by Animated Java via MC-Build. It is not recommended to edit this file directly.
$data merge entity $(bone_hammer) { transformation: [-0.00001042034508372918f,-0.000011722422057109624f,0.00001371236694479726f,0.6887895126279728f,-0.000015784905578459998f,-0.0000017419176914728154f,-0.000013484444979791124f,2.300101817146903f,0.000008733896151940521f,-0.00001713412739677458f,-0.000008010525209747175f,0.8610999510511773f,0f,0f,0f,1f], start_interpolation: 0, interpolation_duration: 1 }
$data merge entity $(bone_hand_left) { transformation: [-0.5001765640190006f,0.6581936133502683f,0.562676258741262f,0.49622143769103777f,-0.7576754677660797f,-0.6472533590299738f,0.08361204919069498f,2.2539629797980547f,0.41922701529314493f,-0.38450521006786453f,0.8224381150451796f,0.4465839563921301f,0f,0f,0f,1f], start_interpolation: 0, interpolation_duration: 1 }
$data merge entity $(bone_lowerarm_left) { transformation: [-0.8188853747070202f,0.4531612701832658f,0.35223799666820704f,0.6966036868502006f,-0.30279142638273576f,-0.8624368409642527f,0.40561070924805215f,1.8726041891841743f,0.48759008931688874f,0.22549403219040742f,0.8434502630543543f,0.5462945987513259f,0f,0f,0f,1f], start_interpolation: 0, interpolation_duration: 1 }
$data merge entity $(bone_arm_left) { transformation: [-0.12138596129146474f,-0.5042329929492532f,0.8549938813949403f,0.4468507825300236f,-0.8524201330132573f,-0.3883744618198665f,-0.3500645572459302f,1.6802374635640216f,0.5085718879716095f,-0.7713069208995642f,-0.382675147530416f,0.16425663949326047f,0f,0f,0f,1f], start_interpolation: 0, interpolation_duration: 1 }
$data merge entity $(bone_bread) { transformation: [-0.000006379034069468315f,-5.634865088556507e-7f,-0.000007680521290570075f,-0.5146003300746734f,-0.0000032107423034687525f,0.000009259678899208964f,0.000001987330003864598f,0.7045309124128618f,0.000006999932728339518f,0.0000037337420422254617f,-0.00000608770171418076f,-0.05964425851405769f,0f,0f,0f,1f], start_interpolation: 0, interpolation_duration: 1 }
$data merge entity $(bone_hand_right) { transformation: [-0.6379034069468315f,-0.056348650885565066f,-0.7680521290570075f,-0.47078904425794177f,-0.3210742303468752f,0.9259678899208963f,0.19873300038645977f,0.8621776238880707f,0.6999932728339517f,0.37337420422254614f,-0.6087701714180759f,0.14187719963900575f,0f,0f,0f,1f], start_interpolation: 0, interpolation_duration: 1 }
$data merge entity $(bone_lowerarm_right) { transformation: [-0.6253236582607684f,0.13808059049108912f,-0.7680521290570075f,-0.4097315331501633f,-0.027770021276307816f,0.9796601556028034f,0.19873300038645977f,1.2953710989436853f,0.7798712383064805f,0.1456012707840263f,-0.6087701714180759f,0.20626026156381738f,0f,0f,0f,1f], start_interpolation: 0, interpolation_duration: 1 }
$data merge entity $(bone_arm_right) { transformation: [-0.5694597310371197f,0.3539252196741556f,-0.7419248975507778f,-0.23442794778030807f,0.14804567692664952f,0.9319631526543501f,0.3309488776803672f,1.756984097992793f,0.8085778207881179f,0.07862328518425848f,-0.5831125849751259f,0.24520335750664543f,0f,0f,0f,1f], start_interpolation: 0, interpolation_duration: 1 }
$data merge entity $(bone_uppertail) { transformation: [0.046782752413620066f,-0.5310110094130402f,0.8460725039609489f,0.549785500624944f,0.9004168026485371f,0.38915096163717144f,0.19445079214302566f,1.3822744564159257f,-0.4325054399482061f,0.7527209555598998f,0.4963367883566559f,-0.28674586289564724f,0f,0f,0f,1f], start_interpolation: 0, interpolation_duration: 1 }
$data merge entity $(bone_middletail) { transformation: [-0.3674165828744323f,-0.20762805092973038f,0.9065846055917763f,0.20611225231296965f,0.708165121197831f,0.5694428239715381f,0.4174170951772115f,1.2240504951594937f,-0.6029155958736984f,0.7953775598383708f,-0.06218779267526742f,-0.26315622627334423f,0f,0f,0f,1f], start_interpolation: 0, interpolation_duration: 1 }
$data merge entity $(bone_tail) { transformation: [-0.8315062649928534f,0.08969577218775056f,0.5482262304279848f,0.034791555304224384f,0.34163239744801294f,0.860760360785525f,0.37733129516950464f,1.1061344654190235f,-0.43804638600444773f,0.5010451773563099f,-0.7463706143441249f,-0.029915409290805196f,0f,0f,0f,1f], start_interpolation: 0, interpolation_duration: 1 }
$data merge entity $(bone_hair) { transformation: [-0.6830323651432781f,0.15234762163153912f,-0.02290131223371935f,0.2807931598850483f,0.15146508330456548f,0.6825968775531297f,0.04780554348904706f,2.2341234827858742f,0.022915425073965538f,0.0291839842710195f,-0.9985940916657231f,0.573994136892489f,0f,0f,0f,1f], start_interpolation: 0, interpolation_duration: 1 }
$data merge entity $(bone_ear_left) { transformation: [-0.12252625609142688f,0.743313232692329f,-0.8112062765652868f,0.2929541688363167f,0.5383509077858075f,0.9424420987765049f,0.4296718285346821f,2.2398112868739966f,0.8337659243783085f,-0.49928782135980093f,-0.39664404271934633f,0.34407930321426866f,0f,0f,0f,1f], start_interpolation: 0, interpolation_duration: 1 }
$data merge entity $(bone_ear_right) { transformation: [-0.3991140209536842f,0.07153692606597606f,0.9152485307052303f,0.010653183588456516f,0.06905420439469293f,1.296316449772667f,-0.029841053632856118f,2.310648814754943f,-0.9142972794083981f,0.06667930906826489f,-0.4017830740088472f,0.3539446625319711f,0f,0f,0f,1f], start_interpolation: 0, interpolation_duration: 1 }
$data merge entity $(bone_head) { transformation: [-0.9987292223136767f,0.044893990630066424f,-0.02290131223371935f,0.13334943223701293f,0.0437604064010547f,0.9978976184175066f,0.04780554348904706f,1.895551296776042f,0.02499934655812674f,0.04674262254063363f,-0.9985940916657231f,0.27637423807759476f,0f,0f,0f,1f], start_interpolation: 0, interpolation_duration: 1 }
$data merge entity $(bone_body) { transformation: [-0.9897689699078509f,0.14265497728143017f,0.0026350833737206598f,-6.403984274441296e-18f,0.13929340699715828f,0.9621165048193098f,0.2343697461734325f,0.997725f,0.030898753610393966f,0.23233895198848992f,-0.9721439597169826f,0.0522925f,0f,0f,0f,1f], start_interpolation: 0, interpolation_duration: 1 }
$data merge entity $(bone_shoe_right) { transformation: [-0.9678201278490958f,0.007790920700772119f,0.2515223681599592f,-0.1259006799810218f,0.008175823708014951f,0.9999664596259733f,0.0004853141169029805f,0.25059205215550995f,-0.2515101509618552f,0.0025260993113662726f,-0.96785136399419f,0.06690709085295693f,0f,0f,0f,1f], start_interpolation: 0, interpolation_duration: 1 }
$data merge entity $(bone_lowerleg_right) { transformation: [-0.965493513012046f,-0.002016846966095593f,0.26041929394722957f,-0.12424368238771415f,-0.0019783241632857318f,0.999997959046102f,0.00041004528465620014f,0.6875007653577118f,-0.26041958944204474f,-0.00011929771942487482f,-0.9654955324613839f,0.06254473664478431f,0f,0f,0f,1f], start_interpolation: 0, interpolation_duration: 1 }
$data merge entity $(bone_leg_right) { transformation: [-0.965493513012046f,-0.002016846966095593f,0.26041929394722957f,-0.125f,-0.0019783241632857318f,0.999997959046102f,0.00041004528465620014f,1.0625f,-0.26041958944204474f,-0.00011929771942487482f,-0.9654955324613839f,0.062499999999999986f,0f,0f,0f,1f], start_interpolation: 0, interpolation_duration: 1 }
$data merge entity $(bone_shoe_left) { transformation: [-0.9086639135758884f,0.11581745838616413f,-0.402805462849533f,0.09526388491580273f,-0.22873606715263947f,0.6468030827973472f,0.7033441987520521f,0.41800819210024837f,0.3492988745308139f,0.7248415521491111f,-0.5872753030795659f,-0.40108466697898115f,0f,0f,0f,1f], start_interpolation: 0, interpolation_duration: 1 }
$data merge entity $(bone_lowerleg_left) { transformation: [-0.9048805734855385f,0.1672292078131678f,-0.3975915932788156f,0.16294614162558482f,-0.2361166649177154f,0.6576978751899247f,0.7659999670035931f,0.6998445039802071f,0.3541751943270703f,0.8657181394800726f,-0.5051385705967295f,-0.036522901083793385f,0f,0f,0f,1f], start_interpolation: 0, interpolation_duration: 1 }
$data merge entity $(bone_leg_left) { transformation: [-0.9048805734855385f,-0.12142765320187145f,-0.4079785199815901f,0.12499999999999999f,-0.2361166649177154f,0.9406628765195353f,0.2437258157974422f,0.993801652892562f,0.3541751943270703f,0.31687328346813887f,-0.8798586556643643f,0.06250000000000001f,0f,0f,0f,1f], start_interpolation: 0, interpolation_duration: 1 }