# This file was generated by Animated Java via MC-Build. It is not recommended to edit this file directly.
$data merge entity $(bone_hammer) { transformation: [-0.000010404070691488012f,-0.000011785157536126454f,0.000013670887047773437f,0.6879787604159112f,-0.000015881256059434834f,-0.0000015213271948613056f,-0.000013397725453173652f,2.2986617600510293f,0.000008577225472083737f,-0.00001711208354329287f,-0.000008224085224885554f,0.8675726102416473f,0f,0f,0f,1f], start_interpolation: 0, interpolation_duration: 1 }
$data merge entity $(bone_hand_left) { transformation: [-0.49939539319142456f,0.6562025782931248f,0.5656875617340699f,0.49388854935911664f,-0.762300290852872f,-0.6430908217523352f,0.07302370535334252f,2.2577774795645222f,0.41170682266001934f,-0.3947560907945067f,0.8213800100780575f,0.4532149975373201f,0f,0f,0f,1f], start_interpolation: 0, interpolation_duration: 1 }
$data merge entity $(bone_lowerarm_left) { transformation: [-0.8151959020164434f,0.4553493378595368f,0.35792823560942755f,0.6952383346938805f,-0.31142180366134486f,-0.8656545359657749f,0.39199322005130743f,1.874995864442156f,0.4883360539013188f,0.2080846098892451f,0.8474837423734618f,0.5452274109727206f,0f,0f,0f,1f], start_interpolation: 0, interpolation_duration: 1 }
$data merge entity $(bone_arm_left) { transformation: [-0.12019207134605457f,-0.503550947237631f,0.8555643222584898f,0.4458232561402414f,-0.8519236381496722f,-0.39014454290330625f,-0.3493040944572448f,1.6817523955353622f,0.5096861590698445f,-0.7708590527319854f,-0.38209467422848864f,0.16341128641640915f,0f,0f,0f,1f], start_interpolation: 0, interpolation_duration: 1 }
$data merge entity $(bone_bread) { transformation: [-0.000006401131234750027f,-5.829753188894011e-7f,-0.000007660656544518453f,-0.5132437961036476f,-0.00000318547299047018f,0.000009275085643401003f,0.0000019559008498800784f,0.7040207294705466f,0.000006991300361341413f,0.0000036922792534073638f,-0.000006122809254938864f,-0.05704613693067703f,0f,0f,0f,1f], start_interpolation: 0, interpolation_duration: 1 }
$data merge entity $(bone_hand_right) { transformation: [-0.6401131234750027f,-0.0582975318889401f,-0.7660656544518452f,-0.47024524461506023f,-0.31854729904701795f,0.9275085643401002f,0.1955900849880078f,0.8625552611060039f,0.6991300361341413f,0.36922792534073634f,-0.6122809254938864f,0.14395321468272868f,0f,0f,0f,1f], start_interpolation: 0, interpolation_duration: 1 }
$data merge entity $(bone_lowerarm_right) { transformation: [-0.6280171421902925f,0.13688638421846067f,-0.7660656544518452f,-0.4097157965934597f,-0.024896754329255172f,0.9803696600151663f,0.1955900849880078f,1.2960624701439603f,0.777801144727241f,0.1419064746138928f,-0.6122809254938864f,0.2067024839260594f,0f,0f,0f,1f], start_interpolation: 0, interpolation_duration: 1 }
$data merge entity $(bone_arm_right) { transformation: [-0.57281253974211f,0.3517456215505422f,-0.7403788300824223f,-0.23549179341920679f,0.1503821235196503f,0.9330117107208319f,0.32691644893383276f,1.7581948331103723f,0.805773548362016f,0.07592210072047156f,-0.5873370611346405f,0.24430764943916797f,0f,0f,0f,1f], start_interpolation: 0, interpolation_duration: 1 }
$data merge entity $(bone_uppertail) { transformation: [0.028438104363895045f,-0.5222060580796671f,0.8523450634133359f,0.5461336173464171f,0.8988940435909574f,0.3863427776972663f,0.20670935275854932f,1.386246458927058f,-0.43724223562790215f,0.7602894784396637f,0.4803947713673182f,-0.29226838076342665f,0f,0f,0f,1f], start_interpolation: 0, interpolation_duration: 1 }
$data merge entity $(bone_middletail) { transformation: [-0.3802081909236731f,-0.20291019742291f,0.9023686515700462f,0.20405864956335446f,0.704123066705643f,0.5691071437077254f,0.4246501688612342f,1.2252805685533394f,-0.5997102954657257f,0.7968340547206989f,-0.07350544707558632f,-0.2643884053443944f,0f,0f,0f,1f], start_interpolation: 0, interpolation_duration: 1 }
$data merge entity $(bone_tail) { transformation: [-0.835544633052344f,0.08920216458886501f,0.5421329541819836f,0.03464210138148458f,0.3379961802185204f,0.8613765393333214f,0.3791952526652206f,1.106782052095458f,-0.43315557059226784f,0.5000734259274452f,-0.7498685353754182f,-0.030054488039576242f,0f,0f,0f,1f], start_interpolation: 0, interpolation_duration: 1 }
$data merge entity $(bone_hair) { transformation: [-0.6831066804329723f,0.15202053423920905f,-0.02281336510668058f,0.27923783327543394f,0.15115280081988777f,0.682684069522243f,0.0472788520021106f,2.235545598238727f,0.0227616772701028f,0.02884819561384208f,-0.9986211796902127f,0.5726619313789307f,0f,0f,0f,1f], start_interpolation: 0, interpolation_duration: 1 }
$data merge entity $(bone_ear_left) { transformation: [-0.12678336020744607f,0.7405503102407441f,-0.8120469218244295f,0.2914383439190841f,0.5365618580979099f,0.946308011901935f,0.42687280786829584f,2.241496342614595f,0.8342825372792048f,-0.4960709471562963f,-0.39794396924454806f,0.342762951655336f,0f,0f,0f,1f], start_interpolation: 0, interpolation_duration: 1 }
$data merge entity $(bone_ear_right) { transformation: [-0.40022413476575797f,0.06731114990955274f,0.9149533871125806f,0.009159979219393155f,0.06617918974203833f,1.2966574641667148f,-0.027496666919502397f,2.3134921410932314f,-0.9140245931024438f,0.06440985730925723f,-0.40262169926561864f,0.3526201410449198f,0f,0f,0f,1f], start_interpolation: 0, interpolation_duration: 1 }
$data merge entity $(bone_head) { transformation: [-0.998752633947737f,0.04441538646648449f,-0.02281336510668058f,0.13198771822090868f,0.043299436488791476f,0.997942818478652f,0.0472788520021106f,1.896749804574749f,0.02486634235690883f,0.046232072113600864f,-0.9986211796902127f,0.27520068021361205f,0f,0f,0f,1f], start_interpolation: 0, interpolation_duration: 1 }
$data merge entity $(bone_body) { transformation: [-0.9899785832790644f,0.14119682438174197f,0.0024210397121924502f,-6.403984274441296e-18f,0.1378668370939998f,0.9626343407321788f,0.23308337837095972f,0.9984302951388888f,0.030580056874914715f,0.23108133379317977f,-0.9724537404390463f,0.0522925f,0f,0f,0f,1f], start_interpolation: 0, interpolation_duration: 1 }
$data merge entity $(bone_shoe_right) { transformation: [-0.9679142707835334f,0.008078707365067973f,0.25115074935363035f,-0.12633328297998184f,0.008442536677434657f,0.9999642922465866f,0.0003712226197408084f,0.2505925217308123f,-0.2511387823256907f,0.0024796610842680008f,-0.967947913522663f,0.06688389488120385f,0f,0f,0f,1f], start_interpolation: 0, interpolation_duration: 1 }
$data merge entity $(bone_lowerleg_right) { transformation: [-0.9657653307979056f,-0.0014784902431244401f,0.2594130680891249f,-0.12444556615882833f,-0.0014505677872076622f,0.9999989032069616f,0.00029906181381188777f,0.6875004112973894f,-0.2594132257266516f,-0.00008747270860573303f,-0.9657664162035345f,0.06253280226572713f,0f,0f,0f,1f], start_interpolation: 0, interpolation_duration: 1 }
$data merge entity $(bone_leg_right) { transformation: [-0.9657653307979056f,-0.0014784902431244401f,0.2594130680891249f,-0.125f,-0.0014505677872076622f,0.9999989032069616f,0.00029906181381188777f,1.0625f,-0.2594132257266516f,-0.00008747270860573303f,-0.9657664162035345f,0.062499999999999986f,0f,0f,0f,1f], start_interpolation: 0, interpolation_duration: 1 }
$data merge entity $(bone_shoe_left) { transformation: [-0.9090689636651083f,0.11380147767661825f,-0.4024856861128477f,0.0968239036501814f,-0.22670200320166034f,0.6541988116869741f,0.6976447726654356f,0.41438767322939357f,0.34957090989554646f,0.7202017254577954f,-0.5942421757585494f,-0.39592685204961764f,0f,0f,0f,1f], start_interpolation: 0, interpolation_duration: 1 }
$data merge entity $(bone_lowerleg_left) { transformation: [-0.9054518380257246f,0.16467383171738154f,-0.39717230024247563f,0.16344231827061867f,-0.23371547513011734f,0.665782856538492f,0.7609473492760166f,0.6996937016244695f,0.35430784030351387f,0.8600091377927106f,-0.5130431712340636f,-0.0337324257610387f,0f,0f,0f,1f], start_interpolation: 0, interpolation_duration: 1 }
$data merge entity $(bone_leg_left) { transformation: [-0.9054518380257246f,-0.12301541846597976f,-0.4062316775381712f,0.12499999999999999f,-0.23371547513011734f,0.943418171330623f,0.2352429184649068f,0.9945118801652892f,0.35430784030351387f,0.3079437624353239f,-0.8829703242332873f,0.06250000000000001f,0f,0f,0f,1f], start_interpolation: 0, interpolation_duration: 1 }