# This file was generated by Animated Java via MC-Build. It is not recommended to edit this file directly.
$data merge entity $(bone_hammer) { transformation: [-0.000010387581049149195f,-0.000011870689619545825f,0.000013609286009249033f,0.6872422983237474f,-0.00001598796581920697f,-0.0000012552081689360704f,-0.000013298014107162148f,2.2968556232036743f,0.000008397076079743704f,-0.000017074511945786937f,-0.000008483980958368136f,0.875157911315064f,0f,0f,0f,1f], start_interpolation: 0, interpolation_duration: 1 }
$data merge entity $(bone_hand_left) { transformation: [-0.4986038903591613f,0.6532457284439533f,0.5697931017381996f,0.49107332246663715f,-0.7674223593219345f,-0.638304677143783f,0.06024999210893123f,2.2622762534790106f,0.4030596518276977f,-0.4072310860016707f,0.8195765733977728f,0.46120529841641666f,0f,0f,0f,1f], start_interpolation: 0, interpolation_duration: 1 }
$data merge entity $(bone_lowerarm_left) { transformation: [-0.8101798437415193f,0.45818354283112467f,0.3656179178783315f,0.6936763578122751f,-0.32213402581957595f,-0.8691133262614466f,0.3753287832341622f,1.8779652045227773f,0.48973287637674523f,0.18630584315442988f,0.8517346080806371f,0.5435874134362662f,0f,0f,0f,1f], start_interpolation: 0, interpolation_duration: 1 }
$data merge entity $(bone_arm_left) { transformation: [-0.11877698117568891f,-0.5027984769889029f,0.8562042514963526f,0.4446339871787091f,-0.8511344678674768f,-0.3925131427709304f,-0.3485735938937909f,1.6835485384940507f,0.5113336937370121f,-0.7701474691834843f,-0.3813275879864149f,0.16212374510632155f,0f,0f,0f,1f], start_interpolation: 0, interpolation_duration: 1 }
$data merge entity $(bone_bread) { transformation: [-0.000006425954828283809f,-6.03291785960311e-7f,-0.000007638268361732839f,-0.5118661562732759f,-0.00000315702030211531f,0.00000929187463742087f,0.0000019220532080268957f,0.7035963714860796f,0.000006981427315161835f,0.0000036465195383334427f,-0.0000061613771106518615f,-0.05470759871167746f,0f,0f,0f,1f], start_interpolation: 0, interpolation_duration: 1 }
$data merge entity $(bone_hand_right) { transformation: [-0.6425954828283809f,-0.0603291785960311f,-0.7638268361732837f,-0.46974702724627104f,-0.315702030211531f,0.929187463742087f,0.19220532080268954f,0.8630990871911042f,0.6981427315161834f,0.36465195383334426f,-0.6161377110651861f,0.1457111507922763f,0f,0f,0f,1f], start_interpolation: 0, interpolation_duration: 1 }
$data merge entity $(bone_lowerarm_right) { transformation: [-0.6309955383308237f,0.13569522816999066f,-0.7638268361732837f,-0.4097442935398533f,-0.02167831842445389f,0.9811152659934625f,0.19220532080268954f,1.2969359938725884f,0.7754835144069036f,0.1378391812456493f,-0.6161377110651861f,0.20666191374933685f,0f,0f,0f,1f], start_interpolation: 0, interpolation_duration: 1 }
$data merge entity $(bone_arm_right) { transformation: [-0.5766060477768135f,0.3493117810902521f,-0.7385842844650563f,-0.2367258019685878f,0.1526535170387899f,0.9341367737115335f,0.3226226770323113f,1.7596256146015823f,0.802634642538491f,0.07327869807360735f,-0.5919525850993016f,0.24295776888892048f,0f,0f,0f,1f], start_interpolation: 0, interpolation_duration: 1 }
$data merge entity $(bone_uppertail) { transformation: [0.007539199518056705f,-0.5081930067247851f,0.8612102114969664f,0.5418212417993724f,0.8945672135212185f,0.3882983635365226f,0.2213004323713385f,1.388522912312851f,-0.4468698479015001f,0.7687419910417808f,0.4575402607919975f,-0.30148237110205606f,0f,0f,0f,1f], start_interpolation: 0, interpolation_duration: 1 }
$data merge entity $(bone_middletail) { transformation: [-0.39535441288973655f,-0.19330473226320655f,0.8979577766761986f,0.20141854009055066f,0.697311248124257f,0.5731613720232396f,0.4303987277627901f,1.225377929595706f,-0.5978728221352786f,0.7963160943401104f,-0.09180831360454189f,-0.2666641321961265f,0f,0f,0f,1f], start_interpolation: 0, interpolation_duration: 1 }
$data merge entity $(bone_tail) { transformation: [-0.8403941048317758f,0.09115658052067933f,0.5342548328202331f,0.03446390483422781f,0.3335250456152599f,0.8639799108083386f,0.3772264010736178f,1.1074946792602003f,-0.4271987740049555f,0.4952062111357168f,-0.7564866264127019f,-0.030262061442157172f,0f,0f,0f,1f], start_interpolation: 0, interpolation_duration: 1 }
$data merge entity $(bone_hair) { transformation: [-0.6831845144409757f,0.15167544294133517f,-0.02274433038111336f,0.2774695531009035f,0.1508216496338716f,0.6827747524308829f,0.04676182475498933f,2.2372425645539336f,0.02262187502762899f,0.028516617111714104f,-0.9986470984192055f,0.5707658089197567f,0f,0f,0f,1f], start_interpolation: 0, interpolation_duration: 1 }
$data merge entity $(bone_ear_left) { transformation: [-0.1321464811100766f,0.7370113801015212f,-0.8130963083807017f,0.2897098088567315f,0.5340840747926068f,0.9512864573532502f,0.42341851652885326f,2.2435689562690957f,0.8350398245491943f,-0.4918010793574507f,-0.3994886145538817f,0.3408872430444493f,0f,0f,0f,1f], start_interpolation: 0, interpolation_duration: 1 }
$data merge entity $(bone_ear_right) { transformation: [-0.4011979155182316f,0.06347925264025159f,0.91468893330174f,0.007441226137310172f,0.06355610887939915f,1.2969520528741034f,-0.025382541598206694f,2.3164911024772077f,-0.9137838111982154f,0.06233584065273704f,-0.4033607341788987f,0.3507305425832762f,0f,0f,0f,1f], start_interpolation: 0, interpolation_duration: 1 }
$data merge entity $(bone_head) { transformation: [-0.9987765297470588f,0.04391058029606512f,-0.02274433038111336f,0.1304170021440782f,0.0428110548070218f,0.9979882490950952f,0.04676182475498933f,1.8982224025729422f,0.02475191331458219f,0.04573090427893353f,-0.9986470984192055f,0.27346249719873833f,0f,0f,0f,1f], start_interpolation: 0, interpolation_duration: 1 }
$data merge entity $(bone_body) { transformation: [-0.9902177647540997f,0.13951445822409142f,0.0021199792057323362f,-6.403984274441296e-18f,0.13622038658870247f,0.9633247141403692f,0.2311914821181792f,0.9992440972222223f,0.030212326011396864f,0.22921869704021566f,-0.9729059586024575f,0.0522925f,0f,0f,0f,1f], start_interpolation: 0, interpolation_duration: 1 }
$data merge entity $(bone_shoe_right) { transformation: [-0.9678711251385522f,0.008311636108141573f,0.2513093747320992f,-0.12672147251671548f,0.008656358487170116f,0.9999624975769855f,0.0002662655422346536f,0.25059313822934076f,-0.2512977369193253f,0.002433134768815903f,-0.9679067761279607f,0.06686277312721219f,0f,0f,0f,1f], start_interpolation: 0, interpolation_duration: 1 }
$data merge entity $(bone_lowerleg_right) { transformation: [-0.9659748965569542f,-0.0009960832793965296f,0.2586339247660331f,-0.1246264687702263f,-0.000977436265468956f,0.9999995021718624f,0.00020068476375560186f,0.6875001866855516f,-0.2586339959095256f,-0.00005894173363751604f,-0.9659753892753912f,0.06252210315011406f,0f,0f,0f,1f], start_interpolation: 0, interpolation_duration: 1 }
$data merge entity $(bone_leg_right) { transformation: [-0.9659748965569542f,-0.0009960832793965296f,0.2586339247660331f,-0.125f,-0.000977436265468956f,0.9999995021718624f,0.00020068476375560186f,1.0625f,-0.2586339959095256f,-0.00005894173363751604f,-0.9659753892753912f,0.062499999999999986f,0f,0f,0f,1f], start_interpolation: 0, interpolation_duration: 1 }
$data merge entity $(bone_shoe_left) { transformation: [-0.9096092255679564f,0.11183080499364267f,-0.40183112818126543f,0.09832220203042334f,-0.22458559914190396f,0.6613653961096327f,0.6922896896946862f,0.4110138349012026f,0.3495316372229193f,0.7159737460397857f,-0.6008926924124599f,-0.3908561894871441f,0f,0f,0f,1f], start_interpolation: 0, interpolation_duration: 1 }
$data merge entity $(bone_lowerleg_left) { transformation: [-0.9063227932781375f,0.1620092531418228f,-0.3960899650516545f,0.16383697168090677f,-0.23092792795363115f,0.673594546021913f,0.7561012771593906f,0.6996943344298763f,0.3539085849136143f,0.854414062071758f,-0.5209832994092205f,-0.030960868896191193f,0f,0f,0f,1f], start_interpolation: 0, interpolation_duration: 1 }
$data merge entity $(bone_leg_left) { transformation: [-0.9063227932781375f,-0.12427830937890176f,-0.40389837360707015f,0.12499999999999999f,-0.23092792795363115f,0.9461020967665446f,0.22707512982488953f,0.9953512396694215f,0.3539085849136143f,0.2990747804678119f,-0.8861732275422075f,0.06250000000000001f,0f,0f,0f,1f], start_interpolation: 0, interpolation_duration: 1 }