# This file was generated by Animated Java via MC-Build. It is not recommended to edit this file directly.
$data merge entity $(bone_hammer) { transformation: [-0.000010370887976078127f,-0.000011982487737055968f,0.000013523773437791659f,0.6867084542784854f,-0.000016100563479336638f,-9.48269592661375e-7f,-0.00001318713077986499f,2.29469188579487f,0.000008200263167317686f,-0.000017016126180441734f,-0.000008788339523243053f,0.8836591743728615f,0f,0f,0f,1f], start_interpolation: 0, interpolation_duration: 1 }
$data merge entity $(bone_hand_left) { transformation: [-0.49780262285175003f,0.6491411250139993f,0.5751594113786865f,0.4878172777820923f,-0.7728270470081585f,-0.6329822774335194f,0.045516940447745846f,2.267350779312737f,0.3936126320312489f,-0.4218402971156667f,0.816774056661203f,0.47046487451719654f,0f,0f,0f,1f], start_interpolation: 0, interpolation_duration: 1 }
$data merge entity $(bone_lowerarm_left) { transformation: [-0.8037070372117211f,0.4615690924676277f,0.37551161262332117f,0.6919173608576213f,-0.33484007205545707f,-0.872513260712948f,0.3558127822689268f,1.8815363218412302f,0.49187104456580216f,0.16023290161096446f,0.8557968758759739f,0.5413178606982949f,0f,0f,0f,1f], start_interpolation: 0, interpolation_duration: 1 }
$data merge entity $(bone_arm_left) { transformation: [-0.11713791090978384f,-0.5019768853025994f,0.8569118487041663f,0.4432819348561775f,-0.8500196541967908f,-0.39552231241995484f,-0.34789177606999994f,1.6856291764707212f,0.5135613861135386f,-0.7691432291841822f,-0.3803595610646179f,0.16035160499300458f,0f,0f,0f,1f], start_interpolation: 0, interpolation_duration: 1 }
$data merge entity $(bone_bread) { transformation: [-0.000006453406990681038f,-6.241876505020838e-7f,-0.000007613404494021698f,-0.5104855566738679f,-0.0000031256933962710808f,0.000009309797867528597f,0.000001886187810974127f,0.703288280306251f,0.0000069701921784938244f,0.0000035969505755181987f,-0.000006203093385734482f,-0.052741806223390586f,0f,0f,0f,1f], start_interpolation: 0, interpolation_duration: 1 }
$data merge entity $(bone_hand_right) { transformation: [-0.6453406990681038f,-0.06241876505020838f,-0.7613404494021697f,-0.46930589904508624f,-0.31256933962710803f,0.9309797867528596f,0.18861878109741267f,0.8638271772945683f,0.6970192178493824f,0.35969505755181985f,-0.6203093385734482f,0.14704385605333742f,0f,0f,0f,1f], start_interpolation: 0, interpolation_duration: 1 }
$data merge entity $(bone_lowerarm_right) { transformation: [-0.6342420483574533f,0.1345278565927659f,-0.7613404494021697f,-0.40981936245797257f,-0.018151656388716103f,0.981882616603264f,0.18861878109741267f,1.298003396823824f,0.7729214329190826f,0.133449552314288f,-0.6203093385734482f,0.20605357996731163f,0f,0f,0f,1f], start_interpolation: 0, interpolation_duration: 1 }
$data merge entity $(bone_arm_right) { transformation: [-0.5808284954971344f,0.346626867247907f,-0.7365378970022092f,-0.23813074227424363f,0.15477673469039974f,0.9353290208906074f,0.31812542350210743f,1.761283552483703f,0.7991760889923527f,0.07077738043838191f,-0.5969155226672933f,0.2411105012156977f,0f,0f,0f,1f], start_interpolation: 0, interpolation_duration: 1 }
$data merge entity $(bone_uppertail) { transformation: [-0.01569951577765294f,-0.48851553059483666f,0.8724139508123377f,0.53678777052464f,0.8868893616327354f,0.39610231822598074f,0.2377608330206702f,1.3885597189128516f,-0.4617150478672167f,0.7774673818647629f,0.4270406124823783f,-0.3147133905182569f,0f,0f,0f,1f], start_interpolation: 0, interpolation_duration: 1 }
$data merge entity $(bone_middletail) { transformation: [-0.4126770947048988f,-0.1783674650944335f,0.8932427793728364f,0.19817272529687477f,0.6874240700507703f,0.5824011055280857f,0.43388604517142193f,1.224092938573132f,-0.5976167362287953f,0.7930914194942786f,-0.11772950736239723f,-0.2700689755591825f,0f,0f,0f,1f], start_interpolation: 0, interpolation_duration: 1 }
$data merge entity $(bone_tail) { transformation: [-0.8459816784966282f,0.0958194983690019f,0.5245318135064262f,0.034256533576116584f,0.32821789931129725f,0.8688482166062648f,0.37064239783353486f,1.1082671892501523f,-0.420223762083615f,0.4857174077922533f,-0.766479347111106f,-0.03054417958696192f,0f,0f,0f,1f], start_interpolation: 0, interpolation_duration: 1 }
$data merge entity $(bone_hair) { transformation: [-0.6832657321700553f,0.15131275008263095f,-0.022695450616197883f,0.27548830855813633f,0.1504717023828343f,0.6828684257157253f,0.046268514055845394f,2.239218216345992f,0.022499022737218863f,0.028198667042222826f,-0.9986711876931225f,0.5682579193630559f,0f,0f,0f,1f], start_interpolation: 0, interpolation_duration: 1 }
$data merge entity $(bone_ear_left) { transformation: [-0.13866367494440784f,0.7326114132964365f,-0.814362875145527f,0.28776839249613484f,0.5308276069703453f,0.9574462735250827f,0.4192779794511667f,2.2460438748867944f,0.8360588716885002f,-0.48639197199453316f,-0.40127183246778975f,0.33840459848104915f,0f,0f,0f,1f], start_interpolation: 0, interpolation_duration: 1 }
$data merge entity $(bone_ear_right) { transformation: [-0.4020090636811713f,0.06014337843357311f,0.9144661515453107f,0.005496325022784215f,0.06126438260718961f,1.2971968297487686f,-0.02354985088833562f,2.3196432433094207f,-0.9135838156085889f,0.06052403588938863f,-0.40397656145009975f,0.3482292788172281f,0f,0f,0f,1f], start_interpolation: 0, interpolation_duration: 1 }
$data merge entity $(bone_head) { transformation: [-0.9988008195975057f,0.0433801716534037f,-0.022695450616197883f,0.1286367162250032f,0.04229548771962783f,0.9980332240590104f,0.046268514055845394f,1.8999771959825336f,0.02465794983184652f,0.04525311460770823f,-0.9986711876931225f,0.2711072470353706f,0f,0f,0f,1f], start_interpolation: 0, interpolation_duration: 1 }
$data merge entity $(bone_body) { transformation: [-0.9904853647273673f,0.13760724640594094f,0.0017285825027605717f,-6.403984274441296e-18f,0.1343538868043233f,0.964195871354812f,0.22863804312254313f,1.00016640625f,0.02979555942527803f,0.2266948773106915f,-0.9735099677145711f,0.0522925f,0f,0f,0f,1f], start_interpolation: 0, interpolation_duration: 1 }
$data merge entity $(bone_shoe_right) { transformation: [-0.967670008879043f,0.008476418986419775f,0.2520771791281388f,-0.12705029426666975f,0.008804443600726571f,0.9999612251039959f,0.00017338222875306453f,0.25059380400893233f,-0.25206593520131737f,0.0023871760895008923f,-0.9677071177279843f,0.06684449674873771f,0f,0f,0f,1f], start_interpolation: 0, interpolation_duration: 1 }
$data merge entity $(bone_lowerleg_right) { transformation: [-0.9661090931660687f,-0.0005883297893074783f,0.25813344217651324f,-0.12477937632900969f,-0.0005773783662757205f,0.9999998263278927f,0.00011823031149056705f,0.6875000651270402f,-0.2581334669043486f,-0.00003481728610610983f,-0.9661092650687593f,0.06251305648228977f,0f,0f,0f,1f], start_interpolation: 0, interpolation_duration: 1 }
$data merge entity $(bone_leg_right) { transformation: [-0.9661090931660687f,-0.0005883297893074783f,0.25813344217651324f,-0.125f,-0.0005773783662757205f,0.9999998263278927f,0.00011823031149056705f,1.0625f,-0.2581334669043486f,-0.00003481728610610983f,-0.9661092650687593f,0.062499999999999986f,0f,0f,0f,1f], start_interpolation: 0, interpolation_duration: 1 }
$data merge entity $(bone_shoe_left) { transformation: [-0.9102923293881f,0.1099769705711631f,-0.4008026737363162f,0.09969874635580551f,-0.22242103302719152f,0.6680971291288706f,0.6875004779524729f,0.40800051380313984f,0.3491371637684877f,0.7123562661136073f,-0.6070194037781248f,-0.38602794269816854f,0f,0f,0f,1f], start_interpolation: 0, interpolation_duration: 1 }
$data merge entity $(bone_lowerleg_left) { transformation: [-0.9075186797027797f,0.15930121556493587f,-0.3942552728105213f,0.1640982932149135f,-0.2277581986599847f,0.6809017199220048f,0.7516403842574427f,0.699864533742028f,0.35289665474991744f,0.8491148158681426f,-0.5287717017905035f,-0.028284851414281817f,0f,0f,0f,1f], start_interpolation: 0, interpolation_duration: 1 }
$data merge entity $(bone_leg_left) { transformation: [-0.9075186797027797f,-0.12511453828772326f,-0.4009441336390562f,0.12499999999999999f,-0.2277581986599847f,0.9486566325213788f,0.21949213315368862f,0.9963197314049588f,0.35289665474991744f,0.29051152452570184f,-0.8894194765036743f,0.06250000000000001f,0f,0f,0f,1f], start_interpolation: 0, interpolation_duration: 1 }