# This file was generated by Animated Java via MC-Build. It is not recommended to edit this file directly.
$data merge entity $(bone_hammer) { transformation: [-0.000009406194511419288f,-0.000011231136654529741f,0.000014812590996797358f,0.6030532754202914f,-0.000016555568354871806f,-0.00000248818750815708f,-0.000012399591007335544f,2.346537456893801f,0.00000845366423737607f,-0.000017369463726589472f,-0.000007801606795409472f,0.8644012160074896f,0f,0f,0f,1f], start_interpolation: 0, interpolation_duration: 1 }
$data merge entity $(bone_hand_left) { transformation: [-0.45149733654812574f,0.711004367846273f,0.5390945594174277f,0.4224024629779569f,-0.7946672810338465f,-0.595180368352106f,0.1194330003915397f,2.2889939650133164f,0.40577588339405135f,-0.3744771261796548f,0.8337342588762945f,0.4459650845236931f,0f,0f,0f,1f], start_interpolation: 0, interpolation_duration: 1 }
$data merge entity $(bone_lowerarm_left) { transformation: [-0.7879197762131334f,0.5263639328058809f,0.31956757735003744f,0.6551540145155573f,-0.3862370046575212f,-0.8266348773322694f,0.40926245345871914f,1.9234663551929536f,0.4795866996544337f,0.19903715688029291f,0.8546231963243085f,0.5339768273316976f,0f,0f,0f,1f], start_interpolation: 0, interpolation_duration: 1 }
$data merge entity $(bone_arm_left) { transformation: [-0.07207556596965385f,-0.43144247779151434f,0.8992566380890791f,0.44145516223444786f,-0.8264921351514359f,-0.47885526922355826f,-0.29598713091898887f,1.68628335465566f,0.5583152006913077f,-0.764561978844065f,-0.32207005011809553f,0.1552797221854966f,0f,0f,0f,1f], start_interpolation: 0, interpolation_duration: 1 }
$data merge entity $(bone_bread) { transformation: [-0.0000064833721161116115f,-6.454311888801607e-7f,-0.000007586125795453645f,-0.5091174621696392f,-0.0000030918471021289296f,0.000009328596523491298f,0.0000018487207466145405f,0.7031251077087319f,0.000006957468469284169f,0.0000035441085596136626f,-0.0000062476337133821956f,-0.05126735783815528f,0f,0f,0f,1f], start_interpolation: 0, interpolation_duration: 1 }
$data merge entity $(bone_hand_right) { transformation: [-0.6483372116111611f,-0.06454311888801606f,-0.7586125795453644f,-0.46893077270891964f,-0.30918471021289295f,0.9328596523491297f,0.18487207466145403f,0.8647551029391165f,0.6957468469284168f,0.35441085596136623f,-0.6247633713382195f,0.14783961625369707f,0f,0f,0f,1f], start_interpolation: 0, interpolation_duration: 1 }
$data merge entity $(bone_lowerarm_right) { transformation: [-0.6377386786821247f,0.13340289302824632f,-0.7586125795453644f,-0.409941680947992f,-0.014358391457291203f,0.982657698593528f,0.18487207466145403f,1.2992740540359422f,0.7701189611401195f,0.12879252900135663f,-0.6247633713382195f,0.20479006267148445f,0f,0f,0f,1f], start_interpolation: 0, interpolation_duration: 1 }
$data merge entity $(bone_arm_right) { transformation: [-0.5854667630117142f,0.34369022791845943f,-0.7342381743289725f,-0.23970761493213008f,0.15666400297024874f,0.9365809945473406f,0.31348433904431694f,1.763174327897672f,0.7954150234826617f,0.0685059697111988f,-0.6021809300633864f,0.2387219257940626f,0f,0f,0f,1f], start_interpolation: 0, interpolation_duration: 1 }
$data merge entity $(bone_uppertail) { transformation: [-0.04117661836750741f,-0.46271478718497316f,0.8855504004968784f,0.5308983954597661f,0.8752168128217966f,0.4108343037737028f,0.25536386862050986f,1.3857173983794109f,-0.4819751203681293f,0.7855636196789805f,0.3880589939467779f,-0.33222899415950924f,0f,0f,0f,1f], start_interpolation: 0, interpolation_duration: 1 }
$data merge entity $(bone_middletail) { transformation: [-0.43203452421300315f,-0.15771024585111373f,0.8879603866398689f,0.19428620650582806f,0.6741438175663494f,0.5975443677299149f,0.43413228609644405f,1.221157566122738f,-0.5990628373761074f,0.7861731405662734f,-0.1518404094009561f,-0.27465390985868465f,0f,0f,0f,1f], start_interpolation: 0, interpolation_duration: 1 }
$data merge entity $(bone_tail) { transformation: [-0.8522297025931889f,0.10337512652703387f,0.512852919688915f,0.03401966910304212f,0.32207801152889937f,0.876167660449604f,0.35860282384813646f,1.1090941836701955f,-0.4122745305103326f,0.4707906264973711f,-0.7799909598801115f,-0.030906734896149833f,0f,0f,0f,1f], start_interpolation: 0, interpolation_duration: 1 }
$data merge entity $(bone_hair) { transformation: [-0.6833501901191116f,0.15093296932998124f,-0.02266690626463223f,0.2732935897363862f,0.15010318205598794f,0.6829645771776628f,0.04581286374030766f,2.2414745079030585f,0.022395365610784732f,0.027903854389154117f,-0.9986928421072729f,0.5650901346302453f,0f,0f,0f,1f], start_interpolation: 0, interpolation_duration: 1 }
$data merge entity $(bone_ear_left) { transformation: [-0.14637280058744465f,0.7272546592205664f,-0.8158534269578965f,0.28561363562009373f,0.5266920690945639f,0.9648495362945209f,0.41442318013107926f,2.2489339360140983f,0.8373592225568877f,-0.4797562224236654f,-0.40328229999728354f,0.33526720020599265f,0f,0f,0f,1f], start_interpolation: 0, interpolation_duration: 1 }
$data merge entity $(bone_ear_right) { transformation: [-0.4026308733672066f,0.05740598192345839f,0.9142966757645823f,0.0033244689790358772f,0.05938373403304739f,1.2973891749416941f,-0.022049777571153065f,2.322944255939606f,-0.9134341530421624f,0.05904135824584057f,-0.4044445524356788f,0.3450692598274897f,0f,0f,0f,1f], start_interpolation: 0, interpolation_duration: 1 }
$data merge entity $(bone_head) { transformation: [-0.9988254290366821f,0.04282491879826464f,-0.02266690626463223f,0.12664603678767797f,0.04175317600367592f,0.9980770780904239f,0.04581286374030766f,1.9020203981416088f,0.024585251743548295f,0.04481263795408588f,-0.9986928421072729f,0.2680820796670339f,0f,0f,0f,1f], start_interpolation: 0, interpolation_duration: 1 }
$data merge entity $(bone_body) { transformation: [-0.9907800796717414f,0.1354742928989574f,0.0012448651272817502f,-6.403984274441296e-18f,0.13226715078505322f,0.9652540308952652f,0.22536649410159995f,1.0011972222222223f,0.02932975534950165f,0.22345328774482148f,-0.9742732643602453f,0.0522925f,0f,0f,0f,1f], start_interpolation: 0, interpolation_duration: 1 }
$data merge entity $(bone_shoe_right) { transformation: [-0.9672889279149822f,0.008559780136617071f,0.25353275941601117f,-0.12730479307036108f,0.008873976321487682f,0.9999606209202028f,0.00009567198360718325f,0.2505944082642314f,-0.25352195659810206f,0.0023423861542340085f,-0.9673267962533523f,0.06682983652807645f,0f,0f,0f,1f], start_interpolation: 0, interpolation_duration: 1 }
$data merge entity $(bone_lowerleg_right) { transformation: [-0.9661547120135932f,-0.00027393420044465695f,0.2579631706542328f,-0.12489727467483325f,-0.00026884492415859087f,0.999999962348612f,0.000055001649335874496f,0.6875000141192705f,-0.25796317600839425f,-0.000016211986375872397f,-0.9661547492823465f,0.06250607949489094f,0f,0f,0f,1f], start_interpolation: 0, interpolation_duration: 1 }
$data merge entity $(bone_leg_right) { transformation: [-0.9661547120135932f,-0.00027393420044465695f,0.2579631706542328f,-0.125f,-0.00026884492415859087f,0.999999962348612f,0.000055001649335874496f,1.0625f,-0.25796317600839425f,-0.000016211986375872397f,-0.9661547492823465f,0.062499999999999986f,0f,0f,0f,1f], start_interpolation: 0, interpolation_duration: 1 }
$data merge entity $(bone_shoe_left) { transformation: [-0.9111260793997298f,0.10830925772470401f,-0.39936154159039067f,0.10089489664503261f,-0.22024167421162635f,0.6741923393251815f,0.6835033323020749f,0.4054560782411615f,0.34834303836611547f,0.7095552707651823f,-0.6124215899863432f,-0.38160111957859466f,0f,0f,0f,1f], start_interpolation: 0, interpolation_duration: 1 }
$data merge entity $(bone_lowerleg_left) { transformation: [-0.9090629345394717f,0.15661318170215838f,-0.3915785540005994f,0.16419492081698442f,-0.22420894809747388f,0.6874802933206197f,0.7477484478258131f,0.7002198434140724f,0.3511907297174973f,0.8443003953646603f,-0.5362261601422361f,-0.025781634943100068f,0f,0f,0f,1f], start_interpolation: 0, interpolation_duration: 1 }
$data merge entity $(bone_leg_left) { transformation: [-0.9090629345394717f,-0.12542374661435016f,-0.3973329395251586f,0.12499999999999999f,-0.22420894809747388f,0.9510320382650508f,0.21276374171001808f,0.9974173553719008f,0.3511907297174973f,0.28250123181792025f,-0.8926691018411298f,0.06250000000000001f,0f,0f,0f,1f], start_interpolation: 0, interpolation_duration: 1 }