# This file was generated by Animated Java via MC-Build. It is not recommended to edit this file directly.
$data merge entity $(bone_hammer) { transformation: [-0.00000838282042219975f,-0.00001039007786734534f,0.000015993823228278763f,0.5147625329751785f,-0.00001695049884630193f,-0.000003949863699233214f,-0.000011450194033149598f,2.390230056528798f,0.000008742807810334487f,-0.000017620233722790356f,-0.000006864288231388164f,0.841025003969287f,0f,0f,0f,1f], start_interpolation: 0, interpolation_duration: 1 }
$data merge entity $(bone_hand_left) { transformation: [-0.4023753802655879f,0.7677035149573803f,0.4987237376325765f,0.35386076270654104f,-0.8136239446224927f,-0.5496093135911806f,0.18959345756319412f,2.3045489566174826f,0.4196547748960553f,-0.329485835106632f,0.8457712186939369f,0.41935672787135f,0f,0f,0f,1f], start_interpolation: 0, interpolation_duration: 1 }
$data merge entity $(bone_lowerarm_left) { transformation: [-0.7645237383882801f,0.5887249679079176f,0.2625002201953935f,0.6141875844533233f,-0.43926704419884244f,-0.7738708078864458f,0.4562547934893313f,1.9623529587551949f,0.47174984612781895f,0.2335099245492605f,0.8502500795738736f,0.5226118976329761f,0f,0f,0f,1f], start_interpolation: 0, interpolation_duration: 1 }
$data merge entity $(bone_arm_left) { transformation: [-0.0305959125114985f,-0.35273964097588356f,0.9352211694683743f,0.43947123103245606f,-0.7974264614026091f,-0.5555155391588973f,-0.23561308199655043f,1.6871991682655536f,0.6026399661427229f,-0.7529789050413065f,-0.2642874188649419f,0.14965203372970393f,0f,0f,0f,1f], start_interpolation: 0, interpolation_duration: 1 }
$data merge entity $(bone_bread) { transformation: [-0.000006515703961812495f,-6.668038618738699e-7f,-0.000007556518675409404f,-0.5077748338459702f,-0.0000030558823989855242f,0.000009348003828974233f,0.0000018100848535506672f,0.7031332808166807f,0.0000069431393940775425f,0.000003488580946928587f,-0.000006294649976856173f,-0.05040803973530825f,0f,0f,0f,1f], start_interpolation: 0, interpolation_duration: 1 }
$data merge entity $(bone_hand_right) { transformation: [-0.6515703961812495f,-0.06668038618738698f,-0.7556518675409403f,-0.46862783464317165f,-0.3055882398985524f,0.9348003828974232f,0.1810084853550667f,0.8658955389124492f,0.6943139394077542f,0.34885809469285867f,-0.6294649976856173f,0.1479824144024414f,0f,0f,0f,1f], start_interpolation: 0, interpolation_duration: 1 }
$data merge entity $(bone_lowerarm_right) { transformation: [-0.6414649102835273f,0.13233678232764967f,-0.7556518675409403f,-0.41011016370766407f,-0.0103447878244948f,0.9834271267330033f,0.1810084853550667f,1.300754721514699f,0.767082625432106f,0.12392765005773926f,-0.6294649976856173f,0.20278167216234796f,0f,0f,0f,1f], start_interpolation: 0, interpolation_duration: 1 }
$data merge entity $(bone_arm_right) { transformation: [-0.5905050671614852f,0.34049714431775135f,-0.7316867228316135f,-0.2414576719127778f,0.15822303135085342f,0.9378870352483777f,0.30876104265783777f,1.765301893661161f,0.7913717445087087f,0.06655526894592706f,-0.6077015370794933f,0.23574732881212745f,0f,0f,0f,1f], start_interpolation: 0, interpolation_duration: 1 }
$data merge entity $(bone_uppertail) { transformation: [-0.06891527188725716f,-0.43034154379554834f,0.9000315777706743f,0.5239283889502045f,0.8587853858561374f,0.43351728969812553f,0.27303922899963745f,1.379232911783499f,-0.5076793735623206f,0.7917505385008938f,0.3396950668510127f,-0.35420043226769365f,0f,0f,0f,1f], start_interpolation: 0, interpolation_duration: 1 }
$data merge entity $(bone_middletail) { transformation: [-0.4533279672168654f,-0.13101820081268029f,0.8816620583845223f,0.1897042953025861f,0.6571353475409611f,0.6191653384358079f,0.42989233383708003f,1.2162807848355535f,-0.6022183068881621f,0.7742535209706698f,-0.1945882733190153f,-0.28042066522061093f,0f,0f,0f,1f], start_interpolation: 0, interpolation_duration: 1 }
$data merge entity $(bone_tail) { transformation: [-0.8590565713879171f,0.11391719129962613f,0.49904376629874936f,0.03375311833422693f,0.31511426975185797f,0.8859856925337749f,0.3401945761240181f,1.109969979796798f,-0.40339162628144576f,0.449502198161312f,-0.7970087638753786f,-0.03135542650955513f,0f,0f,0f,1f], start_interpolation: 0, interpolation_duration: 1 }
$data merge entity $(bone_hair) { transformation: [-0.6834377354292804f,0.1505367387178814f,-0.02265770524797569f,0.27088434098505393f,0.14971647391017742f,0.6830626777189474f,0.04540870516480222f,2.244011138926407f,0.02231231120256006f,0.027641790889985248f,-0.9987115088393405f,0.5612139945842247f,0f,0f,0f,1f], start_interpolation: 0, interpolation_duration: 1 }
$data merge entity $(bone_ear_left) { transformation: [-0.15529939849903576f,0.7208333185307353f,-0.8175732855454931f,0.28324476914541763f,0.5215656212077027f,0.9735497280801587f,0.40882936404014725f,2.2522496913954924f,0.838958520786374f,-0.4718053135044333f,-0.4055027421126472f,0.33142695908220343f,0f,0f,0f,1f], start_interpolation: 0, interpolation_duration: 1 }
$data merge entity $(bone_ear_right) { transformation: [-0.40303553612933096f,0.055369662464826386f,0.9141926897869294f,0.0009246253956025768f,0.05799362864366045f,1.2975266821464202f,-0.02093379377966188f,2.3263876111290664f,-0.9133450036287953f,0.05795437512935896f,-0.4047388074031572f,0.34120278869360887f,0f,0f,0f,1f], start_interpolation: 0, interpolation_duration: 1 }
$data merge entity $(bone_head) { transformation: [-0.998850301288778f,0.042245757280620626f,-0.02265770524797569f,0.12444386212522351f,0.04118479291743393f,0.9981191623887422f,0.04540870516480222f,1.9043559589672125f,0.024533414920579998f,0.04442334593637384f,-0.9987115088393405f,0.2643336701923857f,0f,0f,0f,1f], start_interpolation: 0, interpolation_duration: 1 }
$data merge entity $(bone_body) { transformation: [-0.9911004519140578f,0.13311441536698665f,0.0006683092516229642f,-6.403984274441296e-18f,0.1299599748779454f,0.9665029855203965f,0.22131964194324028f,1.0023365451388888f,0.02881491185956075f,0.2194368506009545f,-0.975201091802537f,0.0522925f,0f,0f,0f,1f], start_interpolation: 0, interpolation_duration: 1 }
$data merge entity $(bone_shoe_right) { transformation: [-0.9667040386408206f,0.008548454481205616f,0.2557542289024949f,-0.1274700174663223f,0.008852213308703392f,0.9999608177237623f,0.00003656175373125564f,0.25059483937154264f,-0.2557438953231615f,0.002299335383839634f,-0.9667418337186658f,0.06681956084115828f,0f,0f,0f,1f], start_interpolation: 0, interpolation_duration: 1 }
$data merge entity $(bone_lowerleg_right) { transformation: [-0.9660982750920195f,-0.00007159551241481852f,0.258174587708216f,-0.12497315168284444f,-0.00007026218077440959f,0.9999999974280653f,0.000014390806675821262f,0.6875000009644755f,-0.258174588074525f,-0.000004236976046219696f,-0.9660982776377347f,0.06250158886601732f,0f,0f,0f,1f], start_interpolation: 0, interpolation_duration: 1 }
$data merge entity $(bone_leg_right) { transformation: [-0.9660982750920195f,-0.00007159551241481852f,0.258174587708216f,-0.125f,-0.00007026218077440959f,0.9999999974280653f,0.000014390806675821262f,1.0625f,-0.258174588074525f,-0.000004236976046219696f,-0.9660982776377347f,0.062499999999999986f,0f,0f,0f,1f], start_interpolation: 0, interpolation_duration: 1 }
$data merge entity $(bone_shoe_left) { transformation: [-0.9121185142302204f,0.10689214713058903f,-0.3974690792856023f,0.10185519000598464f,-0.21808097662554152f,0.6794509114812834f,0.6805265442955478f,0.4034846681039021f,0.34710301587929954f,0.7077830313465593f,-0.6169033481556377f,-0.37773811385577294f,0f,0f,0f,1f], start_interpolation: 0, interpolation_duration: 1 }
$data merge entity $(bone_lowerleg_left) { transformation: [-0.910976649291333f,0.15400359221240884f,-0.3879698829212528f,0.1640965755894525f,-0.22028109103000582f,0.6931120583878863f,0.7446125655447373f,0.7007738510239658f,0.3487087400404036f,0.8401657979845296f,-0.5431680192895689f,-0.023529155867462487f,0f,0f,0f,1f], start_interpolation: 0, interpolation_duration: 1 }
$data merge entity $(bone_leg_left) { transformation: [-0.910976649291333f,-0.12510904188624808f,-0.39302579060952286f,0.12499999999999999f,-0.22028109103000582f,0.9531848337481031f,0.2071591505273933f,0.998644111570248f,0.3487087400404036f,0.27529329877588f,-0.8958882822475848f,0.06250000000000001f,0f,0f,0f,1f], start_interpolation: 0, interpolation_duration: 1 }