# This file was generated by Animated Java via MC-Build. It is not recommended to edit this file directly.
$data merge entity $(bone_hammer) { transformation: [-0.000010318443837014257f,-0.000012518886904463929f,0.000013070385045338247f,0.6882558886215926f,-0.000016426405275104307f,1.6160594682338523e-7f,-0.000012813074222596001f,2.2862264842069395f,0.000007598072406748015f,-0.00001665170057288355f,-0.000009950775925053382f,0.9123945559731492f,0f,0f,0f,1f], start_interpolation: 0, interpolation_duration: 1 }
$data merge entity $(bone_hand_left) { transformation: [-0.4952853041766843f,0.6273784821762356f,0.6009065714142687f,0.47623087901302585f,-0.7884674532050066f,-0.615027562684608f,-0.007757085447522627f,2.284812057643773f,0.36470747552390465f,-0.4776372444025624f,0.79928162749841f,0.5048676730280061f,0f,0f,0f,1f], start_interpolation: 0, interpolation_duration: 1 }
$data merge entity $(bone_lowerarm_left) { transformation: [-0.7739075759484548f,0.4731299304752214f,0.4209692777128734f,0.6854430201450378f,-0.38373477720909355f,-0.8791355263035942f,0.2826098850910716f,1.8960693171064025f,0.5038002428045008f,0.05717337911487991f,0.8619260525536468f,0.530149026605367f,0f,0f,0f,1f], start_interpolation: 0, interpolation_duration: 1 }
$data merge entity $(bone_arm_left) { transformation: [-0.11086050193422338f,-0.4990932039051715f,0.8594276717249465f,0.43823591758575753f,-0.8443619990194716f,-0.40879907813537414f,-0.34631795842478197f,1.693586023717475f,0.524178179365312f,-0.764061049610133f,-0.37609566435406855f,0.151700037970348f,0f,0f,0f,1f], start_interpolation: 0, interpolation_duration: 1 }
$data merge entity $(bone_bread) { transformation: [-0.000006550211089617505f,-6.880957774916753e-7f,-0.000007524709886929192f,-0.5064684443669818f,-0.00000301824530572361f,0.000009367748265864585f,0.0000017707308383457086f,0.7033365937851132f,0.000006927115558147503f,0.000003431008106721583f,-0.000006343757042611385f,-0.05029235352496536f,0f,0f,0f,1f], start_interpolation: 0, interpolation_duration: 1 }
$data merge entity $(bone_hand_right) { transformation: [-0.6550211089617505f,-0.06880957774916752f,-0.7524709886929192f,-0.4684004852231067f,-0.30182453057236097f,0.9367748265864584f,0.17707308383457085f,0.867257918460807f,0.6927115558147503f,0.34310081067215825f,-0.6343757042611384f,0.14735238408063345f,0f,0f,0f,1f], start_interpolation: 0, interpolation_duration: 1 }
$data merge entity $(bone_lowerarm_right) { transformation: [-0.6453961738053376f,0.13134378558930965f,-0.7524709886929192f,-0.41032190503283383f,-0.006161547774329369f,0.9841784179254999f,0.17707308383457085f,1.302449312637239f,0.7638231563434394f,0.1189186767363721f,-0.6343757042611384f,0.199936736449998f,0f,0f,0f,1f], start_interpolation: 0, interpolation_duration: 1 }
$data merge entity $(bone_arm_right) { transformation: [-0.5959234358778663f,0.3370386878657539f,-0.7288896908677258f,-0.2433824299493276f,0.15935729485357672f,0.9392430685798359f,0.30401926041236926f,1.767668145043189f,0.7870708425221127f,0.06501831285464632f,-0.6134265301118519f,0.232141119535815f,0f,0f,0f,1f], start_interpolation: 0, interpolation_duration: 1 }
$data merge entity $(bone_uppertail) { transformation: [-0.09906936136441907f,-0.3909808129534017f,0.9150515097748013f,0.5155488873509005f,0.8366928945838119f,0.46503654304098263f,0.2892853501120556f,1.3681934574036572f,-0.5386374121724264f,0.7942764112944496f,0.2810599947865262f,-0.38064928462444136f,0f,0f,0f,1f], start_interpolation: 0, interpolation_duration: 1 }
$data merge entity $(bone_middletail) { transformation: [-0.4765047829229648f,-0.09807810450391623f,0.8736840832179886f,0.1843497327162466f,0.6360440622482676f,0.6476016404889803f,0.4195951216526516f,1.2091453614754524f,-0.6069523397518624f,0.7556406557702546f,-0.24620328311547657f,-0.2873035957692171f,0f,0f,0f,1f], start_interpolation: 0, interpolation_duration: 1 }
$data merge entity $(bone_tail) { transformation: [-0.8663774423391134f,0.12743215898484497f,0.4828573001026259f,0.03345682643417603f,0.3073423420188419f,0.898153465952871f,0.3144217492464828f,1.1108885648359266f,-0.3936125153095481f,0.4208104044023937f,-0.8173052008511782f,-0.031895720503223916f,0f,0f,0f,1f], start_interpolation: 0, interpolation_duration: 1 }
$data merge entity $(bone_hair) { transformation: [-0.6835282065682633f,0.15012482822980988f,-0.022665571056412297f,0.26825891930464996f,0.149312131921502f,0.6831621759331199f,0.045069756260140925f,2.246825147198857f,0.022250350258578425f,0.02742220493131168f,-0.9987266838126126f,0.556580658895799f,0f,0f,0f,1f], start_interpolation: 0, interpolation_duration: 1 }
$data merge entity $(bone_ear_left) { transformation: [-0.16545427053132158f,0.7132263171162991f,-0.8195265898354964f,0.28066069824078826f,0.5153241841363816f,0.983589544387286f,0.40247523591330325f,2.255998998353679f,0.8408720887311701f,-0.4624498121361185f,-0.4079091234933741f,0.32683549048770255f,0f,0f,0f,1f], start_interpolation: 0, interpolation_duration: 1 }
$data merge entity $(bone_ear_right) { transformation: [-0.4031933238100942f,0.05413695356794906f,0.9141667991604515f,-0.0017044779094771562f,0.0571726259856294f,1.2976064902085254f,-0.020253980319980235f,2.329964154058743f,-0.9133271234737725f,0.05732876090666847f,-0.40483186583312886f,0.33658145969131215f,0f,0f,0f,1f], start_interpolation: 0, interpolation_duration: 1 }
$data merge entity $(bone_head) { transformation: [-0.9988754001080333f,0.04164381043688389f,-0.022665571056412297f,0.12202879859724716f,0.040591254619022334f,0.9981588386219425f,0.045069756260140925f,1.9069851608111805f,0.024500716468505487f,0.044099046851283435f,-0.9987266838126126f,0.2598081575033437f,0f,0f,0f,1f], start_interpolation: 0, interpolation_duration: 1 }
$data merge entity $(bone_body) { transformation: [-0.9914448693934997f,0.13052613130444904f,-2.7671352606460074e-9f,-6.403984274441296e-18f,0.1274321405021086f,0.9679436694624413f,0.21643960431176873f,1.003584375f,0.02825102689031198f,0.21458793487584035f,-0.9762960092540403f,0.0522925f,0f,0f,0f,1f], start_interpolation: 0, interpolation_duration: 1 }
$data merge entity $(bone_shoe_right) { transformation: [-0.9658890467933654f,0.00842918601190773f,0.25881904510252085f,-0.1275310250830471f,0.008726535498373935f,0.9999619230641713f,0f,0.250595f,-0.2588091900663492f,0.0022585935847423927f,-0.9659258262890683f,0.06681443325300222f,0f,0f,0f,1f], start_interpolation: 0, interpolation_duration: 1 }
$data merge entity $(bone_lowerleg_right) { transformation: [-0.9659258262890683f,0f,0.25881904510252085f,-0.125f,0f,1f,0f,0.6875f,-0.25881904510252085f,0f,-0.9659258262890683f,0.062499999999999986f,0f,0f,0f,1f], start_interpolation: 0, interpolation_duration: 1 }
$data merge entity $(bone_leg_right) { transformation: [-0.9659258262890683f,0f,0.25881904510252085f,-0.125f,0f,1f,0f,1.0625f,-0.25881904510252085f,0f,-0.9659258262890683f,0.062499999999999986f,0f,0f,0f,1f], start_interpolation: 0, interpolation_duration: 1 }
$data merge entity $(bone_shoe_left) { transformation: [-0.9132779436961765f,0.10578229806042677f,-0.3950865149565136f,0.10252940978897154f,-0.21597357480266888f,0.683671102579258f,0.6787973027121661f,0.4021879266452232f,0.34536764837639217f,0.7072565505591341f,-0.6202709516525198f,-0.37460414300204325f,0f,0f,0f,1f], start_interpolation: 0, interpolation_duration: 1 }
$data merge entity $(bone_lowerleg_left) { transformation: [-0.9132779436961765f,0.15152268586034967f,-0.38333916397943435f,0.16377479489427094f,-0.21597357480266888f,0.697582836493675f,0.7424207881968438f,0.7015390547143658f,0.34536764837639217f,0.8369104264490344f,-0.5494201112197528f,-0.02160606054329825f,0f,0f,0f,1f], start_interpolation: 0, interpolation_duration: 1 }
$data merge entity $(bone_leg_left) { transformation: [-0.9132779436961765f,-0.12407934366166702f,-0.387979012363521f,0.12499999999999999f,-0.21597357480266888f,0.9550750249140291f,0.2029460809486665f,1f,0.34536764837639217f,0.26913939373855444f,-0.8990468142388381f,0.06250000000000001f,0f,0f,0f,1f], start_interpolation: 0, interpolation_duration: 1 }