# This file was generated by Animated Java via MC-Build. It is not recommended to edit this file directly.
$data merge entity $(bone_hammer) { transformation: [-0.000011969128997681301f,-0.00001385812429006213f,0.000009935799916253985f,0.8215271195712812f,-0.00001575689854481785f,0.000004348269439998513f,-0.000012916674452167256f,2.1639078726368988f,0.000006518272552061618f,-0.000014935619231091268f,-0.000012979490702592113f,0.9609078655507495f,0f,0f,0f,1f], start_interpolation: 0, interpolation_duration: 1 }
$data merge entity $(bone_hand_left) { transformation: [-0.5745181918887023f,0.47691839598019103f,0.6651899659229822f,0.5743373391664617f,-0.7563311301512566f,-0.6200003737040282f,-0.20871693311992873f,2.251876782631793f,0.3128770824989576f,-0.6230155537244215f,0.7169097230923805f,0.5838223991605326f,0f,0f,0f,1f], start_interpolation: 0, interpolation_duration: 1 }
$data merge entity $(bone_lowerarm_left) { transformation: [-0.7592816531348782f,0.3494319926990465f,0.5489887555234081f,0.7288517984380714f,-0.3733868507890079f,-0.9248572925812965f,0.07225820380456217f,1.842916448568501f,0.5329855822352365f,-0.15012085410617682f,0.8327004853437991f,0.5174408339854575f,0f,0f,0f,1f], start_interpolation: 0, interpolation_duration: 1 }
$data merge entity $(bone_arm_left) { transformation: [-0.18504926354206835f,-0.5977574302295773f,0.7800274512271156f,0.4327750712774838f,-0.865747817579728f,-0.2764245835840615f,-0.4172171688057868f,1.7059998970120205f,0.46501342606259927f,-0.7525127933767707f,-0.46635502504616944f,0.14471184101602572f,0f,0f,0f,1f], start_interpolation: 0, interpolation_duration: 1 }
$data merge entity $(bone_bread) { transformation: [-0.000006673719009984299f,-5.508302318416161e-7f,-0.000007426847287474243f,-0.5066145474744725f,-0.000002618232748377268f,0.000009509512420549096f,0.000001647431576347659f,0.7018284889017455f,0.0000069718241408614865f,0.0000030439710213981705f,-0.000006490601556850427f,-0.047043005832411444f,0f,0f,0f,1f], start_interpolation: 0, interpolation_duration: 1 }
$data merge entity $(bone_hand_right) { transformation: [-0.6673719009984298f,-0.05508302318416161f,-0.7426847287474242f,-0.46753911151498173f,-0.26182327483772677f,0.9509512420549094f,0.16474315763476588f,0.8728922237195533f,0.6971824140861486f,0.304397102139817f,-0.6490601556850427f,0.14425028060168815f,0f,0f,0f,1f], start_interpolation: 0, interpolation_duration: 1 }
$data merge entity $(bone_lowerarm_right) { transformation: [-0.6572673413710011f,0.12813678493102965f,-0.7426847287474242f,-0.4108786269282921f,0.006133451050123195f,0.986317430034947f,0.16474315763476588f,1.3090294623131313f,0.7536325515430656f,0.10372507679821992f,-0.6490601556850427f,0.19011621299840104f,0f,0f,0f,1f], start_interpolation: 0, interpolation_duration: 1 }
$data merge entity $(bone_arm_right) { transformation: [-0.6124158794060233f,0.3259107540878653f,-0.7202284158662627f,-0.24945095654414629f,0.16172612388746f,0.9434463642857502f,0.28940217443609073f,1.776330239623417f,0.7738161613094451f,0.06075473714763757f,-0.6304898178483428f,0.22020879374184027f,0f,0f,0f,1f], start_interpolation: 0, interpolation_duration: 1 }
$data merge entity $(bone_uppertail) { transformation: [-0.1768411658020494f,-0.2930892961967158f,0.9395881366496097f,0.4907516944355399f,0.7711302177679198f,0.5519695429338125f,0.31731342694351694f,1.3335203409941814f,-0.6116252033091611f,0.7806588807721027f,0.12839907534198008f,-0.44568870848415026f,0f,0f,0f,1f], start_interpolation: 0, interpolation_duration: 1 }
$data merge entity $(bone_middletail) { transformation: [-0.5335325989807383f,-0.019237425303893968f,0.8455606940323892f,0.170215116865759f,0.5778014373406095f,0.7217908887279597f,0.38100316528400113f,1.1891031695428347f,-0.6176475247517668f,0.6918437933644989f,-0.37398355679232276f,-0.30390514982237415f,0f,0f,0f,1f], start_interpolation: 0, interpolation_duration: 1 }
$data merge entity $(bone_tail) { transformation: [-0.8838377118273115f,0.15703956779944442f,0.44064665356408395f,0.03251303762698276f,0.28504872444663215f,0.9276871468911875f,0.24113021831416412f,1.1137499763196583f,-0.37091525156457256f,0.33872574693733004f,-0.8646888136887964f,-0.033689895544625294f,0f,0f,0f,1f], start_interpolation: 0, interpolation_duration: 1 }
$data merge entity $(bone_hair) { transformation: [-0.6839330928237899f,0.14826713958717333f,-0.022694953998304453f,0.2595390244617631f,0.1475190915398351f,0.6836431520093277f,0.042140637762694166f,2.2564365298970714f,0.02176332170756143f,0.025473437722238205f,-0.9988538960788851f,0.5404354483516111f,0f,0f,0f,1f], start_interpolation: 0, interpolation_duration: 1 }
$data merge entity $(bone_ear_left) { transformation: [-0.2041417186267925f,0.6805965540393093f,-0.8271858397764331f,0.2720929397180716f,0.48991873843099437f,1.0220443436509512f,0.3766804037184341f,2.2689779704392814f,0.8475292257204364f,-0.42686495550807885f,-0.4169837645854752f,0.3108308914423026f,0f,0f,0f,1f], start_interpolation: 0, interpolation_duration: 1 }
$data merge entity $(bone_ear_right) { transformation: [-0.40326210107818455f,0.05060880196808975f,0.9142560608465075f,-0.01053007301651715f,0.053455467088101956f,1.2979079245032885f,-0.01893412039307019f,2.3407375312670777f,-0.9135218611901965f,0.05360754307857189f,-0.40469414906861173f,0.32027983084052514f,0f,0f,0f,1f], start_interpolation: 0, interpolation_duration: 1 }
$data merge entity $(bone_head) { transformation: [-0.9989841870738394f,0.03892984766776134f,-0.022694953998304453f,0.11425960960461179f,0.03794936792121606f,0.9983907111563757f,0.042140637762694166f,1.9153501872524281f,0.024298959870752403f,0.041236571598901456f,-0.9988538960788851f,0.244627435253796f,0f,0f,0f,1f], start_interpolation: 0, interpolation_duration: 1 }
$data merge entity $(bone_body) { transformation: [-0.9925033218438009f,0.12220044170938468f,-0.0020513836920162047f,-6.403984274441296e-18f,0.11932268383219605f,0.9724889329764294f,0.20006841920065183f,1.007584375f,0.026443397136192075f,0.19832379404498404f,-0.9797797811056832f,0.0522925f,0f,0f,0f,1f], start_interpolation: 0, interpolation_duration: 1 }
$data merge entity $(bone_shoe_right) { transformation: [-0.962942393615966f,0.007883796227020467f,0.2695918996079167f,-0.12754306336916665f,0.008167763440978155f,0.9999666409225973f,-0.00006842769584044718f,0.250595f,-0.26958344574088083f,0.00213607093237917f,-0.9629746637287221f,0.0668073484843959f,0f,0f,0f,1f], start_interpolation: 0, interpolation_duration: 1 }
$data merge entity $(bone_lowerleg_right) { transformation: [-0.9651993018659999f,0f,0.26151540619509694f,-0.125f,0f,1f,0f,0.6875f,-0.26151540619509694f,0f,-0.9651993018659999f,0.062499999999999986f,0f,0f,0f,1f], start_interpolation: 0, interpolation_duration: 1 }
$data merge entity $(bone_leg_right) { transformation: [-0.9651993018659999f,0f,0.26151540619509694f,-0.125f,0f,1f,0f,1.0625f,-0.26151540619509694f,0f,-0.9651993018659999f,0.062499999999999986f,0f,0f,0f,1f], start_interpolation: 0, interpolation_duration: 1 }
$data merge entity $(bone_shoe_left) { transformation: [-0.9169847776774814f,0.07738124680733176f,-0.3924560846857547f,0.11643940731652949f,-0.20901841935640464f,0.7314740358513452f,0.6283526821049947f,0.374750897610407f,0.33977966077670085f,0.6588062736369512f,-0.6726093334409188f,-0.34711460701841657f,0f,0f,0f,1f], start_interpolation: 0, interpolation_duration: 1 }
$data merge entity $(bone_lowerleg_left) { transformation: [-0.920171077456088f,0.11710816815210022f,-0.37648654276435445f,0.16319667739091578f,-0.20321301083249207f,0.7530518799348604f,0.6938289250299776f,0.6980284199290545f,0.3346485625872247f,0.7792936180148224f,-0.6138886755015843f,-0.01827108718584422f,0f,0f,0f,1f], start_interpolation: 0, interpolation_duration: 1 }
$data merge entity $(bone_leg_left) { transformation: [-0.920171077456088f,-0.11983271338326529f,-0.37272685577578973f,0.12499999999999999f,-0.20321301083249207f,0.9599108394382606f,0.19306903572900388f,1.004f,0.3346485625872247f,0.2533994892104917f,-0.9076337578705225f,0.06250000000000001f,0f,0f,0f,1f], start_interpolation: 0, interpolation_duration: 1 }