# This file was generated by Animated Java via MC-Build. It is not recommended to edit this file directly.
$data merge entity $(bone_hammer) { transformation: [-0.000014183707947381591f,-0.000014249331162045994f,0.000005459557498140966f,0.9685767093399682f,-0.000014311416249344943f,0.000009835664037716313f,-0.000011509598414060222f,1.9497951343796596f,0.0000052946738878941036f,-0.000011586373554710597f,-0.00001648484619428805f,0.9870522178263244f,0f,0f,0f,1f], start_interpolation: 0, interpolation_duration: 1 }
$data merge entity $(bone_hand_left) { transformation: [-0.6808179814743163f,0.26205875991076616f,0.6839678957782077f,0.7039671932725491f,-0.6869479799685572f,-0.5524607238748904f,-0.472111873810383f,2.1583873211064724f,0.25414434661891694f,-0.7912726173258265f,0.5561459306261084f,0.6747929196972009f,0f,0f,0f,1f], start_interpolation: 0, interpolation_duration: 1 }
$data merge entity $(bone_lowerarm_left) { transformation: [-0.7462793886774985f,0.14414498020875022f,0.6498379018768898f,0.7677063017086059f,-0.3751464469306787f,-0.8975325635497385f,-0.23173355545350371f,1.7615096406618223f,0.5498474491987997f,-0.41672235606990626f,0.7238855300122526f,0.4905235028725392f,0f,0f,0f,1f], start_interpolation: 0, interpolation_duration: 1 }
$data merge entity $(bone_arm_left) { transformation: [-0.29784859179738726f,-0.6916599369345972f,0.6579458549181252f,0.4251184891956882f,-0.8749059986880998f,-0.07792428351987127f,-0.4779825305358903f,1.722912768980886f,0.3818713262656571f,-0.7180071989037046f,-0.5819277897630978f,0.13488556216554806f,0f,0f,0f,1f], start_interpolation: 0, interpolation_duration: 1 }
$data merge entity $(bone_bread) { transformation: [-0.000006835370380838417f,-4.309759700081362e-7f,-0.000007286423777823551f,-0.5049846631570998f,-0.0000021850147952654913f,0.000009645598033468285f,0.0000014792393049211829f,0.7016758321728626f,0.000006964439826807883f,0.000002603209229014899f,-0.000006687292397431406f,-0.045271391123208965f,0f,0f,0f,1f], start_interpolation: 0, interpolation_duration: 1 }
$data merge entity $(bone_hand_right) { transformation: [-0.6835370380838417f,-0.043097597000813614f,-0.7286423777823551f,-0.4660530301584735f,-0.2185014795265491f,0.9645598033468284f,0.14792393049211827f,0.8805264553730572f,0.6964439826807882f,0.2603209229014899f,-0.6687292397431406f,0.1387927146469338f,0f,0f,0f,1f], start_interpolation: 0, interpolation_duration: 1 }
$data merge entity $(bone_lowerarm_right) { transformation: [-0.673659319166332f,0.12354516178317063f,-0.7286423777823551f,-0.4114229039324777f,0.02133708427531475f,0.988768547043438f,0.14792393049211827f,1.3177475472688274f,0.7387339511183864f,0.08410323048242035f,-0.6687292397431406f,0.17598211187587903f,0f,0f,0f,1f], start_interpolation: 0, interpolation_duration: 1 }
$data merge entity $(bone_arm_right) { transformation: [-0.6348984436916886f,0.30991912895798107f,-0.7077104631866045f,-0.2579160853704777f,0.16308364991594387f,0.9491365706798287f,0.269338993330391f,1.7878667549336802f,0.7551871882705412f,0.05558690227077663f,-0.6531480743047272f,0.2035149994068731f,0f,0f,0f,1f], start_interpolation: 0, interpolation_duration: 1 }
$data merge entity $(bone_uppertail) { transformation: [-0.29243016447829806f,-0.16262928387142286f,0.9423567874911625f,0.44856610871357616f,0.6673449044287947f,0.6711051842084103f,0.32290650390092646f,1.2747857123615882f,-0.6849345789461344f,0.7233046023329759f,-0.08772157549780579f,-0.525146767643506f,0f,0f,0f,1f], start_interpolation: 0, interpolation_duration: 1 }
$data merge entity $(bone_middletail) { transformation: [-0.6110007364660798f,0.07720473180586618f,0.7878562872914657f,0.14990605834844697f,0.49528160788979214f,0.8136683238814187f,0.30436817770277014f,1.159421207921575f,-0.6175550412101016f,0.5761799094890304f,-0.535390028836177f,-0.3221792827890056f,0f,0f,0f,1f], start_interpolation: 0, interpolation_duration: 1 }
$data merge entity $(bone_tail) { transformation: [-0.9058504637221908f,0.18782182041145767f,0.37968131525217064f,0.031255647332143636f,0.25464562111069217f,0.9577387739658981f,0.13376116211908562f,1.1176208447593607f,-0.3385122523978147f,0.21785179508010638f,-0.9153961166385477f,-0.03611799633945944f,0f,0f,0f,1f], start_interpolation: 0, interpolation_duration: 1 }
$data merge entity $(bone_hair) { transformation: [-0.6844818997374091f,0.1457345989518704f,-0.02240424523387493f,0.24740518717672258f,0.1450807150728303f,0.6842808457045408f,0.03810057356241042f,2.2691105472929274f,0.020883367683961988f,0.02282872905388596f,-0.9990227205072544f,0.5181815247197873f,0f,0f,0f,1f], start_interpolation: 0, interpolation_duration: 1 }
$data merge entity $(bone_ear_left) { transformation: [-0.25226607879609086f,0.6309178636749925f,-0.8371528722885826f,0.2602090504569503f,0.4507251860410871f,1.0718305000860746f,0.34215682272029485f,2.2862815610116054f,0.8562760256815973f,-0.37831472133796107f,-0.4267361914402487f,0.28873966046953664f,0f,0f,0f,1f], start_interpolation: 0, interpolation_duration: 1 }
$data merge entity $(bone_ear_right) { transformation: [-0.403048571982327f,0.04579998130412189f,0.914500214617664f,-0.022822786622746505f,0.04834961133293633f,1.2982878700528186f,-0.017164690701055887f,2.3530092123182493f,-0.9139005217784706f,0.04848678362459362f,-0.40422114103221185f,0.2976318270757904f,0f,0f,0f,1f], start_interpolation: 0, interpolation_duration: 1 }
$data merge entity $(bone_head) { transformation: [-0.9991280416984838f,0.03523075484932453f,-0.02240424523387493f,0.10351618838284435f,0.034360701638998466f,0.9986829769637066f,0.03810057356241042f,1.9263219118969062f,0.02371705029358709f,0.03729752586507201f,-0.9990227205072544f,0.22366448004793588f,0f,0f,0f,1f], start_interpolation: 0, interpolation_duration: 1 }
$data merge entity $(bone_body) { transformation: [-0.9938450636058405f,0.11069106574528749f,-0.004413333261309165f,-6.403984274441296e-18f,0.10815736213016373f,0.978170655605465f,0.177437745503654f,1.013084375f,0.023957766242860744f,0.1758682929824114f,-0.9841221311199668f,0.0522925f,0f,0f,0f,1f], start_interpolation: 0, interpolation_duration: 1 }
$data merge entity $(bone_shoe_right) { transformation: [-0.9586941408765552f,0.007135115395911441f,0.28434949336556026f,-0.12755958361262168f,0.007398663749874913f,0.9999726186743273f,-0.00014722881752565872f,0.250595f,-0.2843427579940802f,0.001962658884129035f,-0.9587206808796943f,0.06679755209341591f,0f,0f,0f,1f], start_interpolation: 0, interpolation_duration: 1 }
$data merge entity $(bone_lowerleg_right) { transformation: [-0.9641880420681566f,0f,0.2652195685328948f,-0.125f,0f,1f,0f,0.6875f,-0.2652195685328948f,0f,-0.9641880420681566f,0.062499999999999986f,0f,0f,0f,1f], start_interpolation: 0, interpolation_duration: 1 }
$data merge entity $(bone_leg_right) { transformation: [-0.9641880420681566f,0f,0.2652195685328948f,-0.125f,0f,1f,0f,1.0625f,-0.2652195685328948f,0f,-0.9641880420681566f,0.062499999999999986f,0f,0f,0f,1f], start_interpolation: 0, interpolation_duration: 1 }
$data merge entity $(bone_shoe_left) { transformation: [-0.921787809644763f,0.05117138113822098f,-0.3849583430406412f,0.12884416096357643f,-0.19802726505353271f,0.7796624175815603f,0.5727177581894927f,0.3485057515743858f,0.3333053199181315f,0.6047415372911213f,-0.724369405784934f,-0.31358247533901046f,0f,0f,0f,1f], start_interpolation: 0, interpolation_duration: 1 }
$data merge entity $(bone_lowerleg_left) { transformation: [-0.9291610654823866f,0.0842214358771327f,-0.3613563277162701f,0.16177149725467196f,-0.18537166706504807f,0.8072287288409961f,0.63794964413845f,0.6954617102364835f,0.31983911493305656f,0.7125226516206654f,-0.680030775746978f,-0.012685168431382024f,0f,0f,0f,1f], start_interpolation: 0, interpolation_duration: 1 }
$data merge entity $(bone_leg_left) { transformation: [-0.9291610654823866f,-0.11314306847591377f,-0.35193516511921724f,0.12499999999999999f,-0.18537166706504807f,0.96627166081082f,0.17876359406608625f,1.0095f,0.31983911493305656f,0.23133897978886783f,-0.9187955251246519f,0.06250000000000001f,0f,0f,0f,1f], start_interpolation: 0, interpolation_duration: 1 }