# This file was generated by Animated Java via MC-Build. It is not recommended to edit this file directly.
$data merge entity $(bone_hammer) { transformation: [-0.000020788303326907474f,-0.0000013681265395745883f,-4.952108618853026e-8f,0.34346995606672676f,0.0000012586956946010274f,-0.000018804121093866872f,-0.000008879667381910294f,2.803734291510406f,5.384307891070712e-7f,-0.000008863466445848404f,0.000018846135747851306f,-0.6041549427927962f,0f,0f,0f,1f], start_interpolation: 0, interpolation_duration: 1 }
$data merge entity $(bone_hand_left) { transformation: [-0.9978385596915585f,-0.002377012137049467f,0.06567007389958023f,0.3559727793593051f,0.06041739334084931f,-0.42622403433169426f,0.9025978125056096f,2.3655379163560846f,0.025844677877139413f,0.9046145158968624f,0.42544638940072343f,-0.7414953295562235f,0f,0f,0f,1f], start_interpolation: 0, interpolation_duration: 1 }
$data merge entity $(bone_lowerarm_left) { transformation: [-0.9889805315774212f,0.13268364463966564f,0.06567007389958023f,0.41464382847340725f,0.002180125141513334f,-0.4304793095079664f,0.9025978125056096f,2.1751853466830307f,0.14802957547466222f,0.8927948333915687f,0.42544638940072343f,-0.3467126141658893f,0f,0f,0f,1f], start_interpolation: 0, interpolation_duration: 1 }
$data merge entity $(bone_arm_left) { transformation: [-0.9895674624804223f,-0.14312949597154775f,-0.016437292447016093f,0.34375f,0.10299517331975704f,-0.782594713608543f,0.6139523666415787f,1.787556402598799f,-0.10073843096302049f,0.6058543237568689f,0.7891719121409578f,-0.04662539443006513f,0f,0f,0f,1f], start_interpolation: 0, interpolation_duration: 1 }
$data merge entity $(bone_bread) { transformation: [-0.000009978385596915587f,2.377012137049245e-8f,-6.567007389958031e-7f,-0.3023366000210096f,-6.041739334084931e-7f,-0.000004262240343316943f,0.000009025978125056096f,2.5765215024562798f,-2.584467787713964e-7f,0.000009046145158968624f,0.000004254463894007235f,-0.8824215592784064f,0f,0f,0f,1f], start_interpolation: 0, interpolation_duration: 1 }
$data merge entity $(bone_hand_right) { transformation: [-0.9978385596915585f,0.0023770121370492447f,-0.06567007389958031f,-0.35597277935930494f,-0.06041739334084931f,-0.42622403433169426f,0.9025978125056096f,2.366684181299217f,-0.025844677877139635f,0.9046145158968624f,0.42544638940072343f,-0.7393332249683794f,0f,0f,0f,1f], start_interpolation: 0, interpolation_duration: 1 }
$data merge entity $(bone_lowerarm_right) { transformation: [-0.9889805315774212f,-0.13268364463966587f,-0.06567007389958031f,-0.4146438284734072f,-0.002180125141513334f,-0.4304793095079664f,0.9025978125056096f,2.1763316116261633f,-0.14802957547466244f,0.8927948333915687f,0.42544638940072343f,-0.3445505095780451f,0f,0f,0f,1f], start_interpolation: 0, interpolation_duration: 1 }
$data merge entity $(bone_arm_right) { transformation: [-0.9895674624804223f,0.1431294959715476f,0.016437292447015906f,-0.34375f,-0.10299517331975704f,-0.782594713608543f,0.6139523666415787f,1.7887026675419317f,0.10073843096302024f,0.6058543237568689f,0.7891719121409578f,-0.04446328984222097f,0f,0f,0f,1f], start_interpolation: 0, interpolation_duration: 1 }
$data merge entity $(bone_uppertail) { transformation: [-0.999989746476668f,0.004190958842700723f,-0.0017154607275749144f,0.020696063519890597f,0.004400133835642829f,0.8096943881301624f,-0.586835272161405f,0.5123152958908761f,-0.0010704035488984319f,-0.586836803289041f,-0.8097045266896696f,-0.3794658081713755f,0f,0f,0f,1f], start_interpolation: 0, interpolation_duration: 1 }
$data merge entity $(bone_middletail) { transformation: [-0.999989746476668f,0.003291806469708222f,-0.0031098153795764676f,0.02187500000000002f,0.004400133835642829f,0.5439857073373284f,-0.8390829452652072f,0.8304064473587721f,-0.0010704035488984319f,-0.8390880253125248f,-0.5439946139562137f,-0.1732639072500769f,0f,0f,0f,1f], start_interpolation: 0, interpolation_duration: 1 }
$data merge entity $(bone_tail) { transformation: [-1f,1.148747382975223e-16f,4.244281243855473e-17f,0.021875000000000006f,0f,0.34657186437840753f,-0.9380234233862577f,1.1235387671669776f,-1.2246467991473532e-16f,-0.9380234233862577f,-0.34657186437840753f,-0.06496019963182456f,0f,0f,0f,1f], start_interpolation: 0, interpolation_duration: 1 }
$data merge entity $(bone_hair) { transformation: [-0.6893654271085455f,0.12155372436685122f,1.2246212129025588e-16f,0.12499999999999997f,0.1215511847747423f,0.689351024365989f,-0.006464137396539227f,2.3358948055002466f,-0.0007857399753684689f,-0.004456152837253571f,-0.9999791072456057f,0.20735277838995222f,0f,0f,0f,1f], start_interpolation: 0, interpolation_duration: 1 }
$data merge entity $(bone_ear_left) { transformation: [-0.19432902918408057f,0.6672039422971617f,-0.8359589063704724f,0.142644375f,0.5668831388799116f,0.9805232655038646f,0.3312890837841018f,2.329952704658573f,0.8005496457247557f,-0.5323654996229225f,-0.4375159995078744f,-0.022198607014499154f,0f,0f,0f,1f], start_interpolation: 0, interpolation_duration: 1 }
$data merge entity $(bone_ear_right) { transformation: [-0.2642602135505555f,-0.6075490430449721f,0.8436556169811722f,-0.142644375f,-0.5112503763304515f,1.0525007195707161f,0.28834889530864244f,2.334951226317542f,-0.8177955687310775f,-0.4616561443306733f,-0.4528798013937064f,-0.022230918820364966f,0f,0f,0f,1f], start_interpolation: 0, interpolation_duration: 1 }
$data merge entity $(bone_head) { transformation: [-1f,7.916285171920467e-19f,1.2246212129025588e-16f,9.150204460270442e-18f,0f,0.9999791072456057f,-0.006464137396539227f,1.975672691086065f,-1.2246467991473532e-16f,-0.006464137396539227f,-0.9999791072456057f,-0.07471708958567622f,0f,0f,0f,1f], start_interpolation: 0, interpolation_duration: 1 }
$data merge entity $(bone_body) { transformation: [-1f,1.7553191749996052e-17f,1.212001785725023e-16f,-6.403984274441296e-18f,0f,0.9896745629587779f,-0.1433326879408599f,1.049413915282203f,-1.2246467991473532e-16f,-0.1433326879408599f,-0.9896745629587779f,0.0522925f,0f,0f,0f,1f], start_interpolation: 0, interpolation_duration: 1 }
$data merge entity $(bone_shoe_right) { transformation: [-0.9967639861827426f,0.00001576882905694743f,0.08038380185356545f,-0.1902153525434943f,-0.00011147264461509876f,0.9999987480552477f,-0.0015784365007175112f,0.25320341229910737f,-0.0803837261075819f,-0.0015822892533683573f,-0.9967627365315077f,0.06336045080321823f,0f,0f,0f,1f], start_interpolation: 0, interpolation_duration: 1 }
$data merge entity $(bone_lowerleg_right) { transformation: [-0.9936900582584357f,0.07822092122899967f,0.08038380185356545f,-0.1543328454608749f,0.07834786848973792f,0.9969248316905984f,-0.0015784365007175112f,0.6886531881160256f,-0.08026007489070375f,0.004729422877973072f,-0.9967627365315077f,0.060726466420760086f,0f,0f,0f,1f], start_interpolation: 0, interpolation_duration: 1 }
$data merge entity $(bone_leg_right) { transformation: [-0.9936900582584357f,0.07822092122899967f,0.08038380185356545f,-0.125f,0.07834786848973792f,0.9969248316905984f,-0.0015784365007175112f,1.0625f,-0.08026007489070375f,0.004729422877973072f,-0.9967627365315077f,0.062499999999999986f,0f,0f,0f,1f], start_interpolation: 0, interpolation_duration: 1 }
$data merge entity $(bone_shoe_left) { transformation: [-0.8860621286165705f,-0.4262935598815288f,-0.1807568413775483f,0.4717486730445604f,0.0032921358600745965f,0.3852046776304203f,-0.9232998848182522f,0.7375629524101343f,0.4635548145289303f,-0.8175747793753216f,-0.3389505578369511f,0.724637441726568f,0f,0f,0f,1f], start_interpolation: 0, interpolation_duration: 1 }
$data merge entity $(bone_lowerleg_left) { transformation: [-0.8860621286165705f,-0.432687682749631f,-0.1930663345403053f,0.2805973973499434f,0.0032921358600745965f,0.4217022599478968f,-0.9117425394391696f,0.9174142722641638f,0.4635548145289303f,-0.8300560328050361f,-0.36256162544343423f,0.3608490160132289f,0f,0f,0f,1f], start_interpolation: 0, interpolation_duration: 1 }
$data merge entity $(bone_leg_left) { transformation: [-0.8860621286165705f,-0.4307967317933216f,-0.1711960283057557f,0.12499999999999999f,0.0032921358600745965f,0.3634448983662406f,-0.9316098795595888f,1.0486851851851853f,0.4635548145289303f,-0.8260278335066837f,-0.32061651891208454f,0.06250000000000001f,0f,0f,0f,1f], start_interpolation: 0, interpolation_duration: 1 }
$data merge entity $(bone_string2) { transformation: [-1f,0f,1.2246467991473532e-16f,1.0899335513857657e-16f,0f,1f,0f,2.972938125f,-1.2246467991473532e-16f,0f,-1f,-0.8947059374999999f,0f,0f,0f,1f], start_interpolation: 0, interpolation_duration: 1 }
$data merge entity $(bone_string) { transformation: [-1f,0f,1.2246467991473532e-16f,9.71445146547012e-17f,0f,1f,0f,2.80486f,-1.2246467991473532e-16f,0f,-1f,-0.7979528124999999f,0f,0f,0f,1f], start_interpolation: 0, interpolation_duration: 1 }
$data merge entity $(bone_flame) { transformation: [-0.7071067811865475f,-0.30621428284071467f,-0.6373639564521568f,1.3877787807814457e-16f,0f,0.9013687513824149f,-0.43305239178568966f,3.06860875f,0.7071067811865476f,-0.30621428284071467f,-0.6373639564521568f,-1.1256759375f,0f,0f,0f,1f], start_interpolation: 0, interpolation_duration: 1 }
$data merge entity $(bone_bomb) { transformation: [-1f,0f,1.2246467991473532e-16f,-0.02343749999999991f,0f,1f,0f,2.188591875f,-1.2246467991473532e-16f,0f,-1f,-0.7423046875f,0f,0f,0f,1f], start_interpolation: 0, interpolation_duration: 1 }