# This file was generated by Animated Java via MC-Build. It is not recommended to edit this file directly.
$data merge entity $(bone_hammer) { transformation: [-0.00001646866307702817f,-0.000012744143580804068f,6.306493676818052e-7f,1.0690502391864385f,-0.000012049928442188935f,0.000015194877640335993f,-0.000007612009971822263f,1.6475508657090896f,0.000004196443586089677f,-0.000006382027551244654f,-0.000019382656250929563f,0.9529110703698078f,0f,0f,0f,1f], start_interpolation: 0, interpolation_duration: 1 }
$data merge entity $(bone_hand_left) { transformation: [-0.790495827697352f,0.030271169648726504f,0.6117188918785952f,0.8273531370841329f,-0.5783965652250688f,-0.3653764786474684f,-0.7293541267361277f,1.9797852784929961f,0.20142929213230445f,-0.930367500044619f,0.30633732245974316f,0.7473932574618251f,0f,0f,0f,1f], start_interpolation: 0, interpolation_duration: 1 }
$data merge entity $(bone_lowerarm_left) { transformation: [-0.7504893752573929f,-0.10392499444035752f,0.6526601666689488f,0.7813988036050373f,-0.3924129312434281f,-0.7245487909931041f,-0.5666049248492041f,1.659398859975733f,0.5317685483541772f,-0.6813432651762275f,0.5029846577981162f,0.446111782391712f,0f,0f,0f,1f], start_interpolation: 0, interpolation_duration: 1 }
$data merge entity $(bone_arm_left) { transformation: [-0.4415256597453185f,-0.7383692825005808f,0.5097704330834019f,0.4156752683664684f,-0.8528471763359822f,0.16884876486165196f,-0.49410706169861335f,1.74303176382127f,0.27875936863575335f,-0.652917220836051f,-0.704267219976568f,0.1227137214463555f,0f,0f,0f,1f], start_interpolation: 0, interpolation_duration: 1 }
$data merge entity $(bone_bread) { transformation: [-0.000007025660317881142f,-3.2113519560134365e-7f,-0.00000710893587563542f,-0.5016645098214694f,-0.0000017411706440778444f,0.00000976374218083272f,0.000001279712238915265f,0.7027852601887482f,0.000006899885642961903f,0.000002136869395254203f,-0.000006915588716925997f,-0.045891030766327834f,0f,0f,0f,1f], start_interpolation: 0, interpolation_duration: 1 }
$data merge entity $(bone_hand_right) { transformation: [-0.7025660317881142f,-0.03211351956013436f,-0.7108935875635419f,-0.4637380207665632f,-0.17411706440778443f,0.9763742180832718f,0.1279712238915265f,0.8894884008825366f,0.6899885642961903f,0.21368693952542028f,-0.6915588716925997f,0.1304221314849447f,0f,0f,0f,1f], start_interpolation: 0, interpolation_duration: 1 }
$data merge entity $(bone_lowerarm_right) { transformation: [-0.6933831524324122f,0.11768649490883296f,-0.7108935875635419f,-0.41169852379906363f,0.0370121972412264f,0.9910870108679064f,0.1279712238915265f,1.3277346885006889f,0.7196178855325003f,0.06242135696211584f,-0.6915588716925997f,0.1580240752666303f,0f,0f,0f,1f], start_interpolation: 0, interpolation_duration: 1 }
$data merge entity $(bone_arm_right) { transformation: [-0.6615295663591625f,0.2895511351781406f,-0.6917649694438918f,-0.26828022715614086f,0.16180546884186753f,0.9558360367082916f,0.24534967125033816f,1.8011722254327647f,0.7322551625530009f,0.050374706419350254f,-0.6791647560552907f,0.1829752970399647f,0f,0f,0f,1f], start_interpolation: 0, interpolation_duration: 1 }
$data merge entity $(bone_uppertail) { transformation: [-0.4376425578298416f,-0.02088661673956735f,0.8989064138258933f,0.38782207496960786f,0.5285644956469837f,0.8027757127235915f,0.2759904509264395f,1.1886163358482016f,-0.72738474380317f,0.5959151821377804f,-0.34028889223730563f,-0.6012730868346774f,0f,0f,0f,1f], start_interpolation: 0, interpolation_duration: 1 }
$data merge entity $(bone_middletail) { transformation: [-0.7000853658154718f,0.16996711407476417f,0.693535623240878f,0.12491901710476196f,0.39529910148104436f,0.9011019544012293f,0.17819620686918056f,1.1210829538533404f,-0.5946588105286055f,0.3989065653851549f,-0.6980361388591017f,-0.33665294595609124f,0f,0f,0f,1f], start_interpolation: 0, interpolation_duration: 1 }
$data merge entity $(bone_tail) { transformation: [-0.9292695163209451f,0.2093353574645032f,0.3043630630543816f,0.029805559900267703f,0.21865757973118954f,0.9757952399804088f,-0.003537295248458555f,1.1221883586184838f,-0.29773650911961613f,0.06326419008242308f,-0.9525495333002267f,-0.03898121679977038f,0f,0f,0f,1f], start_interpolation: 0, interpolation_duration: 1 }
$data merge entity $(bone_hair) { transformation: [-0.6851322884860186f,0.14271057705123533f,-0.021544376207067267f,0.2325885838276363f,0.14217420027488317f,0.6850150145119103f,0.033225471831991774f,2.2835403988153393f,0.01949984743807735f,0.019700789094619288f,-0.999215646332357f,0.49130892890901107f,0f,0f,0f,1f], start_interpolation: 0, interpolation_duration: 1 }
$data merge entity $(bone_ear_left) { transformation: [-0.30187810705066853f,0.5644912286087229f,-0.8487161523123156f,0.24575699161884956f,0.3981398036549762f,1.1262169602805272f,0.3016174306686279f,2.306288685735235f,0.866229937850847f,-0.3209127781817107f,-0.4344051315546744f,0.26201619975071294f,0f,0f,0f,1f], start_interpolation: 0, interpolation_duration: 1 }
$data merge entity $(bone_ear_right) { transformation: [-0.40231724030601396f,0.04005951738384504f,0.9149815698162584f,-0.03775942439807255f,0.04221108420626858f,1.2986932920187315f,-0.01508423000079895f,2.365790398104159f,-0.9145266877039097f,0.04231983379602593f,-0.40321358223881565f,0.27010770314689536f,0f,0f,0f,1f], start_interpolation: 0, interpolation_duration: 1 }
$data merge entity $(bone_head) { transformation: [-0.9992928873982443f,0.030815013372188494f,-0.021544376207067267f,0.09050608273116205f,0.03008949394933756f,0.9989948400144089f,0.033225471831991774f,1.9387196511006723f,0.022546564020989493f,0.032553718304635326f,-0.999215646332357f,0.19829084591671375f,0f,0f,0f,1f], start_interpolation: 0, interpolation_duration: 1 }
$data merge entity $(bone_body) { transformation: [-0.9952862906078799f,0.09675885798606103f,-0.006551574561900052f,-6.403984274441296e-18f,0.09468754269905003f,0.9841381854424891f,0.15002100256824238f,1.019709375f,0.020963515583566548f,0.14869349466334528f,-0.9886611025316913f,0.0522925f,0f,0f,0f,1f], start_interpolation: 0, interpolation_duration: 1 }
$data merge entity $(bone_shoe_right) { transformation: [-0.953275981071872f,0.006235229715776259f,0.3020364643910591f,-0.1275794328697659f,0.0064714340050417655f,0.9999790361501092f,-0.0002186371814129705f,0.250595f,-0.3020314957970085f,0.0017461874728126475f,-0.9532963476149122f,0.06678566778180439f,0f,0f,0f,1f], start_interpolation: 0, interpolation_duration: 1 }
$data merge entity $(bone_lowerleg_right) { transformation: [-0.9629510606226279f,0f,0.26967620370688244f,-0.125f,0f,1f,0f,0.6875f,-0.26967620370688244f,0f,-0.9629510606226279f,0.062499999999999986f,0f,0f,0f,1f], start_interpolation: 0, interpolation_duration: 1 }
$data merge entity $(bone_leg_right) { transformation: [-0.9629510606226279f,0f,0.26967620370688244f,-0.125f,0f,1f,0f,1.0625f,-0.26967620370688244f,0f,-0.9629510606226279f,0.062499999999999986f,0f,0f,0f,1f], start_interpolation: 0, interpolation_duration: 1 }
$data merge entity $(bone_shoe_left) { transformation: [-0.9272284554756512f,0.028846120472381147f,-0.37371546287265495f,0.1386242079669444f,-0.1827550900106109f,0.8269413769816691f,0.5118408118265771f,0.324122855877824f,0.3268760750367815f,0.5441655205136651f,-0.7739266257459911f,-0.27417726719416136f,0f,0f,0f,1f], start_interpolation: 0, interpolation_duration: 1 }
$data merge entity $(bone_lowerleg_left) { transformation: [-0.9392239718583762f,0.05527456171160455f,-0.3393961303235261f,0.15937712411556826f,-0.16345287692698895f,0.8582268678738619f,0.5744118120368295f,0.6936794264981025f,0.30189648509193756f,0.6366249807280664f,-0.744890150904133f,-0.005128603168890772f,0f,0f,0f,1f], start_interpolation: 0, interpolation_duration: 1 }
$data merge entity $(bone_leg_left) { transformation: [-0.9392239718583762f,-0.10377999733001743f,-0.3272430944126361f,0.12499999999999999f,-0.16345287692698895f,0.973420599251011f,0.16042285989874783f,1.016125f,0.30189648509193756f,0.20416182088721746f,-0.9312231006483619f,0.06250000000000001f,0f,0f,0f,1f], start_interpolation: 0, interpolation_duration: 1 }