# This file was generated by Animated Java via MC-Build. It is not recommended to edit this file directly.
$data merge entity $(bone_hammer) { transformation: [-0.000018315773055291934f,-0.00000946026533742585f,-0.0000030105838155279635f,1.0704135324827144f,-0.000009383074117097376f,0.000018559594207430984f,-0.0000012357834544650529f,1.3051271822160548f,0.000003243170559479923f,2.694816854095778e-7f,-0.00002057758494384434f,0.8319953515895984f,0f,0f,0f,1f], start_interpolation: 0, interpolation_duration: 1 }
$data merge entity $(bone_hand_left) { transformation: [-0.8791571066540127f,-0.14450802314534233f,0.45409273619644075f,0.8929851869799138f,-0.45038755762067395f,-0.05931760581432233f,-0.8908605219566871f,1.724232477063162f,0.15567218685503628f,-0.9877240773045283f,-0.012935120899659952f,0.7695077554743848f,0f,0f,0f,1f], start_interpolation: 0, interpolation_duration: 1 }
$data merge entity $(bone_lowerarm_left) { transformation: [-0.7857564625875298f,-0.30690042241924265f,0.5370278505076085f,0.757277656441405f,-0.41267695472287613f,-0.38661927837939825f,-0.82475648807757f,1.553274264904772f,0.46074343461690825f,-0.8696767585167973f,0.17713786482040184f,0.38494756381773854f,0f,0f,0f,1f], start_interpolation: 0, interpolation_duration: 1 }
$data merge entity $(bone_arm_left) { transformation: [-0.5972588232702436f,-0.7114428720056757f,0.370311946739718f,0.40489110890109364f,-0.7860966857442409f,0.4276251588743009f,-0.4463056398474582f,1.7650823514096992f,0.1591662611477828f,-0.557660975297756f,-0.8146657829700418f,0.10873111199056873f,0f,0f,0f,1f], start_interpolation: 0, interpolation_duration: 1 }
$data merge entity $(bone_bread) { transformation: [-0.000007233140832791834f,-2.1511570135998443e-7f,-0.000006901840256629233f,-0.4967517407508682f,-0.0000013075339772153879f,0.00000985698854559338f,0.0000010630765308613576f,0.7049268427260325f,0.000006780267589957403f,0.0000016713772904611667f,-0.0000071578257426053565f,-0.04954963439085679f,0f,0f,0f,1f], start_interpolation: 0, interpolation_duration: 1 }
$data merge entity $(bone_hand_right) { transformation: [-0.7233140832791833f,-0.021511570135998442f,-0.6901840256629233f,-0.4603915237152014f,-0.13075339772153877f,0.985698854559338f,0.10630765308613575f,0.8990879231675245f,0.6780267589957403f,0.16713772904611665f,-0.7157825742605356f,0.11886123805778194f,0f,0f,0f,1f], start_interpolation: 0, interpolation_duration: 1 }
$data merge entity $(bone_lowerarm_right) { transformation: [-0.7151222943822748f,0.11066216515662632f,-0.6901840256629233f,-0.41145809756000573f,0.05106542874726436f,0.9930211502693063f,0.10630765308613575f,1.3381894630522333f,0.6971315701245276f,0.040778429600362265f,-0.7157825742605356f,0.13689294989669212f,0f,0f,0f,1f], start_interpolation: 0, interpolation_duration: 1 }
$data merge entity $(bone_arm_right) { transformation: [-0.6903655565210931f,0.265397311015538f,-0.6730227824338811f,-0.2800034919476221f,0.15667095293141703f,0.963051308348287f,0.2190579603580169f,1.8152008142184943f,0.7062928648067197f,0.04578695004446799f,-0.7064375020684719f,0.15957179859059267f,0f,0f,0f,1f], start_interpolation: 0, interpolation_duration: 1 }
$data merge entity $(bone_uppertail) { transformation: [-0.5954855826498779f,0.10442504909291492f,0.7965502683309307f,0.31206601895127317f,0.36933852525608485f,0.9161055115406089f,0.15601200430280848f,1.0767445629339345f,-0.7134325298287116f,0.3870996006803179f,-0.5840958179402955f,-0.655158469372745f,0f,0f,0f,1f], start_interpolation: 0, interpolation_duration: 1 }
$data merge entity $(bone_middletail) { transformation: [-0.789888995619609f,0.2372532914685529f,0.5654964635489624f,0.09770150946107523f,0.2884255771336093f,0.9575016187212527f,0.0011561147542554218f,1.0763248531016105f,-0.541189487198513f,0.1640168461881844f,-0.8247499094345461f,-0.34250806494051567f,0f,0f,0f,1f], start_interpolation: 0, interpolation_duration: 1 }
$data merge entity $(bone_tail) { transformation: [-0.9513381811057067f,0.21354776807668327f,0.22215538688033826f,0.02827795106096952f,0.1797903782646253f,0.9701641155673625f,-0.1626561057841363f,1.1271548861591532f,-0.2502620327855358f,-0.11479956278167744f,-0.9613479990779547f,-0.042086815228654824f,0f,0f,0f,1f], start_interpolation: 0, interpolation_duration: 1 }
$data merge entity $(bone_hair) { transformation: [-0.6858440577214155f,0.13936736974674369f,-0.01993175796836906f,0.2158684037611892f,0.1389609200690741f,0.6857922932708652f,0.027803728418451176f,2.2985239459919082f,0.017543978504879987f,0.016299286492416125f,-0.999414667548122f,0.46133410375892464f,0f,0f,0f,1f], start_interpolation: 0, interpolation_duration: 1 }
$data merge entity $(bone_ear_left) { transformation: [-0.34576745001845605f,0.4834902014574269f,-0.8614660190191433f,0.2295248956121985f,0.3345911818232127f,1.178593925818039f,0.2571103996902524f,2.3274850652490287f,0.8766376740443456f,-0.2591400839690375f,-0.43791613403302165f,0.23214798288910757f,0f,0f,0f,1f], start_interpolation: 0, interpolation_duration: 1 }
$data merge entity $(bone_ear_right) { transformation: [-0.4008932045285067f,0.03371549156206294f,0.9157576178632303f,-0.054483026272854174f,0.03539827556755464f,1.2990786303970145f,-0.012804353285752306f,2.3781937259822232f,-0.9154406592727397f,0.03546798097644057f,-0.40152712718120936f,0.2392227909954845f,0f,0f,0f,1f], start_interpolation: 0, interpolation_duration: 1 }
$data merge entity $(bone_head) { transformation: [-0.9994649074059399f,0.025934993509279185f,-0.01993175796836906f,0.07597197311489487f,0.02537601352174731f,0.9992912541515496f,0.027803728418451176f,1.9514658778269296f,0.020638720933722952f,0.02728306228956967f,-0.999414667548122f,0.16990989723717398f,0f,0f,0f,1f], start_interpolation: 0, interpolation_duration: 1 }
$data merge entity $(bone_body) { transformation: [-0.9966654139672124f,0.08120156811948705f,-0.008022339839560518f,-6.403984274441296e-18f,0.07966952442335315f,0.9896515906383433f,0.11934192903231296f,1.0270843749999998f,0.017630073162690767f,0.11830483710285558f,-0.9928208025813847f,0.0522925f,0f,0f,0f,1f], start_interpolation: 0, interpolation_duration: 1 }
$data merge entity $(bone_shoe_right) { transformation: [-0.9468597743382495f,0.005236023706474135f,0.3216040295081275f,-0.12760146429179506f,0.005438806109042532f,0.9999851736975808f,-0.00026790507151747806f,0.250595f,-0.32160066406683235f,0.0014954734248203865f,-0.9468742136266085f,0.06677233025457303f,0f,0f,0f,1f], start_interpolation: 0, interpolation_duration: 1 }
$data merge entity $(bone_lowerleg_right) { transformation: [-0.9615498155789373f,0f,0.27463057397185753f,-0.125f,0f,1f,0f,0.6875f,-0.27463057397185753f,0f,-0.9615498155789373f,0.062499999999999986f,0f,0f,0f,1f], start_interpolation: 0, interpolation_duration: 1 }
$data merge entity $(bone_leg_right) { transformation: [-0.9615498155789373f,0f,0.27463057397185753f,-0.125f,0f,1f,0f,1.0625f,-0.27463057397185753f,0f,-0.9615498155789373f,0.062499999999999986f,0f,0f,0f,1f], start_interpolation: 0, interpolation_duration: 1 }
$data merge entity $(bone_shoe_left) { transformation: [-0.9328920014420693f,0.01167462580691353f,-0.3600976845735693f,0.1449686178222506f,-0.16313847881238597f,0.8717367080094683f,0.4459393885162784f,0.30234525399689494f,0.3210893183775985f,0.47682983127028317f,-0.8196547226212003f,-0.22948893438461931f,0f,0f,0f,1f], start_interpolation: 0, interpolation_duration: 1 }
$data merge entity $(bone_lowerleg_left) { transformation: [-0.9494189255679695f,0.032032317429391f,-0.31255480430773436f,0.1559456028384954f,-0.13854429309692745f,0.904103865917062f,0.5033080631882075f,0.6925439423766916f,0.28179634955697175f,0.5524220580986297f,-0.8055994586852011f,0.004047390243039156f,0f,0f,0f,1f], start_interpolation: 0, interpolation_duration: 1 }
$data merge entity $(bone_leg_left) { transformation: [-0.9494189255679695f,-0.0916906750770235f,-0.30032736118655934f,0.12499999999999999f,-0.13854429309692745f,0.9806105411060986f,0.1385945364070214f,1.0234999999999999f,0.28179634955697175f,0.17319291779840257f,-0.9437134260997035f,0.06250000000000001f,0f,0f,0f,1f], start_interpolation: 0, interpolation_duration: 1 }