# This file was generated by Animated Java via MC-Build. It is not recommended to edit this file directly.
$data merge entity $(bone_hammer) { transformation: [-0.000019533116460154655f,-0.000005819932703899737f,-0.000004314339167693203f,0.9659417547810283f,-0.000006933502665439334f,0.000018614768939796468f,0.0000062805012446549395f,1.003298826031538f,0.0000021003999429058736f,0.000007324379729222461f,-0.00001938993448776385f,0.6226431236983568f,0f,0f,0f,1f], start_interpolation: 0, interpolation_duration: 1 }
$data merge entity $(bone_hand_left) { transformation: [-0.9375895900874232f,-0.20708828004927377f,0.27935676978718726f,0.8662627585468449f,-0.332808127941088f,0.30146405974343726f,-0.8935089091102303f,1.4411558996435723f,0.10081919725948191f,-0.9307168554126646f,-0.35157022700267826f,0.7194937634621259f,0f,0f,0f,1f], start_interpolation: 0, interpolation_duration: 1 }
$data merge entity $(bone_lowerarm_left) { transformation: [-0.8493273409135775f,-0.3823463583848796f,0.3639427567715742f,0.6971939781985309f,-0.4121662022469925f,0.04959989534530579f,-0.9097575897496134f,1.4630883533665746f,0.3297909788062175f,-0.9226868984718251f,-0.19971679370168355f,0.31149315054411586f,0f,0f,0f,1f], start_interpolation: 0, interpolation_duration: 1 }
$data merge entity $(bone_arm_left) { transformation: [-0.7386812751279243f,-0.6136089578726841f,0.27898749182316884f,0.39326579125221706f,-0.6735333409957094f,0.65564121528038f,-0.341302556967896f,1.7878356428101378f,0.02651060811338539f,-0.44002118544913854f,-0.8975959803906172f,0.0935451571263394f,0f,0f,0f,1f], start_interpolation: 0, interpolation_duration: 1 }
$data merge entity $(bone_bread) { transformation: [-0.000007445164329882068f,-1.078168247020106e-7f,-0.0000066751706819648365f,-0.490433925767833f,-8.999904750740742e-7f,0.000009923632930718649f,8.43520362014075e-7f,0.7077657883995101f,0.000006615099791071008f,0.000001228773774405847f,-0.0000073980112033914065f,-0.05643499543164579f,0f,0f,0f,1f], start_interpolation: 0, interpolation_duration: 1 }
$data merge entity $(bone_hand_right) { transformation: [-0.7445164329882067f,-0.01078168247020106f,-0.6675170681964836f,-0.45588506234539194f,-0.08999904750740742f,0.9923632930718648f,0.0843520362014075f,0.9086763137645917f,0.6615099791071007f,0.12287737744058469f,-0.7398011203391406f,0.10426394462006847f,0f,0f,0f,1f], start_interpolation: 0, interpolation_duration: 1 }
$data merge entity $(bone_lowerarm_right) { transformation: [-0.7374915323224848f,0.1026021608885725f,-0.6675170681964836f,-0.4105156693274763f,0.062010069937587814f,0.9945046431339634f,0.0843520362014075f,1.348433835650391f,0.6725035248821891f,0.020816132349300215f,-0.7398011203391406f,0.11346857814327466f,0f,0f,0f,1f], start_interpolation: 0, interpolation_duration: 1 }
$data merge entity $(bone_arm_right) { transformation: [-0.7194622861028442f,0.2382748029580955f,-0.6523795959032975f,-0.2924951809872946f,0.14713535259841276f,0.9702790149772744f,0.19211928875173057f,1.8290251602563223f,0.678767417376092f,0.04223448081853084f,-0.7331378054217225f,0.13438784442370322f,0f,0f,0f,1f], start_interpolation: 0, interpolation_duration: 1 }
$data merge entity $(bone_uppertail) { transformation: [-0.7436768839094615f,0.18690077477772882f,0.6418822265230577f,0.2297685535092968f,0.2141655942565343f,0.9761301987420552f,-0.03609616794815351f,0.9479185823898056f,-0.6333070271009621f,0.11062520278526265f,-0.7659531799876941f,-0.6714898771131619f,0f,0f,0f,1f], start_interpolation: 0, interpolation_duration: 1 }
$data merge entity $(bone_middletail) { transformation: [-0.8695145286826981f,0.2631091870678451f,0.41799287086050063f,0.07132039127290908f,0.18768567143121134f,0.9588300382521681f,-0.21311744763102194f,1.028725988166574f,-0.4568572787524796f,-0.10685744441003495f,-0.883098473232196f,-0.3367258743701948f,0f,0f,0f,1f], start_interpolation: 0, interpolation_duration: 1 }
$data merge entity $(bone_tail) { transformation: [-0.9699921975743723f,0.1969681665613201f,0.14254360036954294f,0.026775516157426908f,0.14077197912409034f,0.9329783394461134f,-0.33126223451800174f,1.1322454364534495f,-0.1982382065554634f,-0.3012556380980196f,-0.9327093083999047f,-0.04525421549522459f,0f,0f,0f,1f], start_interpolation: 0, interpolation_duration: 1 }
$data merge entity $(bone_hair) { transformation: [-0.6865787471129525f,0.13586635802558078f,-0.01749383388004748f,0.1980816372004246f,0.13558793743325026f,0.6865681878494654f,0.022132931217567f,2.313039725494427f,0.015017830582525293f,0.012824047331698752f,-0.9996019703521475f,0.4297991853858453f,0f,0f,0f,1f], start_interpolation: 0, interpolation_duration: 1 }
$data merge entity $(bone_ear_left) { transformation: [-0.37866153053099216f,0.39225835473465887f,-0.8749686336528391f,0.2123444733375655f,0.2645712144664675f,1.2235674715845435f,0.2100804931170129f,2.34853839399301f,0.8869146056817785f,-0.19752474685736465f,-0.4362293852268512f,0.20065915876389298f,0f,0f,0f,1f], start_interpolation: 0, interpolation_duration: 1 }
$data merge entity $(bone_ear_right) { transformation: [-0.3987040447783944f,0.027075461207072563f,0.9168431213542699f,-0.07210651845420755f,0.028269521216852736f,1.299409934855681f,-0.010412525057461337f,2.3895094741465845f,-0.9166438342385322f,0.028297360279348947f,-0.39911185167479946f,0.20654444978057238f,0f,0f,0f,1f], start_interpolation: 0, interpolation_duration: 1 }
$data merge entity $(bone_head) { transformation: [-0.9996300266966124f,0.02082727785159428f,-0.01749383388004748f,0.06068845456828646f,0.020438196192932377f,0.9995461037351392f,0.022132931217567f,1.9636603621095694f,0.017946862202329723f,0.021767200214883806f,-0.9996019703521475f,0.13996206571375094f,0f,0f,0f,1f], start_interpolation: 0, interpolation_duration: 1 }
$data merge entity $(bone_body) { transformation: [-0.9978585172891101f,0.06484991588527789f,-0.008536268696050271f,-6.403984274441296e-18f,0.06386555813050775f,0.9941609862618218f,0.08697772059326703f,1.034834375f,0.014126923170227823f,0.08624628574375871f,-0.9961736837706306f,0.0522925f,0f,0f,0f,1f], start_interpolation: 0, interpolation_duration: 1 }
$data merge entity $(bone_shoe_right) { transformation: [-0.939683501370499f,0.004188994443461717f,0.342019545607604f,-0.12762454163302078f,0.004353967104634215f,0.9999904807207345f,-0.00028537408102136304f,0.250595f,-0.3420174852584748f,0.0012209805350629065f,-0.9396927950048367f,0.06675819251351621f,0f,0f,0f,1f], start_interpolation: 0, interpolation_duration: 1 }
$data merge entity $(bone_lowerleg_right) { transformation: [-0.9600498543859287f,0f,0.27982901403099214f,-0.125f,0f,1f,0f,0.6875f,-0.27982901403099214f,0f,-0.9600498543859287f,0.062499999999999986f,0f,0f,0f,1f], start_interpolation: 0, interpolation_duration: 1 }
$data merge entity $(bone_leg_right) { transformation: [-0.9600498543859287f,0f,0.27982901403099214f,-0.125f,0f,1f,0f,1.0625f,-0.27982901403099214f,0f,-0.9600498543859287f,0.062499999999999986f,0f,0f,0f,1f], start_interpolation: 0, interpolation_duration: 1 }
$data merge entity $(bone_shoe_left) { transformation: [-0.9383902987820634f,0.0003172574186715432f,-0.3456090421040676f,0.1475132444952072f,-0.13942519124750696f,0.912282899819761f,0.37558341897734154f,0.28390459692888403f,0.31620288296804927f,0.4031997680298852f,-0.8600502933712644f,-0.1805582948832505f,0f,0f,0f,1f], start_interpolation: 0, interpolation_duration: 1 }
$data merge entity $(bone_lowerleg_left) { transformation: [-0.9589625793254815f,0.01540889201071842f,-0.283152629969887f,0.1515100351503867f,-0.11184613992435237f,0.9430010799327588f,0.4253393197183218f,0.6919153802220809f,0.26054023189795833f,0.46153172078704724f,-0.8595993550734503f,0.014403260437943072f,0f,0f,0f,1f], start_interpolation: 0, interpolation_duration: 1 }
$data merge entity $(bone_leg_left) { transformation: [-0.9589625793254815f,-0.07712010225567045f,-0.272842924191731f,0.12499999999999999f,-0.11184613992435237f,0.9871552575357647f,0.11408303337271643f,1.03125f,0.26054023189795833f,0.13991778781689293f,-0.9552705377090749f,0.06250000000000001f,0f,0f,0f,1f], start_interpolation: 0, interpolation_duration: 1 }