# This file was generated by Animated Java via MC-Build. It is not recommended to edit this file directly.
$data merge entity $(bone_hammer) { transformation: [-0.000020208250641420017f,-0.00000370120477131964f,-0.0000034576678602905385f,0.8081970600449058f,-0.000005057902617518628f,0.00001549968222711759f,0.00001296939666090336f,0.8111539459793526f,2.6833729338952886e-7f,0.000013419713554205014f,-0.000015933206237221702f,0.3542214648479958f,0f,0f,0f,1f], start_interpolation: 0, interpolation_duration: 1 }
$data merge entity $(bone_hand_left) { transformation: [-0.9699960307881605f,-0.16596805729394587f,0.17765782902334265f,0.7585476839963289f,-0.2427793256408941f,0.6225310397233613f,-0.7439847469016442f,1.1974983457416082f,0.012880190082697383f,-0.7647938993866414f,-0.6441462506018407f,0.5977532078617752f,0f,0f,0f,1f], start_interpolation: 0, interpolation_duration: 1 }
$data merge entity $(bone_lowerarm_left) { transformation: [-0.9162896354587027f,-0.32111942140714705f,0.23936503743466098f,0.616552689842856f,-0.37254651202838485f,0.46392610823056657f,-0.8037298442122982f,1.4026406717248119f,0.14704557227758364f,-0.8256239357583933f,-0.5447226049801663f,0.23267262376861067f,0f,0f,0f,1f], start_interpolation: 0, interpolation_duration: 1 }
$data merge entity $(bone_arm_left) { transformation: [-0.8410088984627196f,-0.4748390951129485f,0.25929108441834064f,0.38135895054472374f,-0.5288185157076752f,0.8226967866914798f,-0.208616812870499f,1.8101326738829355f,-0.11425852331994298f,-0.3125665223913621f,-0.9429990238218257f,0.0778545181466391f,0f,0f,0f,1f], start_interpolation: 0, interpolation_duration: 1 }
$data merge entity $(bone_bread) { transformation: [-0.000007649092636931074f,5.13669155023086e-9f,-0.000006441378380909379f,-0.48306966077225844f,-5.273299822207453e-7f,0.000009965930929409386f,6.341480900329141e-7f,0.7109237064886587f,0.000006419758945746942f,8.247389433276709e-7f,-0.000007622762016084517f,-0.06617451048176519f,0f,0f,0f,1f], start_interpolation: 0, interpolation_duration: 1 }
$data merge entity $(bone_hand_right) { transformation: [-0.7649092636931074f,0.000513669155023086f,-0.6441378380909378f,-0.4502468948640491f,-0.05273299822207453f,0.9965930929409386f,0.0634148090032914f,0.9177057820551979f,0.6419758945746942f,0.08247389433276708f,-0.7622762016084517f,0.08727467251550246f,0f,0f,0f,1f], start_interpolation: 0, interpolation_duration: 1 }
$data merge entity $(bone_lowerarm_right) { transformation: [-0.7591451455107409f,0.09372883007382893f,-0.6441378380909378f,-0.4088011778157779f,0.06911421142898867f,0.99559117501996f,0.0634148090032914f,1.3579437547593365f,0.6472417429570076f,0.003621965677110761f,-0.7622762016084517f,0.08887626046334987f,0f,0f,0f,1f], start_interpolation: 0, interpolation_duration: 1 }
$data merge entity $(bone_arm_right) { transformation: [-0.7470262268706253f,0.2093239644648565f,-0.6309796306285589f,-0.3051204016667787f,0.13347270901636382f,0.9770333468239352f,0.16610501239231978f,1.841880584358067f,0.6512579000021959f,0.03986624003759477f,-0.7578085712038329f,0.10862250748197103f,0f,0f,0f,1f], start_interpolation: 0, interpolation_duration: 1 }
$data merge entity $(bone_uppertail) { transformation: [-0.8623987437825527f,0.2118019377271143f,0.4597916331310462f,0.15197633571862412f,0.08936407018429667f,0.9576981820370885f,-0.27354753715387714f,0.8167642232366656f,-0.49827950959513795f,-0.1948182006330395f,-0.8448451923398355f,-0.6437585108847098f,0f,0f,0f,1f], start_interpolation: 0, interpolation_duration: 1 }
$data merge entity $(bone_middletail) { transformation: [-0.9309298177212444f,0.2432297211909161f,0.27241324712076653f,0.04871429405937308f,0.1052690131329402f,0.8929929769933367f,-0.4375865376295241f,0.9826623766433669f,-0.34969716806332235f,-0.3786856820239804f,-0.8569183420131263f,-0.31892417168153553f,0f,0f,0f,1f], start_interpolation: 0, interpolation_duration: 1 }
$data merge entity $(bone_tail) { transformation: [-0.9840418195536811f,0.16151647207617567f,0.07466007378476491f,0.025383021001634042f,0.10410878267653402f,0.8628892324915072f,-0.49455387352626007f,1.1372104621203232f,-0.1443019706694638f,-0.47888892417582996f,-0.8659343737042811f,-0.04831967989894772f,0f,0f,0f,1f], start_interpolation: 0, interpolation_duration: 1 }
$data merge entity $(bone_hair) { transformation: [-0.6872991008633362f,0.13236237330226744f,-0.01429628796123099f,0.18011654709261737f,0.13219557829546075f,0.6873068736881682f,0.01651161991118602f,2.326293845978817f,0.012011454182489025f,0.009458515464241953f,-0.9997614628292281f,0.39826167590793854f,0f,0f,0f,1f], start_interpolation: 0, interpolation_duration: 1 }
$data merge entity $(bone_ear_left) { transformation: [-0.39808704960840546f,0.29680123681751736f,-0.8884829003100176f,0.19508056268769275f,0.1938425568128097f,1.257880115337642f,0.16178730319427473f,2.3683434903904614f,0.8966335729283992f,-0.1401664769541987f,-0.42944499575827283f,0.1691023907703278f,0f,0f,0f,1f], start_interpolation: 0, interpolation_duration: 1 }
$data merge entity $(bone_ear_right) { transformation: [-0.39580508563766753f,0.020434616536529004f,0.9182000050319962f,-0.08972722875977045f,0.021179586143895087f,1.2996669384647435f,-0.007985101981898763f,2.399253641054639f,-0.9180902784117321f,0.021172517769167863f,-0.3960366004621045f,0.17368555488462833f,0f,0f,0f,1f], start_interpolation: 0, interpolation_duration: 1 }
$data merge entity $(bone_head) { transformation: [-0.9997742401202028f,0.015718935797330004f,-0.01429628796123099f,0.04544548095450281f,0.01548234900770945f,0.9997437988190334f,0.01651161991118602f,1.9746254907318705f,0.014552170328665731f,0.016286552130129126f,-0.9997614628292281f,0.10991907760525338f,0f,0f,0f,1f], start_interpolation: 0, interpolation_duration: 1 }
$data merge entity $(bone_body) { transformation: [-0.9987887616766498f,0.048549593449336126f,-0.007996657072098668f,-6.403984274441296e-18f,0.048043195942843876f,0.9973548970596849f,0.054544116407387974f,1.042584375f,0.010623599767596517f,0.05409386552067951f,-0.9984793402174171f,0.0522925f,0f,0f,0f,1f], start_interpolation: 0, interpolation_duration: 1 }
$data merge entity $(bone_shoe_right) { transformation: [-0.9320659697527715f,0.003145114256447307f,0.36227494570441904f,-0.12764754214430019f,0.0032702733053033284f,0.9999946168057874f,-0.00026771618399862464f,0.250595f,-0.36227383750601494f,0.0009352089394601848f,-0.9320712376438322f,0.06674393011956833f,0f,0f,0f,1f], start_interpolation: 0, interpolation_duration: 1 }
$data merge entity $(bone_lowerleg_right) { transformation: [-0.9585217890173758f,0f,0.2850192624699762f,-0.125f,0f,1f,0f,0.6875f,-0.2850192624699762f,0f,-0.9585217890173758f,0.062499999999999986f,0f,0f,0f,1f], start_interpolation: 0, interpolation_duration: 1 }
$data merge entity $(bone_leg_right) { transformation: [-0.9585217890173758f,0f,0.2850192624699762f,-0.125f,0f,1f,0f,1.0625f,-0.2850192624699762f,0f,-0.9585217890173758f,0.062499999999999986f,0f,0f,0f,1f], start_interpolation: 0, interpolation_duration: 1 }
$data merge entity $(bone_shoe_left) { transformation: [-0.9433615374497293f,-0.005323343177136465f,-0.3317236455223867f,0.14643064101343523f,-0.11228408885249941f,0.9467936013335094f,0.3017261002418281f,0.2693941848413745f,0.31218791304444693f,0.3244456797362718f,-0.8938728129427171f,-0.12884901618433678f,0f,0f,0f,1f], start_interpolation: 0, interpolation_duration: 1 }
$data merge entity $(bone_lowerleg_left) { transformation: [-0.9672820743052304f,0.00535428275243504f,-0.2536511053246172f,0.1462368848300868f,-0.08467167895458502f,0.9733558144091455f,0.3418862885434604f,0.6916197266609685f,0.23915705197794715f,0.3662646450479708f,-0.9048618029697008f,0.025406329143458285f,0f,0f,0f,1f], start_interpolation: 0, interpolation_duration: 1 }
$data merge entity $(bone_leg_left) { transformation: [-0.9672820743052304f,-0.06067681380024802f,-0.24634064422019533f,0.12499999999999999f,-0.08467167895458502f,0.9925150666829469f,0.08800312034443548f,1.039f,0.23915705197794715f,0.10598191673297638f,-0.9651796401783566f,0.06250000000000001f,0f,0f,0f,1f], start_interpolation: 0, interpolation_duration: 1 }