# This file was generated by Animated Java via MC-Build. It is not recommended to edit this file directly.
$data merge entity $(bone_hammer) { transformation: [-0.000020349473995546698f,-0.000004084161331442321f,-0.0000018017525082812799f,0.6745202460447022f,-0.000003693701097029434f,0.0000106839065530055f,0.000017499671161202644f,0.7446724138932674f,-0.0000025066427922921464f,0.000017412683445212437f,-0.000011159882388558247f,0.07958080905604104f,0f,0f,0f,1f], start_interpolation: 0, interpolation_duration: 1 }
$data merge entity $(bone_hand_left) { transformation: [-0.9767747517862414f,-0.08648412039750146f,0.19603974390923137f,0.6217974065119031f,-0.17729765265741282f,0.839984215737727f,-0.5128275145442638f,1.037081545142685f,-0.120318854030023f,-0.5356743546507956f,-0.8358088053701971f,0.42994057812001285f,0f,0f,0f,1f], start_interpolation: 0, interpolation_duration: 1 }
$data merge entity $(bone_lowerarm_left) { transformation: [-0.9529883833925488f,-0.19475838804795648f,0.2321256371102041f,0.5356776817969473f,-0.2960764246583957f,0.7614332161717524f,-0.5766786003241692f,1.3737777954186317f,-0.06443517579985278f,-0.6182949357671493f,-0.7833003769463788f,0.15653828621047655f,0f,0f,0f,1f], start_interpolation: 0, interpolation_duration: 1 }
$data merge entity $(bone_arm_left) { transformation: [-0.8908861203307412f,-0.3349244442102522f,0.3068347067599979f,0.3697854180240568f,-0.37581363223143016f,0.9229007748314738f,-0.0837751373886348f,1.8309020854523461f,-0.2551196472854641f,-0.1899467727704762f,-0.9480686626415945f,0.062455275322600055f,0f,0f,0f,1f], start_interpolation: 0, interpolation_duration: 1 }
$data merge entity $(bone_bread) { transformation: [-0.00000783350039336524f,1.2799449367734722e-7f,-0.0000062144902443189114f,-0.4752545462810684f,-1.9057569198029716e-7f,0.000009988233827385995f,4.459438474610493e-7f,0.7140352653071614f,0.0000062128860035230695f,4.67763208312082e-7f,-0.000007821844097664995f,-0.07783228337263731f,0f,0f,0f,1f], start_interpolation: 0, interpolation_duration: 1 }
$data merge entity $(bone_hand_right) { transformation: [-0.7833500393365239f,0.012799449367734722f,-0.6214490244318911f,-0.4437329161364228f,-0.019057569198029714f,0.9988233827385994f,0.04459438474610493f,0.92576248411309f,0.6212886003523069f,0.046776320831208196f,-0.7821844097664995f,0.06900362555202111f,0f,0f,0f,1f], start_interpolation: 0, interpolation_duration: 1 }
$data merge entity $(bone_lowerarm_right) { transformation: [-0.7788926588519677f,0.08442355132996446f,-0.6214490244318911f,-0.40640187703270414f,0.0724163349644438f,0.9963770447372992f,0.04459438474610493f,1.3663479585828644f,0.6229623587479661f,-0.01026882181182534f,-0.7821844097664995f,0.06446288090710459f,0f,0f,0f,1f], start_interpolation: 0, interpolation_duration: 1 }
$data merge entity $(bone_arm_right) { transformation: [-0.7715696367090508f,0.1800568363756764f,-0.6101309952649893f,-0.3172174752653769f,0.11677916041994454f,0.9828981521295442f,0.14238627122001665f,1.8531896995595294f,0.6253342493421229f,0.038610338184354005f,-0.7794012563404126f,0.08358706403904242f,0f,0f,0f,1f], start_interpolation: 0, interpolation_duration: 1 }
$data merge entity $(bone_uppertail) { transformation: [-0.9416274451563299f,0.1823264024947107f,0.2830103133839821f,0.0884268356165815f,0.012163934137572927f,0.8585264687134411f,-0.5126249518163606f,0.6994739069817166f,-0.33643690825273587f,-0.4792592048899695f,-0.8106298916852096f,-0.5770797644570689f,0f,0f,0f,1f], start_interpolation: 0, interpolation_duration: 1 }
$data merge entity $(bone_middletail) { transformation: [-0.9710706650261942f,0.18644827904661418f,0.14919384292302731f,0.03187385958442317f,0.04874587781184381f,0.7664057296630699f,-0.6405045643365631f,0.9422920269721385f,-0.23376398978871374f,-0.6147026084052137f,-0.7533227066124376f,-0.29152116104408055f,0f,0f,0f,1f], start_interpolation: 0, interpolation_duration: 1 }
$data merge entity $(bone_tail) { transformation: [-0.9932125018153678f,0.11366718149977105f,0.024671807545379256f,0.02416391972649215f,0.07183297225701947f,0.7662586469238589f,-0.6385042757187608f,1.1418246131342513f,-0.09148196726339237f,-0.6323981798395019f,-0.7692227192441112f,-0.05113906128029579f,0f,0f,0f,1f], start_interpolation: 0, interpolation_duration: 1 }
$data merge entity $(bone_hair) { transformation: [-0.6879692748264283f,0.12901056313609707f,-0.010551283325105115f,0.16289527653228392f,0.12892809141415873f,0.6879794798243634f,0.01122884268124674f,2.3377359212092452f,0.00870770573115958f,0.006364741935481524f,-0.9998812847094565f,0.36827905193080646f,0f,0f,0f,1f], start_interpolation: 0, interpolation_duration: 1 }
$data merge entity $(bone_ear_left) { transformation: [-0.40457427006712104f,0.2038095760564005f,-0.9009665691041324f,0.17861282396111827f,0.12820232990261074f,1.2807469277406194f,0.11386367300159674f,2.386036114799458f,0.9054743633075417f,-0.09027161121124769f,-0.4186816276448177f,0.13904335312742092f,0f,0f,0f,1f], start_interpolation: 0, interpolation_duration: 1 }
$data merge entity $(bone_ear_right) { transformation: [-0.39238777074948894f,0.01408827073169379f,0.9197360458037608f,-0.10644720664629724f,0.014475918211907367f,1.2998433569986116f,-0.0056055781035101665f,2.407185572877453f,-0.9196859709477841f,0.014448802523739774f,-0.39249736756236664f,0.14228897151710446f,0f,0f,0f,1f], start_interpolation: 0, interpolation_duration: 1 }
$data merge entity $(bone_head) { transformation: [-0.9998856069594585f,0.010837131332072146f,-0.010551283325105115f,0.031024936774801132f,0.010718572945695505f,0.9998795053835474f,0.01122884268124674f,1.9839210756858923f,0.010671700395111623f,0.011114463479799826f,-0.9998812847094565f,0.08127094975885649f,0f,0f,0f,1f], start_interpolation: 0, interpolation_duration: 1 }
$data merge entity $(bone_body) { transformation: [-0.9994296414260011f,0.03313612078526855f,-0.006510709515790496f,-6.403984274441296e-18f,0.032973512799994165f,0.9991759038302407f,0.02366982591085486f,1.049959375f,0.007289670275364484f,0.023441644659145576f,-0.9996986295894132f,0.0522925f,0f,0f,0f,1f], start_interpolation: 0, interpolation_duration: 1 }
$data merge entity $(bone_shoe_right) { transformation: [-0.9244105443789647f,0.0021547531756340244f,0.3813928453441915f,-0.12766935776892488f,0.0022408612458364365f,0.9999974654318293f,-0.00021833642434659382f,0.250595f,-0.3813923491391289f,0.0006528159536830969f,-0.9244130299003079f,0.06673024247143178f,0f,0f,0f,1f], start_interpolation: 0, interpolation_duration: 1 }
$data merge entity $(bone_lowerleg_right) { transformation: [-0.9570416058977361f,0f,0.28995062438401903f,-0.125f,0f,1f,0f,0.6875f,-0.28995062438401903f,0f,-0.9570416058977361f,0.062499999999999986f,0f,0f,0f,1f], start_interpolation: 0, interpolation_duration: 1 }
$data merge entity $(bone_leg_right) { transformation: [-0.9570416058977361f,0f,0.28995062438401903f,-0.125f,0f,1f,0f,1.0625f,-0.28995062438401903f,0f,-0.9570416058977361f,0.062499999999999986f,0f,0f,0f,1f], start_interpolation: 0, interpolation_duration: 1 }
$data merge entity $(bone_shoe_left) { transformation: [-0.9474985034886186f,-0.006171771372364169f,-0.31969750342242864f,0.14245057558411459f,-0.08287747405359837f,0.9736828293489509f,0.2256668776801935f,0.2591266053112837f,0.30883314294505915f,0.24235944553376007f,-0.9202710646656935f,-0.07616750108330161f,0f,0f,0f,1f], start_interpolation: 0, interpolation_duration: 1 }
$data merge entity $(bone_lowerleg_left) { transformation: [-0.974041393572223f,0.0008636860016235023f,-0.22636841757443874f,0.14043982850970782f,-0.05842635166501817f,0.9941354178186257f,0.2549782258087712f,0.691415288306523f,0.2187000801074327f,0.2694327839834585f,-0.940076296844174f,0.03643705177700633f,0f,0f,0f,1f], start_interpolation: 0, interpolation_duration: 1 }
$data merge entity $(bone_leg_left) { transformation: [-0.974041393572223f,-0.04333986950093429f,-0.22218240101214998f,0.12499999999999999f,-0.05842635166501817f,0.9963781380869532f,0.06178161031805564f,1.046375f,0.2187000801074327f,0.07315915290664891f,-0.9730457406036902f,0.06250000000000001f,0f,0f,0f,1f], start_interpolation: 0, interpolation_duration: 1 }