# This file was generated by Animated Java via MC-Build. It is not recommended to edit this file directly.
$data merge entity $(bone_hammer) { transformation: [-0.00001979248274986873f,-0.000006461772935520172f,-7.286253520881937e-7f,0.6126984628887572f,-0.0000026554923199794856f,0.000005900836381811875f,0.00001980293585081245f,0.7672768323765266f,-0.000005935803645038857f,0.000018906438012027603f,-0.000006429666753625653f,-0.14720769189072108f,0f,0f,0f,1f], start_interpolation: 0, interpolation_duration: 1 }
$data merge entity $(bone_hand_left) { transformation: [-0.9500391719936988f,-0.03497401690023336f,0.3101651009049682f,0.510345690294661f,-0.12746363135901528f,0.9505409208389975f,-0.28324014632696976f,0.9604460355661302f,-0.2849185749618651f,-0.3086240041740311f,-0.9075090245773247f,0.2568273740458815f,0f,0f,0f,1f], start_interpolation: 0, interpolation_duration: 1 }
$data merge entity $(bone_lowerarm_left) { transformation: [-0.9400811696496688f,-0.09162776329768357f,0.3284078979914673f,0.4698290387114666f,-0.2045241867675951f,0.9222170204170146f,-0.32815487849522723f,1.3682388742817788f,-0.2727952556353651f,-0.37565958026679835f,-0.8856989489982522f,0.09071540339665664f,0f,0f,0f,1f], start_interpolation: 0, interpolation_duration: 1 }
$data merge entity $(bone_arm_left) { transformation: [-0.8913079574633842f,-0.22334658000104207f,0.3945711978392342f,0.35920268580470044f,-0.23905502802115794f,0.9709585457934375f,0.009601871093497135f,1.849166778995091f,-0.3852568215363011f,-0.08576600464362838f,-0.9188152011733456f,0.048234429221609455f,0f,0f,0f,1f], start_interpolation: 0, interpolation_duration: 1 }
$data merge entity $(bone_bread) { transformation: [-0.000007988910322112779f,2.6549300010352506e-7f,-0.000006008895516826358f,-0.4678484619207924f,1.1619481265087079e-7f,0.00000999520135714043f,2.8713863503734424e-7f,0.7167785102161868f,0.000006013635392235957f,1.5957223165109153e-7f,-0.0000079881616203062f,-0.08998965632585043f,0f,0f,0f,1f], start_interpolation: 0, interpolation_duration: 1 }
$data merge entity $(bone_hand_right) { transformation: [-0.7988910322112778f,0.0265493000103525f,-0.6008895516826358f,-0.43686029809640314f,0.011619481265087078f,0.999520135714043f,0.02871386350373442f,0.9325605245447348f,0.6013635392235956f,0.01595722316510915f,-0.7988161620306199f,0.05093822769681941f,0f,0f,0f,1f], start_interpolation: 0, interpolation_duration: 1 }
$data merge entity $(bone_lowerarm_right) { transformation: [-0.7957801434059363f,0.07527091097806772f,-0.6008895516826358f,-0.4035764421482888f,0.07261705311131868f,0.9969464768181473f,0.02871386350373442f,1.3733977947627594f,0.6012160401704658f,-0.02078490607183419f,-0.7988161620306199f,0.041747402043180226f,0f,0f,0f,1f], start_interpolation: 0, interpolation_duration: 1 }
$data merge entity $(bone_arm_right) { transformation: [-0.7920178314339139f,0.15234178893643627f,-0.5911850252115377f,-0.32811964981571023f,0.09884848641571664f,0.9875879092876604f,0.12206186202966803f,1.8625624310818036f,0.6024423054733474f,0.038237426331725465f,-0.7972459895185949f,0.060686877273113f,0f,0f,0f,1f], start_interpolation: 0, interpolation_duration: 1 }
$data merge entity $(bone_uppertail) { transformation: [-0.9834313992421652f,0.11728805268469926f,0.1382251629842704f,0.04420266232012661f,-0.016229528267449805f,0.702466639296712f,-0.711531603716517f,0.608246119192352f,-0.18055272193133218f,-0.7019858498378823f,-0.6889242202380268f,-0.48677640744359635f,0f,0f,0f,1f], start_interpolation: 0, interpolation_duration: 1 }
$data merge entity $(bone_middletail) { transformation: [-0.992025874563592f,0.11065280993798515f,0.060337549247285405f,0.021331972627721633f,0.0187990941566899f,0.603293840421499f,-0.7972973950593131f,0.9104983011513383f,-0.12462446892656501f,-0.7898053543515053f,-0.6005632722556923f,-0.2591294339715587f,0f,0f,0f,1f], start_interpolation: 0, interpolation_duration: 1 }
$data merge entity $(bone_tail) { transformation: [-0.9980448624362064f,0.062227329020531214f,-0.005849109989080716f,0.023159819499309356f,0.04532758358451587f,0.6561946852803714f,-0.7532290124365781f,1.145882367537769f,-0.04303327469624567f,-0.7520214721221495f,-0.6577323488594374f,-0.0535880749529845f,0f,0f,0f,1f], start_interpolation: 0, interpolation_duration: 1 }
$data merge entity $(bone_hair) { transformation: [-0.6885559583875673f,0.12597342579622567f,-0.006606762481897305f,0.14735248762941575f,0.1259436483210613f,0.6885616484906668f,0.006554897747625849f,2.347043332784864f,0.00537490619073389f,0.0036813341301881676f,-0.999956691064681f,0.34139380340504405f,0f,0f,0f,1f], start_interpolation: 0, interpolation_duration: 1 }
$data merge entity $(bone_ear_left) { transformation: [-0.4011350342063505f,0.11971709230149287f,-0.9113781340120428f,0.16381655320041413f,0.07232738435987916f,1.2935151294757583f,0.06870654699695936f,2.400975426749941f,0.9131590408050111f,-0.0498640915708689f,-0.4057946614292519f,0.11204361568314106f,0f,0f,0f,1f], start_interpolation: 0, interpolation_duration: 1 }
$data merge entity $(bone_ear_right) { transformation: [-0.3887710493949676f,0.008344363860714764f,0.9213120377541875f,-0.12139269644648415f,0.008495709946545455f,1.299945650491712f,-0.0033816849037390183f,2.4132938282000977f,-0.9212952263334699f,0.00846624825055175f,-0.3888093276870274f,0.11400875642327146f,0f,0f,0f,1f], start_interpolation: 0, interpolation_duration: 1 }
$data merge entity $(bone_head) { transformation: [-0.9999575743240038f,0.0064187414313190486f,-0.006606762481897305f,0.018178456374785067f,0.006375436910689129f,0.9999581926859322f,0.006554897747625849f,1.9913281595319394f,0.006648560464654001f,0.006512498654270577f,-0.999956691064681f,0.05551066766618613f,0f,0f,0f,1f], start_interpolation: 0, interpolation_duration: 1 }
$data merge entity $(bone_body) { transformation: [-0.9998020171895158f,0.019411239209956674f,-0.004373810250684636f,-6.403984274441296e-18f,0.019428892219168575f,0.9998031176785139f,-0.004030388003589132f,1.056584375f,0.004294714299122134f,-0.004114568343992485f,-0.9999823127217958f,0.0522925f,0f,0f,0f,1f], start_interpolation: 0, interpolation_duration: 1 }
$data merge entity $(bone_shoe_right) { transformation: [-0.9171983726148663f,0.001267675270680138f,0.39842883714918165f,-0.1276888945378017f,0.0013182862029714202f,0.9999991202650207f,-0.0001469376460668228f,0.250595f,-0.39842867290661704f,0.0003904722690313638f,-0.9171992368821941f,0.06671785116264255f,0f,0f,0f,1f], start_interpolation: 0, interpolation_duration: 1 }
$data merge entity $(bone_lowerleg_right) { transformation: [-0.955690317133996f,0f,0.29437394201308364f,-0.125f,0f,1f,0f,0.6875f,-0.29437394201308364f,0f,-0.955690317133996f,0.062499999999999986f,0f,0f,0f,1f], start_interpolation: 0, interpolation_duration: 1 }
$data merge entity $(bone_leg_right) { transformation: [-0.955690317133996f,0f,0.29437394201308364f,-0.125f,0f,1f,0f,1.0625f,-0.29437394201308364f,0f,-0.955690317133996f,0.062499999999999986f,0f,0f,0f,1f], start_interpolation: 0, interpolation_duration: 1 }
$data merge entity $(bone_shoe_left) { transformation: [-0.9506004187466138f,-0.00394018483174095f,-0.31039142450106233f,0.13680344413986512f,-0.05287817583595731f,0.9917876894465866f,0.148947682546441f,0.2530127856267677f,0.30588027461577827f,0.1592073321650876f,-0.9388710557382407f,-0.024546594291567962f,0f,0f,0f,1f], start_interpolation: 0, interpolation_duration: 1 }
$data merge entity $(bone_lowerleg_left) { transformation: [-0.9791364481949304f,0.00011641898010174637f,-0.203203845409312f,0.13457372083855895f,-0.03457473090044348f,1.0050312863050446f,0.16715156361478328f,0.6909665891769488f,0.20024086445922618f,0.17410370471258957f,-0.9647634694535243f,0.046802760843602347f,0f,0f,0f,1f], start_interpolation: 0, interpolation_duration: 1 }
$data merge entity $(bone_leg_left) { transformation: [-0.9791364481949304f,-0.02641026438223163f,-0.20148030611322015f,0.12499999999999999f,-0.03457473090044348f,0.9987128574429f,0.03711086581312342f,1.053f,0.20024086445922618f,0.04330272870730391f,-0.9787892877872763f,0.06250000000000001f,0f,0f,0f,1f], start_interpolation: 0, interpolation_duration: 1 }