# This file was generated by Animated Java via MC-Build. It is not recommended to edit this file directly.
$data merge entity $(bone_hammer) { transformation: [-0.000018544140652400965f,-0.000009469163543858688f,-6.910622413397086e-7f,0.6179316534983686f,-0.0000018925051341295716f,0.00000220063347179544f,0.000020630157886402246f,0.8254869520676682f,-0.000009303819084603973f,0.000018426066641588192f,-0.000002819006267905018f,-0.2962460085834939f,0f,0f,0f,1f], start_interpolation: 0, interpolation_duration: 1 }
$data merge entity $(bone_hand_left) { transformation: [-0.8901187513152462f,-0.0331709875843061f,0.45451985010521695f,0.447734206626321f,-0.09084024643821942f,0.9902475785473076f,-0.1056304066461809f,0.93910191421205f,-0.4465833160609906f,-0.13531230085944063f,-0.884451198796233f,0.1150437129999262f,0f,0f,0f,1f], start_interpolation: 0, interpolation_duration: 1 }
$data merge entity $(bone_lowerarm_left) { transformation: [-0.8854567246511305f,-0.052166082571512756f,0.4617846777441129f,0.4246670169892302f,-0.12360113993691846f,0.9843250066664161f,-0.12580556210857402f,1.3743581280973558f,-0.4479834226580113f,-0.1684724935421272f,-0.8780249836669294f,0.040547282261766834f,0f,0f,0f,1f], start_interpolation: 0, interpolation_duration: 1 }
$data merge entity $(bone_arm_left) { transformation: [-0.8592594576733344f,-0.1501538757600576f,0.48900613287888345f,0.3502939254018267f,-0.1349357805891508f,0.9886227977085275f,0.06646276376859821f,1.864035357587361f,-0.4934222527569299f,-0.00887566590161749f,-0.8697446194366938f,0.03615105399487192f,0f,0f,0f,1f], start_interpolation: 0, interpolation_duration: 1 }
$data merge entity $(bone_bread) { transformation: [-0.000008107782374470953f,4.2317368561255943e-7f,-0.000005838217964415446f,-0.4619470441349351f,4.038814166041483e-7f,0.0000099905068220345f,1.6325820103116327e-7f,0.7188770416464348f,0.000005839584297665372f,-1.0342857771035948e-7f,-0.000008117176711133796f,-0.10088351830788433f,0f,0f,0f,1f], start_interpolation: 0, interpolation_duration: 1 }
$data merge entity $(bone_hand_right) { transformation: [-0.8107782374470952f,0.04231736856125594f,-0.5838217964415445f,-0.43038603504741074f,0.04038814166041483f,0.9990506822034498f,0.016325820103116326f,0.9379029097193259f,0.5839584297665372f,-0.010342857771035947f,-0.8117176711133794f,0.03481609230428257f,0f,0f,0f,1f], start_interpolation: 0, interpolation_duration: 1 }
$data merge entity $(bone_lowerarm_right) { transformation: [-0.8091077735289434f,0.06705759326730776f,-0.5838217964415445f,-0.4007340055245231f,0.07087882671680883f,0.9973513220130652f,0.016325820103116326f,1.378919197421978f,0.5833702107052473f,-0.02817125598880975f,-0.8117176711133794f,0.022359115046730764f,0f,0f,0f,1f], start_interpolation: 0, interpolation_duration: 1 }
$data merge entity $(bone_arm_right) { transformation: [-0.8077248072898959f,0.1283233840422968f,-0.5754248385292675f,-0.33717382936607293f,0.08195314692969646f,0.9909876015485528f,0.10595874331722785f,1.8697677438139957f,0.583835865116918f,0.038427629187601495f,-0.8109617746344153f,0.04139280012871463f,0f,0f,0f,1f], start_interpolation: 0, interpolation_duration: 1 }
$data merge entity $(bone_uppertail) { transformation: [-0.9984165312652756f,0.042040865514014605f,0.03737640596750091f,0.01868332228950085f,-0.009393616142464385f,0.5305007652130451f,-0.847632407405558f,0.5474840723171266f,-0.05546341201173016f,-0.8466413076003356f,-0.5292658180846475f,-0.3934326320130691f,0f,0f,0f,1f], start_interpolation: 0, interpolation_duration: 1 }
$data merge entity $(bone_middletail) { transformation: [-0.9993424760947576f,0.03565013278632358f,0.006609349825542295f,0.016178532417269725f,0.009674113927555666f,0.4378531210282053f,-0.8989944693520515f,0.8882845029064088f,-0.03494319665565205f,-0.8983394193945723f,-0.43791010558025184f,-0.227446527128326f,0f,0f,0f,1f], start_interpolation: 0, interpolation_duration: 1 }
$data merge entity $(bone_tail) { transformation: [-0.999677344033358f,0.015801702655626415f,-0.019887534276389795f,0.022393386878641536f,0.025300344677612413f,0.5498157978740762f,-0.8349026775422912f,1.1491915896383749f,-0.0022584033309883283f,-0.8351364526837971f,-0.5500381850500187f,-0.05555959430019516f,0f,0f,0f,1f], start_interpolation: 0, interpolation_duration: 1 }
$data merge entity $(bone_hair) { transformation: [-0.6890297312031182f,0.12342551767579503f,-0.0029176117646269447f,0.13441678177588848f,0.12342007926572962f,0.6890310692173505f,0.002736632533484447f,2.354074564014339f,0.0023480954408757657f,0.001525529303691618f,-0.9999919991599772f,0.3191240612843556f,0f,0f,0f,1f], start_interpolation: 0, interpolation_duration: 1 }
$data merge entity $(bone_ear_left) { transformation: [-0.3922403689072639f,0.05017076388827816f,-0.9190528175420382f,0.15154885567822282f,0.029153777080891726f,1.2988808785868409f,0.029513411332328553f,2.412696505930769f,0.919400647314005f,-0.01978276250532615f,-0.3930278324999005f,0.08964766725349252f,0f,0f,0f,1f], start_interpolation: 0, interpolation_duration: 1 }
$data merge entity $(bone_ear_right) { transformation: [-0.38537591322817255f,0.003531634869122199f,0.9227556693722725f,-0.13372599669785773f,0.003564877770574428f,1.299990363069432f,-0.00145521082846997f,2.417750474180013f,-0.9227527822499549f,0.0035473203628922896f,-0.3853827409248806f,0.09049382614285317f,0f,0f,0f,1f], start_interpolation: 0, interpolation_duration: 1 }
$data merge entity $(bone_head) { transformation: [-0.9999920536667828f,0.0027166422070170762f,-0.0029176117646269447f,0.00761440736739336f,0.0027086591611176296f,0.9999925869764862f,0.002736632533484447f,1.996802830940021f,0.0029250245877478894f,0.0027287079714556073f,-0.9999919991599772f,0.03412151967594533f,0f,0f,0f,1f], start_interpolation: 0, interpolation_duration: 1 }
$data merge entity $(bone_body) { transformation: [-0.9999648994321919f,0.008129299194361145f,-0.002028397933068242f,-6.403984274441296e-18f,0.008181071775531908f,0.9996026349449709f,-0.02697484523912476f,1.062084375f,0.0018083053309415136f,-0.026990492875820102f,-0.9996340547050958f,0.0522925f,0f,0f,0f,1f], start_interpolation: 0, interpolation_duration: 1 }
$data merge entity $(bone_shoe_right) { transformation: [-0.9109716923929078f,0.000533122917470238f,0.4124685338771389f,-0.12770507006202678f,0.0005543185247266042f,0.9999998440358852f,-0.00006825817587250391f,0.250595f,-0.4124685059368469f,0.0001664576832006934f,-0.9109718458339231f,0.06670749548129898f,0f,0f,0f,1f], start_interpolation: 0, interpolation_duration: 1 }
$data merge entity $(bone_lowerleg_right) { transformation: [-0.9545529600236397f,0f,0.2980413503360028f,-0.125f,0f,1f,0f,0.6875f,-0.2980413503360028f,0f,-0.9545529600236397f,0.062499999999999986f,0f,0f,0f,1f], start_interpolation: 0, interpolation_duration: 1 }
$data merge entity $(bone_leg_right) { transformation: [-0.9545529600236397f,0f,0.2980413503360028f,-0.125f,0f,1f,0f,1.0625f,-0.2980413503360028f,0f,-0.9545529600236397f,0.062499999999999986f,0f,0f,0f,1f], start_interpolation: 0, interpolation_duration: 1 }
$data merge entity $(bone_shoe_left) { transformation: [-0.9526263169954197f,-0.0009735519724396256f,-0.30414166155976674f,0.13109623359843917f,-0.02442196362777886f,1.0005349755926394f,0.07320301611509245f,0.25049975393694784f,0.30316112524580957f,0.0775415961834645f,-0.9498103995559097f,0.023884312308370584f,0f,0f,0f,1f], start_interpolation: 0, interpolation_duration: 1 }
$data merge entity $(bone_lowerleg_left) { transformation: [-0.9826560076897349f,0.0007188310958979975f,-0.18543641501742822f,0.12921036231188127f,-0.014605117578547357f,1.0065550994505512f,0.08121971608317356f,0.6898357502418575f,0.18486173506647702f,0.08334455622262552f,-0.9792939771615329f,0.05575416428686236f,0f,0f,0f,1f], start_interpolation: 0, interpolation_duration: 1 }
$data merge entity $(bone_leg_left) { transformation: [-0.9826560076897349f,-0.011417931693237389f,-0.18508592973837878f,0.12499999999999999f,-0.014605117578547357f,0.9997674569712338f,0.015865765717070664f,1.0585f,0.18486173506647702f,0.018293791764441097f,-0.9825942581203551f,0.06250000000000001f,0f,0f,0f,1f], start_interpolation: 0, interpolation_duration: 1 }