# This file was generated by Animated Java via MC-Build. It is not recommended to edit this file directly.
$data merge entity $(bone_hammer) { transformation: [-0.000015051574967640832f,-0.00001422115762872374f,-0.0000022883497263876225f,0.7082692933310601f,-0.0000010992297112616327f,-0.0000021660453215875385f,0.000020691247412480632f,0.9369012924473147f,-0.000014362087689926747f,0.000015069661613374042f,8.1456357826341e-7f,-0.41262120872082536f,0f,0f,0f,1f], start_interpolation: 0, interpolation_duration: 1 }
$data merge entity $(bone_hand_left) { transformation: [-0.7224755984467598f,-0.109840786866606f,0.6826155661787394f,0.42279927866114325f,-0.052763026140558354f,0.9931798757990702f,0.10397017543620204f,0.9541059775512013f,-0.6893802091164837f,0.039099051756643834f,-0.7233437574419539f,-0.053113719007699234f,0f,0f,0f,1f], start_interpolation: 0, interpolation_duration: 1 }
$data merge entity $(bone_lowerarm_left) { transformation: [-0.7309817400926556f,-0.10090041531211244f,0.6748961415217577f,0.37818237626531853f,-0.022435638556577625f,0.9920269255842386f,0.12401298737810679f,1.3927678837079818f,-0.6820281062930411f,0.07550950341332602f,-0.727417333530485f,-0.01972436046711914f,0f,0f,0f,1f], start_interpolation: 0, interpolation_duration: 1 }
$data merge entity $(bone_arm_left) { transformation: [-0.7653700603633843f,-0.08251736835046673f,0.6382785869977645f,0.337310492254228f,-0.013792107439804184f,0.9936217072761425f,0.11191818709223603f,1.884921135593196f,-0.6434426535999292f,0.07685562276214565f,-0.7616263944862495f,0.018343190182256136f,0f,0f,0f,1f], start_interpolation: 0, interpolation_duration: 1 }
$data merge entity $(bone_bread) { transformation: [-0.000008270513643578707f,5.421359825640215e-7f,-0.000005595059664363537f,-0.44992290643197064f,6.550696641729873e-7f,0.000009978521015982873f,-1.4382866286224983e-9f,0.7227505782756232f,0.000005582964069959503f,-3.677049224547849e-7f,-0.000008288263104145752f,-0.12049600838413546f,0f,0f,0f,1f], start_interpolation: 0, interpolation_duration: 1 }
$data merge entity $(bone_hand_right) { transformation: [-0.8270513643578706f,0.054213598256402144f,-0.5595059664363536f,-0.4198161462812054f,0.06550696641729872f,0.9978521015982873f,-0.00014382866286224982f,0.9451428894841875f,0.5582964069959503f,-0.03677049224547849f,-0.8288263104145751f,0.0099572606762349f,0f,0f,0f,1f], start_interpolation: 0, interpolation_duration: 1 }
$data merge entity $(bone_lowerarm_right) { transformation: [-0.8270513643578706f,0.054213598256402144f,-0.5595059664363536f,-0.39584357080220256f,0.06550696641729872f,0.9978521015982873f,-0.00014382866286224982f,1.38638061565968f,0.5582964069959503f,-0.03677049224547849f,-0.8288263104145751f,-0.006302191363562616f,0f,0f,0f,1f], start_interpolation: 0, interpolation_duration: 1 }
$data merge entity $(bone_arm_right) { transformation: [-0.8281067553994068f,0.09223637616023339f,-0.5529300611964365f,-0.35015774073533695f,0.05465714726050183f,0.9949559911147808f,0.08411404162295301f,1.87919475500872f,0.5578994514383493f,0.03943382631234237f,-0.8289711547618271f,0.013229875731769467f,0f,0f,0f,1f], start_interpolation: 0, interpolation_duration: 1 }
$data merge entity $(bone_uppertail) { transformation: [-0.9940802697589433f,-0.08603764432774873f,-0.06634712529204645f,0.001491766449964788f,0.04461938871524627f,0.23350074850916147f,-0.9713323378722336f,0.4906584257660934f,0.09906324962701585f,-0.9685426806311598f,-0.22827953997049844f,-0.23787035178117874f,0f,0f,0f,1f], start_interpolation: 0, interpolation_duration: 1 }
$data merge entity $(bone_middletail) { transformation: [-0.9961395898189294f,-0.0805559666116059f,-0.03488056534296824f,0.014712773989030774f,0.021104783852353835f,0.16592067639819713f,-0.9859132402205125f,0.8644028639735408f,0.08520860105600059f,-0.982843357502524f,-0.16358003826642398f,-0.17587926899014644f,0f,0f,0f,1f], start_interpolation: 0, interpolation_duration: 1 }
$data merge entity $(bone_tail) { transformation: [-0.9983770602167064f,-0.052774931852691234f,-0.021402154120341216f,0.021400947151637404f,-0.0000661057905986008f,0.3768830287283366f,-0.9262608586605504f,1.1538593823049628f,0.05694946235981065f,-0.9247561782570038f,-0.37627485899595914f,-0.0582933755539092f,0f,0f,0f,1f], start_interpolation: 0, interpolation_duration: 1 }
$data merge entity $(bone_hair) { transformation: [-0.6896850431408986f,0.11970804812891264f,0.003038689601676029f,0.11580289659411616f,0.11970265954966712f,0.6896867894444415f,-0.002636386888624692f,2.3630819408365453f,-0.002411340804048066f,-0.0014545373781506693f,-0.9999919078820979f,0.2872154807266633f,0f,0f,0f,1f], start_interpolation: 0, interpolation_duration: 1 }
$data merge entity $(bone_ear_left) { transformation: [-0.37110923955461245f,-0.04852378520453768f,-0.927838726768193f,0.13396829326551127f,-0.026400301740831023f,1.2989755991854337f,-0.029637887512183513f,2.428471680402422f,0.9282138527220927f,0.017545226993914368f,-0.3718022226036232f,0.05751142828432198f,0f,0f,0f,1f], start_interpolation: 0, interpolation_duration: 1 }
$data merge entity $(bone_ear_right) { transformation: [-0.3798729123428304f,-0.0034786830190237515f,0.9250348155468364f,-0.15130766542113855f,-0.0034627972261644675f,1.2999907998770999f,0.001470721087628825f,2.423799764655787f,-0.9250322045764389f,-0.0034378771577534177f,-0.3798794901093142f,0.05665687325731185f,0f,0f,0f,1f], start_interpolation: 0, interpolation_duration: 1 }
$data merge entity $(bone_head) { transformation: [-0.999991802901953f,-0.002675910014633655f,0.003038689601676029f,-0.007372875501051239f,-0.002683924238985941f,0.9999929229823844f,-0.002636386888624692f,2.0036079679896384f,-0.00303161336273847f,-0.002644520890579552f,-0.9999919078820979f,0.0033941035415873885f,0f,0f,0f,1f], start_interpolation: 0, interpolation_duration: 1 }
$data merge entity $(bone_body) { transformation: [-0.9999665254793066f,-0.007869343129370324f,0.002240839029351964f,-6.403984274441296e-18f,-0.007989332639629986f,0.9981765554038936f,-0.05983088505104247f,1.069990625f,-0.0017659232193325816f,-0.05984678504924008f,-0.99820601272205f,0.0522925f,0f,0f,0f,1f], start_interpolation: 0, interpolation_duration: 1 }
$data merge entity $(bone_shoe_right) { transformation: [-0.9016437672250308f,-0.0005197226776519729f,0.4324791866813855f,-0.12772825244571864f,-0.0005401487399644751f,0.9999998512610292f,0.00007561255337271287f,0.250595f,-0.43247916165243505f,-0.00016542750027433482f,-0.9016439138430145f,0.06669250054955932f,0f,0f,0f,1f], start_interpolation: 0, interpolation_duration: 1 }
$data merge entity $(bone_lowerleg_right) { transformation: [-0.9528933575384f,0f,0.30330553763358015f,-0.125f,0f,1f,0f,0.6875f,-0.30330553763358015f,0f,-0.9528933575384f,0.062499999999999986f,0f,0f,0f,1f], start_interpolation: 0, interpolation_duration: 1 }
$data merge entity $(bone_leg_right) { transformation: [-0.9528933575384f,0f,0.30330553763358015f,-0.125f,0f,1f,0f,1.0625f,-0.30330553763358015f,0f,-0.9528933575384f,0.062499999999999986f,0f,0f,0f,1f], start_interpolation: 0, interpolation_duration: 1 }
$data merge entity $(bone_shoe_left) { transformation: [-0.9544664568717974f,0.013261747919392324f,-0.29802698994115273f,0.1177063230210241f,0.01637399416330418f,1.0060810576372605f,-0.008224973535428576f,0.2539622414334382f,0.29786855326089295f,-0.012809918251666046f,-0.954522007644118f,0.08161796489563566f,0f,0f,0f,1f], start_interpolation: 0, interpolation_duration: 1 }
$data merge entity $(bone_lowerleg_left) { transformation: [-0.9865756834491534f,0.011553703771964262f,-0.16289546573181693f,0.12066736108551339f,0.01431965362153939f,0.9997723755561719f,-0.015815960132972182f,0.6914916091664356f,0.16267565382378205f,-0.017936248323390556f,-0.9865165597439745f,0.06922609312127147f,0f,0f,0f,1f], start_interpolation: 0, interpolation_duration: 1 }
$data merge entity $(bone_leg_left) { transformation: [-0.9865756834491534f,0.011553703771964262f,-0.16289546573181693f,0.12499999999999999f,0.01431965362153939f,0.9997723755561719f,-0.015815960132972182f,1.06640625f,0.16267565382378205f,-0.017936248323390556f,-0.9865165597439745f,0.06250000000000001f,0f,0f,0f,1f], start_interpolation: 0, interpolation_duration: 1 }