# This file was generated by Animated Java via MC-Build. It is not recommended to edit this file directly.
$data merge entity $(bone_hammer) { transformation: [-0.000020751498733056167f,-1.9332642877896722e-7f,-0.000001834585239688202f,0.3623487953180361f,0.0000015928664439578513f,-0.000012328539216461666f,-0.000016718183964104995f,2.9094117792283116f,-9.305130850554009e-7f,-0.000016792781885616214f,0.000012294893237374547f,-0.1371383120892991f,0f,0f,0f,1f], start_interpolation: 0, interpolation_duration: 1 }
$data merge entity $(bone_hand_left) { transformation: [-0.9960719391866959f,-0.08806009150503369f,0.009279668581390406f,0.39497324718846355f,0.07645758930997686f,-0.8024728302770398f,0.5917698823901597f,2.5878620518322815f,-0.04466462808265924f,0.5901548753939779f,0.8060535305095782f,-0.46359839169581507f,0f,0f,0f,1f], start_interpolation: 0, interpolation_duration: 1 }
$data merge entity $(bone_lowerarm_left) { transformation: [-0.9992398604985885f,0.037862764581857354f,0.009279668581390406f,0.4117156884020036f,-0.025034316693976832f,-0.8057181202403242f,0.5917698823901597f,2.231583570538513f,0.02988284086942307f,0.5910877445647276f,0.8060535305095782f,-0.20222677964609964f,0f,0f,0f,1f], start_interpolation: 0, interpolation_duration: 1 }
$data merge entity $(bone_arm_left) { transformation: [-0.9896817045271137f,-0.13721779361918715f,-0.04124804042120139f,0.34375f,0.10731798070377985f,-0.9006249820483767f,0.4211383296828056f,1.7854927591176764f,-0.09493668807141968f,0.4123662435561894f,0.9060580039011779f,0.0020233753653254444f,0f,0f,0f,1f], start_interpolation: 0, interpolation_duration: 1 }
$data merge entity $(bone_bread) { transformation: [-0.00000996071939186696f,8.806009150503353e-7f,-9.279668581390607e-8f,-0.35314185457869485f,-7.645758930997686e-7f,-0.000008024728302770398f,0.000005917698823901598f,2.843799798484044f,4.466462808265902e-7f,0.000005901548753939782f,0.000008060535305095783f,-0.48958871768717743f,0f,0f,0f,1f], start_interpolation: 0, interpolation_duration: 1 }
$data merge entity $(bone_hand_right) { transformation: [-0.9960719391866959f,0.08806009150503352f,-0.009279668581390607f,-0.39497324718846344f,-0.07645758930997686f,-0.8024728302770398f,0.5917698823901597f,2.589509032230298f,0.044664628082659016f,0.5901548753939782f,0.8060535305095782f,-0.4584574907532758f,0f,0f,0f,1f], start_interpolation: 0, interpolation_duration: 1 }
$data merge entity $(bone_lowerarm_right) { transformation: [-0.9992398604985885f,-0.037862764581857514f,-0.009279668581390607f,-0.41171568840200357f,0.025034316693976832f,-0.8057181202403242f,0.5917698823901597f,2.2332305509365296f,-0.029882840869423305f,0.5910877445647277f,0.8060535305095782f,-0.1970858787035603f,0f,0f,0f,1f], start_interpolation: 0, interpolation_duration: 1 }
$data merge entity $(bone_arm_right) { transformation: [-0.9896817045271137f,0.13721779361918704f,0.04124804042120117f,-0.34375f,-0.10731798070377985f,-0.9006249820483767f,0.4211383296828056f,1.787139739515693f,0.09493668807141944f,0.41236624355618945f,0.9060580039011779f,0.007164276307864786f,0f,0f,0f,1f], start_interpolation: 0, interpolation_duration: 1 }
$data merge entity $(bone_uppertail) { transformation: [-0.9999421645723737f,0.0078404903115598f,-0.007361672499515278f,0.01868289928765721f,0.010631934598458383f,0.6174363001617013f,-0.7865490303911916f,0.5143124878203246f,-0.0016215662212460367f,-0.78658180881222f,-0.6174839500494619f,-0.381342928482438f,0f,0f,0f,1f], start_interpolation: 0, interpolation_duration: 1 }
$data merge entity $(bone_middletail) { transformation: [-0.9999421645723737f,0.006690766698181974f,-0.008420282139351488f,0.021875000000000023f,0.010631934598458383f,0.4969211711404422f,-0.8677305524407363f,0.8432624981504403f,-0.0016215662212460367f,-0.8677698907621776f,-0.49696356728596136f,-0.19297017123285012f,0f,0f,0f,1f], start_interpolation: 0, interpolation_duration: 1 }
$data merge entity $(bone_tail) { transformation: [-1f,1.1073847039428671e-16f,5.2293297862654075e-17f,0.021875000000000006f,0f,0.42700718198147175f,-0.9042482328079178f,1.1258400709029146f,-1.2246467991473532e-16f,-0.9042482328079178f,-0.42700718198147175f,-0.059530426863640205f,0f,0f,0f,1f], start_interpolation: 0, interpolation_duration: 1 }
$data merge entity $(bone_hair) { transformation: [-0.6893654271085455f,0.12155372436685122f,1.2231103413523105e-16f,0.12499999999999996f,0.12140122148402008f,0.688500540281706f,0.050076461006262285f,2.32029510527156f,0.0060869803384224945f,0.03452098092966644f,-0.9987453869996539f,0.2918860019713385f,0f,0f,0f,1f], start_interpolation: 0, interpolation_duration: 1 }
$data merge entity $(bone_ear_left) { transformation: [-0.19270954274178176f,0.6650624078791576f,-0.8373424140132105f,0.142644375f,0.5228869035552579f,1.0083155681785183f,0.3535413473652041f,2.326840005099765f,0.830332655160959f,-0.4806159678941276f,-0.4169726578538759f,0.06234075694379629f,0f,0f,0f,1f], start_interpolation: 0, interpolation_duration: 1 }
$data merge entity $(bone_ear_right) { transformation: [-0.3424210169413756f,-0.4980118473931703f,0.8579003064628481f,-0.142644375f,-0.37538951874181326f,1.160685749180348f,0.2488534301984685f,2.3334815704444964f,-0.8612958587939596f,-0.30788438009372326f,-0.44953201715718505f,0.062673760822798f,0f,0f,0f,1f], start_interpolation: 0, interpolation_duration: 1 }
$data merge entity $(bone_head) { transformation: [-1f,-6.132597768394634e-18f,1.2231103413523105e-16f,1.2364843522540926e-18f,0f,0.9987453869996539f,0.050076461006262285f,1.976594867529744f,-1.2246467991473532e-16f,0.050076461006262285f,-0.9987453869996539f,-0.010096660956571163f,0f,0f,0f,1f], start_interpolation: 0, interpolation_duration: 1 }
$data merge entity $(bone_body) { transformation: [-1f,9.095408841729819e-18f,1.2212645644830755e-16f,-6.403984274441296e-18f,0f,0.9972381958074503f,-0.07426964940472956f,1.0437527864701865f,-1.2246467991473532e-16f,-0.07426964940472956f,-0.9972381958074503f,0.0522925f,0f,0f,0f,1f], start_interpolation: 0, interpolation_duration: 1 }
$data merge entity $(bone_shoe_right) { transformation: [-0.9949484314357989f,0.000056357630308923046f,0.10038732792170953f,-0.18319748627846721f,-0.00022634154037932952f,0.9999960412274091f,-0.002804692321232493f,0.25266901779692474f,-0.10038708857692023f,-0.0028132460481066638f,-0.9949444799051465f,0.06375789591610655f,0f,0f,0f,1f], start_interpolation: 0, interpolation_duration: 1 }
$data merge entity $(bone_lowerleg_right) { transformation: [-0.9925208557531957f,0.06946031448016399f,0.10038732792170953f,-0.1510476179300615f,0.06953040741034616f,0.9975758899183232f,-0.002804692321232493f,0.6884090412806287f,-0.10033879279867482f,0.004196256186438391f,-0.9949444799051465f,0.06092640393008559f,0f,0f,0f,1f], start_interpolation: 0, interpolation_duration: 1 }
$data merge entity $(bone_leg_right) { transformation: [-0.9925208557531957f,0.06946031448016399f,0.10038732792170953f,-0.125f,0.06953040741034616f,0.9975758899183232f,-0.002804692321232493f,1.0625f,-0.10033879279867482f,0.004196256186438391f,-0.9949444799051465f,0.062499999999999986f,0f,0f,0f,1f], start_interpolation: 0, interpolation_duration: 1 }
$data merge entity $(bone_shoe_left) { transformation: [-0.8841171125928148f,-0.4084001828044544f,-0.2279807918232418f,0.4725586565134969f,0.00985509043602767f,0.4668810108332516f,-0.8819840969038408f,0.7369440595408537f,0.4671614372067133f,-0.7827588406580546f,-0.4128544674159824f,0.7238994388348886f,0f,0f,0f,1f], start_interpolation: 0, interpolation_duration: 1 }
$data merge entity $(bone_lowerleg_left) { transformation: [-0.8841171125928148f,-0.4371493993610337f,-0.19841241191067155f,0.2794348362890629f,0.00985509043602767f,0.4212361518988166f,-0.9130860177660562f,0.9165939719575148f,0.4671614372067133f,-0.8362046907005141f,-0.3562393001339339f,0.35745991320327486f,0f,0f,0f,1f], start_interpolation: 0, interpolation_duration: 1 }
$data merge entity $(bone_leg_left) { transformation: [-0.8841171125928148f,-0.4332198004991894f,-0.17509293439767004f,0.12499999999999999f,0.00985509043602767f,0.35734677996333497f,-0.9339197803036048f,1.0439814814814814f,0.4671614372067133f,-0.8274200162585372f,-0.31166698298292617f,0.06250000000000001f,0f,0f,0f,1f], start_interpolation: 0, interpolation_duration: 1 }
$data merge entity $(bone_string2) { transformation: [-1f,0f,1.2246467991473532e-16f,7.776833257099404e-17f,0f,1f,0f,3.266063125f,-1.2246467991473532e-16f,0f,-1f,-0.6364637499999999f,0f,0f,0f,1f], start_interpolation: 0, interpolation_duration: 1 }
$data merge entity $(bone_string) { transformation: [-1f,0f,1.2246467991473532e-16f,6.591949208711867e-17f,0f,1f,0f,3.097985f,-1.2246467991473532e-16f,0f,-1f,-0.5397106249999999f,0f,0f,0f,1f], start_interpolation: 0, interpolation_duration: 1 }
$data merge entity $(bone_flame) { transformation: [-0.7071067811865475f,-0.30621428284071467f,-0.6373639564521568f,1.0755285551056204e-16f,0f,0.9013687513824149f,-0.43305239178568966f,3.36173375f,0.7071067811865476f,-0.30621428284071467f,-0.6373639564521568f,-0.86743375f,0f,0f,0f,1f], start_interpolation: 0, interpolation_duration: 1 }
$data merge entity $(bone_bomb) { transformation: [-1f,0f,1.2246467991473532e-16f,-0.02343749999999994f,0f,1f,0f,2.481716875f,-1.2246467991473532e-16f,0f,-1f,-0.48406249999999995f,0f,0f,0f,1f], start_interpolation: 0, interpolation_duration: 1 }