# This file was generated by Animated Java via MC-Build. It is not recommended to edit this file directly.
$data merge entity $(bone_hammer) { transformation: [-0.00002065510132365797f,0.0000014610778062426684f,-0.000002293429469442149f,0.32228004478484235f,0.000002227515178178135f,-9.87184355717277e-7f,-0.00002069037024696734f,2.8019504446154664f,-0.000001559725366270169f,-0.00002075857645576185f,8.225193553231494e-7f,0.45842124645891114f,0f,0f,0f,1f], start_interpolation: 0, interpolation_duration: 1 }
$data merge entity $(bone_hand_left) { transformation: [-0.9914448635355825f,-0.1100846145332231f,-0.07013173469964809f,0.3893146053625562f,0.10692072855255046f,-0.9931377718544321f,0.04738484907442907f,2.71386394317423f,-0.0748668175809681f,0.03948092905551094f,0.9964116698765688f,0.012571606359251471f,0f,0f,0f,1f], start_interpolation: 0, interpolation_duration: 1 }
$data merge entity $(bone_lowerarm_left) { transformation: [-0.9973318408448457f,0.02026669743814752f,-0.07013173469964809f,0.39827628563598705f,-0.02362448481229512f,-0.9985972961086705f,0.04738484907442907f,2.2722967013011774f,-0.06907302624313544f,0.04891524485682727f,0.9964116698765688f,0.03420131619437978f,0f,0f,0f,1f], start_interpolation: 0, interpolation_duration: 1 }
$data merge entity $(bone_arm_left) { transformation: [-0.9914448635355826f,-0.1100846145332231f,-0.07013173469964809f,0.34375f,0.10692072855255047f,-0.9931377718544321f,0.04738484907442907f,1.7803831486795292f,-0.07486681758096811f,0.03948092905551094f,0.9964116698765688f,0.05375671386718754f,0f,0f,0f,1f], start_interpolation: 0, interpolation_duration: 1 }
$data merge entity $(bone_bread) { transformation: [-0.000009914448635355825f,0.0000011008461453322312f,7.013173469964785e-7f,-0.3426638439832689f,-0.0000010692072855255047f,-0.000009931377718544322f,4.738484907442907e-7f,2.9450725283701433f,7.486681758096787e-7f,3.948092905551097e-7f,0.000009964116698765688f,0.13255072189693146f,0f,0f,0f,1f], start_interpolation: 0, interpolation_duration: 1 }
$data merge entity $(bone_hand_right) { transformation: [-0.9914448635355825f,0.1100846145332231f,0.07013173469964784f,-0.3893146053625562f,-0.10692072855255046f,-0.9931377718544321f,0.04738484907442907f,2.7152179891081483f,0.07486681758096786f,0.03948092905551097f,0.9964116698765688f,0.021314892492063878f,0f,0f,0f,1f], start_interpolation: 0, interpolation_duration: 1 }
$data merge entity $(bone_lowerarm_right) { transformation: [-0.9973318408448457f,-0.02026669743814752f,0.07013173469964784f,-0.39827628563598705f,0.02362448481229512f,-0.9985972961086705f,0.04738484907442907f,2.2736507472350955f,0.06907302624313519f,0.048915244856827265f,0.9964116698765688f,0.04294460232719218f,0f,0f,0f,1f], start_interpolation: 0, interpolation_duration: 1 }
$data merge entity $(bone_arm_right) { transformation: [-0.9914448635355826f,0.1100846145332231f,0.07013173469964784f,-0.34375f,-0.10692072855255047f,-0.9931377718544321f,0.04738484907442907f,1.7817371946134473f,0.07486681758096786f,0.03948092905551097f,0.9964116698765688f,0.06249999999999996f,0f,0f,0f,1f], start_interpolation: 0, interpolation_duration: 1 }
$data merge entity $(bone_uppertail) { transformation: [-0.9998832098150019f,0.007392251544141045f,-0.013376148442547461f,0.016931257704563493f,0.015280317669166068f,0.49961473408018486f,-0.8661129426246414f,0.5522524283187629f,0.0002803961096228772f,-0.8662161809312354f,-0.49966933993484874f,-0.43590942566240903f,0f,0f,0f,1f], start_interpolation: 0, interpolation_duration: 1 }
$data merge entity $(bone_middletail) { transformation: [-0.9998832098150019f,0.007968675159031565f,-0.013040971829536086f,0.021875000000000026f,0.015280317669166068f,0.5369185275053767f,-0.8434957063989047f,0.872016237866563f,0.0002803961096228772f,-0.8435964645715794f,-0.5369775845790529f,-0.23236763635970195f,0f,0f,0f,1f], start_interpolation: 0, interpolation_duration: 1 }
$data merge entity $(bone_tail) { transformation: [-1f,1.0031719290535246e-16f,7.024285468436544e-17f,0.021875000000000006f,0f,0.5735764363510463f,-0.8191520442889917f,1.128001251706873f,-1.2246467991473532e-16f,-0.8191520442889917f,-0.5735764363510463f,-0.053125f,0f,0f,0f,1f], start_interpolation: 0, interpolation_duration: 1 }
$data merge entity $(bone_hair) { transformation: [-0.6893654271085455f,0.1215537243668512f,1.2199866483456202e-16f,0.12499999999999994f,0.1210911757475626f,0.6867421835332848f,0.08715574274765818f,2.304976025229983f,0.01059410513093695f,0.06008215582420191f,-0.9961946980917455f,0.37390365626506844f,0f,0f,0f,1f], start_interpolation: 0, interpolation_duration: 1 }
$data merge entity $(bone_ear_left) { transformation: [-0.19752674231983447f,0.6714439897490077f,-0.8331960824950171f,0.142644375f,0.48504795902420067f,1.0271321477833677f,0.37479041707391275f,2.321540710638365f,0.8518871189981518f,-0.42914160788702493f,-0.4065912337772659f,0.14489090105078575f,0f,0f,0f,1f], start_interpolation: 0, interpolation_duration: 1 }
$data merge entity $(bone_ear_right) { transformation: [-0.40169109990663954f,-0.35921389241063645f,0.8730935882284421f,-0.142644375f,-0.21808651798441708f,1.2412755845214007f,0.20184885186569856f,2.3279604940318f,-0.8894282044826478f,-0.1421277691735676f,-0.4438069706470177f,0.14545255932000326f,0f,0f,0f,1f], start_interpolation: 0, interpolation_duration: 1 }
$data merge entity $(bone_head) { transformation: [-1f,-1.0673500138322974e-17f,1.2199866483456202e-16f,-7.269197238038901e-18f,0f,0.9961946980917455f,0.08715574274765818f,1.972735001706873f,-1.2246467991473532e-16f,0.08715574274765818f,-0.9961946980917455f,0.0593575f,0f,0f,0f,1f], start_interpolation: 0, interpolation_duration: 1 }
$data merge entity $(bone_body) { transformation: [-1f,0f,1.2246467991473532e-16f,-6.403984274441296e-18f,0f,1f,0f,1.037835626706873f,-1.2246467991473532e-16f,0f,-1f,0.0522925f,0f,0f,0f,1f], start_interpolation: 0, interpolation_duration: 1 }
$data merge entity $(bone_shoe_right) { transformation: [-0.9927283328130275f,0.00011116259084511387f,0.12037626374474811f,-0.17619178858950207f,-0.00033409264216279627f,0.9999931778455905f,-0.0036786742698304655f,0.2521967126461481f,-0.1203758514502523f,-0.003692140998859145f,-0.9927215231284509f,0.0641530976420867f,0f,0f,0f,1f], start_interpolation: 0, interpolation_duration: 1 }
$data merge entity $(bone_lowerleg_right) { transformation: [-0.9908699080461854f,0.0607155701233139f,0.12037626374474811f,-0.1477683387962427f,0.060714653560254295f,0.9981483848600241f,-0.0036786742698304655f,0.688194355677491f,-0.12037672603789532f,0.003663515514661402f,-0.9927215231284509f,0.061126181682001964f,0f,0f,0f,1f], start_interpolation: 0, interpolation_duration: 1 }
$data merge entity $(bone_leg_right) { transformation: [-0.9908699080461854f,0.0607155701233139f,0.12037626374474811f,-0.125f,0.060714653560254295f,0.9981483848600241f,-0.0036786742698304655f,1.0625f,-0.12037672603789532f,0.003663515514661402f,-0.9927215231284509f,0.062499999999999986f,0f,0f,0f,1f], start_interpolation: 0, interpolation_duration: 1 }
$data merge entity $(bone_shoe_left) { transformation: [-0.8826168673963131f,-0.36811250930415185f,-0.29641087015553663f,0.46459235760108053f,0.014758315267586308f,0.5955087186210861f,-0.7948501459465815f,0.6974442638420133f,0.4698613173245716f,-0.7101904390118698f,-0.5318305113036391f,0.708313123798088f,0f,0f,0f,1f], start_interpolation: 0, interpolation_duration: 1 }
$data merge entity $(bone_lowerleg_left) { transformation: [-0.8826168673963131f,-0.42933198437451925f,-0.22487276513492085f,0.2747583925310573f,0.014758315267586308f,0.47194044338539093f,-0.8909870017994962f,0.8993602193305943f,0.4698613173245716f,-0.8213076555653419f,-0.39442921053709906f,0.3482016022375689f,0f,0f,0f,1f], start_interpolation: 0, interpolation_duration: 1 }
$data merge entity $(bone_leg_left) { transformation: [-0.8826168673963131f,-0.42605517078536936f,-0.19865663048226959f,0.12499999999999999f,0.014758315267586308f,0.3972682238105423f,-0.9175838656389287f,1.039f,0.4698613173245716f,-0.8128068342462843f,-0.3443477786839223f,0.06250000000000001f,0f,0f,0f,1f], start_interpolation: 0, interpolation_duration: 1 }
$data merge entity $(bone_string2) { transformation: [-1f,0f,1.2246467991473532e-16f,2.2257181339736218e-17f,0f,1f,0f,3.471063125f,-1.2246467991473532e-16f,0f,-1f,-0.18208875f,0f,0f,0f,1f], start_interpolation: 0, interpolation_duration: 1 }
$data merge entity $(bone_string) { transformation: [-1f,0f,1.2246467991473532e-16f,1.0408340855860843e-17f,0f,1f,0f,3.302985f,-1.2246467991473532e-16f,0f,-1f,-0.085335625f,0f,0f,0f,1f], start_interpolation: 0, interpolation_duration: 1 }
$data merge entity $(bone_flame) { transformation: [-0.7071067811865475f,-0.30621428284071467f,-0.6373639564521568f,5.204170427930421e-17f,0f,0.9013687513824149f,-0.43305239178568966f,3.56673375f,0.7071067811865476f,-0.30621428284071467f,-0.6373639564521568f,-0.41305875000000003f,0f,0f,0f,1f], start_interpolation: 0, interpolation_duration: 1 }
$data merge entity $(bone_bomb) { transformation: [-1f,0f,1.2246467991473532e-16f,-0.023437499999999997f,0f,1f,0f,2.686716875f,-1.2246467991473532e-16f,0f,-1f,-0.02968750000000001f,0f,0f,0f,1f], start_interpolation: 0, interpolation_duration: 1 }