# This file was generated by Animated Java via MC-Build. It is not recommended to edit this file directly.
$data merge entity $(bone_hammer) { transformation: [-0.00002052333810417175f,0.0000023709558842026085f,-0.0000026830838665228187f,0.27393419508923145f,0.000003578118025236305f,0.000014156635032003558f,-0.000014859829532868365f,2.231037238440468f,1.320690618920913e-7f,-0.000015099537428133116f,-0.000014353198423942878f,1.0820647504556544f,0f,0f,0f,1f], start_interpolation: 0, interpolation_duration: 1 }
$data merge entity $(bone_hand_left) { transformation: [-0.9851202290002438f,-0.12878802559309527f,-0.11380588244172521f,0.3593208437035801f,0.1717496652113426f,-0.7132718175776812f,-0.6795184815361708f,2.487065201016458f,0.006339314970820381f,-0.6889535243492582f,0.7247777965503893f,0.7103207952356707f,0f,0f,0f,1f], start_interpolation: 0, interpolation_duration: 1 }
$data merge entity $(bone_lowerarm_left) { transformation: [-0.9919539743927805f,0.05545749550806697f,-0.11380588244172521f,0.38384345499855343f,0.03699577521929691f,-0.7327250138126175f,-0.6795184815361708f,2.163063358971191f,-0.12107280992151086f,-0.6782613952785996f,0.7247777965503893f,0.41040208451091503f,0f,0f,0f,1f], start_interpolation: 0, interpolation_duration: 1 }
$data merge entity $(bone_arm_left) { transformation: [-0.9867995115846856f,-0.08814339383665558f,-0.1358582572359228f,0.34018493023883495f,0.15262900068341775f,-0.786639626823361f,-0.5982495178949876f,1.773430918810245f,-0.05413974590453123f,-0.611088242101057f,0.7897088376605857f,0.1077224395952352f,0f,0f,0f,1f], start_interpolation: 0, interpolation_duration: 1 }
$data merge entity $(bone_bread) { transformation: [-0.000009856294895809964f,0.00000139338091757951f,9.549557818850914e-7f,-0.3261654210663512f,-0.0000016825014773362885f,-0.000007594272310090466f,-0.000006284601567239912f,2.607465575897553f,-1.504649646651632e-7f,-0.000006354960086319853f,0.000007719575285965533f,0.928667298715038f,0f,0f,0f,1f], start_interpolation: 0, interpolation_duration: 1 }
$data merge entity $(bone_hand_right) { transformation: [-0.9856294895809964f,0.139338091757951f,0.09549557818850914f,-0.36922400386667537f,-0.16825014773362884f,-0.7594272310090465f,-0.6284601567239911f,2.509382754471471f,-0.015046496466516318f,-0.6354960086319852f,0.7719575285965532f,0.6922174497230648f,0f,0f,0f,1f], start_interpolation: 0, interpolation_duration: 1 }
$data merge entity $(bone_lowerarm_right) { transformation: [-0.9941731384586334f,-0.05000365300408956f,0.09549557818850914f,-0.3913349941794212f,-0.02125863569640011f,-0.7775512213473678f,-0.6284601567239911f,2.165559323781932f,0.10567800705747055f,-0.6268283121138214f,0.7719575285965532f,0.4150418054602344f,0f,0f,0f,1f], start_interpolation: 0, interpolation_duration: 1 }
$data merge entity $(bone_arm_right) { transformation: [-0.9924077841731871f,0.08886086723452327f,0.0850325595686346f,-0.34732109587732135f,-0.12202349851285994f,-0.7979223753460524f,-0.5902797207534702f,1.7703383972433402f,0.015396614015654028f,-0.596174160121387f,0.8027074903602252f,0.11974929177510985f,0f,0f,0f,1f], start_interpolation: 0, interpolation_duration: 1 }
$data merge entity $(bone_uppertail) { transformation: [-0.999883244992558f,0.015264059219414369f,-0.0007105485897372374f,0.021571825571119363f,0.008950504791538728f,0.5473533888625022f,-0.8368537244732268f,0.6606236871552037f,-0.01238486362980266f,-0.8367623773789551f,-0.5474261036486938f,-0.55079051621803f,0f,0f,0f,1f], start_interpolation: 0, interpolation_duration: 1 }
$data merge entity $(bone_middletail) { transformation: [-0.9999075045727474f,0.012358604022284907f,-0.00567866231796697f,0.023724739428895112f,0.012583946067316882f,0.6822445938455953f,-0.7310157032990698f,0.93775125222045f,-0.0051600969444376525f,-0.7310195476696085f,-0.6823370093468806f,-0.29214351329728894f,0f,0f,0f,1f], start_interpolation: 0, interpolation_duration: 1 }
$data merge entity $(bone_tail) { transformation: [-0.9999719968808036f,0.002432691535356798f,0.007077249897508173f,0.021513098835923807f,-0.0024362798882286113f,0.7883549678737044f,-0.6152158232434833f,1.1300061969840385f,-0.007076015441206218f,-0.6152158374430428f,-0.7883269647581082f,-0.04579133681038012f,0f,0f,0f,1f], start_interpolation: 0, interpolation_duration: 1 }
$data merge entity $(bone_hair) { transformation: [-0.6897821283810757f,0.11916513370583158f,0.0007643523926184388f,0.119046875008077f,0.11833923890749463f,0.6846180078481107f,0.12200709133688926f,2.284789509209825f,0.014015701939891647f,0.08424876402034338f,-0.9925289343031427f,0.45798674675731277f,0f,0f,0f,1f], start_interpolation: 0, interpolation_duration: 1 }
$data merge entity $(bone_ear_left) { transformation: [-0.20627594540251645f,0.6767057680408296f,-0.8285440997176072f,0.13687167350714766f,0.44518915967967965f,1.0451554323595067f,0.39426607471528735f,2.3114122984345418f,0.8713534566707124f,-0.3737906174714444f,-0.39757884394386334f,0.2299599369848211f,0f,0f,0f,1f], start_interpolation: 0, interpolation_duration: 1 }
$data merge entity $(bone_ear_right) { transformation: [-0.4193577573120157f,-0.2168104520906801f,0.8923701100517295f,-0.14843562212433423f,-0.05698076057934473f,1.2816408410705509f,0.15747574348987106f,2.3162864756013812f,-0.9060310504094413f,0.0197479711415135f,-0.4229385025019311f,0.23033938069847334f,0f,0f,0f,1f], start_interpolation: 0, interpolation_duration: 1 }
$data merge entity $(bone_head) { transformation: [-0.9999937088977134f,-0.0034638028833586247f,0.0007643523926184388f,-0.004493565871198943f,-0.003344670713034237f,0.9925235930905287f,0.12200709133688926f,1.9633575559115162f,-0.0011812462978719111f,0.12200376727073597f,-0.9925289343031427f,0.1318462233644041f,0f,0f,0f,1f], start_interpolation: 0, interpolation_duration: 1 }
$data merge entity $(bone_body) { transformation: [-0.9999882448369972f,-0.004801360749972451f,0.000676108549208984f,-6.403984274441296e-18f,-0.00473445681191346f,0.996976190223402f,0.07756327124565533f,1.031833123293127f,-0.0010464733717662005f,0.0775591584700324f,-0.9969872024408852f,0.0522925f,0f,0f,0f,1f], start_interpolation: 0, interpolation_duration: 1 }
$data merge entity $(bone_shoe_right) { transformation: [-0.9901036664638064f,0.00016957522604046926f,0.14033780994147763f,-0.16919874817189673f,-0.00042413680811436566f,0.9999910871911997f,-0.004200672104624031f,0.251786094953994f,-0.14033727146733183f,-0.0042186232831668245f,-0.9900947699360396f,0.06454554940259861f,0f,0f,0f,1f], start_interpolation: 0, interpolation_duration: 1 }
$data merge entity $(bone_lowerleg_right) { transformation: [-0.9887378889179389f,0.051987364993114724f,0.14033780994147763f,-0.144495261872418f,0.05191193423921292f,0.9986428317658987f,-0.004200672104624031f,0.688008938087788f,-0.1403657297977012f,0.0031318434921947095f,-0.9900947699360396f,0.06132555869042697f,0f,0f,0f,1f], start_interpolation: 0, interpolation_duration: 1 }
$data merge entity $(bone_leg_right) { transformation: [-0.9887378889179389f,0.051987364993114724f,0.14033780994147763f,-0.125f,0.05191193423921292f,0.9986428317658987f,-0.004200672104624031f,1.0625f,-0.1403657297977012f,0.0031318434921947095f,-0.9900947699360396f,0.062499999999999986f,0f,0f,0f,1f], start_interpolation: 0, interpolation_duration: 1 }
$data merge entity $(bone_shoe_left) { transformation: [-0.8831208888108169f,-0.30618325537426705f,-0.3622352013386135f,0.44538773392375974f,0.013125737100490587f,0.7344493621673855f,-0.6593996661049483f,0.6241448830648697f,0.4689618436200986f,-0.5971424363756968f,-0.6636837741439175f,0.674470217218481f,0f,0f,0f,1f], start_interpolation: 0, interpolation_duration: 1 }
$data merge entity $(bone_lowerleg_left) { transformation: [-0.8831208888108169f,-0.4045388002230559f,-0.26592042049399267f,0.26618741325402134f,0.013125737100490587f,0.5717325917858541f,-0.8375249994588249f,0.8699161793887648f,0.4689618436200986f,-0.7778054472135247f,-0.4773240044726367f,0.33296407324064464f,0f,0f,0f,1f], start_interpolation: 0, interpolation_duration: 1 }
$data merge entity $(bone_leg_left) { transformation: [-0.8831208888108169f,-0.40764157171133797f,-0.23221938928242636f,0.12499999999999999f,0.013125737100490587f,0.4733211951562155f,-0.8807921214687724f,1.0338518518518518f,0.4689618436200986f,-0.7808939718224248f,-0.41264923845784135f,0.06250000000000001f,0f,0f,0f,1f], start_interpolation: 0, interpolation_duration: 1 }
$data merge entity $(bone_string2) { transformation: [-1f,0f,1.2246467991473532e-16f,-7.488733331496499e-17f,0f,1f,0f,3.179188125f,-1.2246467991473532e-16f,0f,-1f,0.60978625f,0f,0f,0f,1f], start_interpolation: 0, interpolation_duration: 1 }
$data merge entity $(bone_string) { transformation: [-1f,0f,1.2246467991473532e-16f,-8.673617379884035e-17f,0f,1f,0f,3.01111f,-1.2246467991473532e-16f,0f,-1f,0.706539375f,0f,0f,0f,1f], start_interpolation: 0, interpolation_duration: 1 }
$data merge entity $(bone_flame) { transformation: [-0.7071067811865475f,-0.30621428284071467f,-0.6373639564521568f,-4.5102810375396984e-17f,0f,0.9013687513824149f,-0.43305239178568966f,3.27485875f,0.7071067811865476f,-0.30621428284071467f,-0.6373639564521568f,0.37881625f,0f,0f,0f,1f], start_interpolation: 0, interpolation_duration: 1 }
$data merge entity $(bone_bomb) { transformation: [-1f,0f,1.2246467991473532e-16f,-0.023437500000000094f,0f,1f,0f,2.394841875f,-1.2246467991473532e-16f,0f,-1f,0.7621875f,0f,0f,0f,1f], start_interpolation: 0, interpolation_duration: 1 }