# This file was generated by Animated Java via MC-Build. It is not recommended to edit this file directly.
$data merge entity $(bone_hammer) { transformation: [-0.000020625860768585918f,0.0000023649578675350686f,-0.0000017345372920379086f,0.1724141181429543f,0.000002211398454656416f,0.000020634011844178696f,0.0000018371308790651293f,1.3150041668780565f,0.0000019264896074023955f,0.0000016347193266293129f,-0.000020679557739310892f,1.1245107524679603f,0f,0f,0f,1f], start_interpolation: 0, interpolation_duration: 1 }
$data merge entity $(bone_hand_left) { transformation: [-0.9900413168921239f,-0.08325779001781958f,-0.1135179776416833f,0.26072509585364356f,0.10614712582350797f,0.08818228219512642f,-0.9904325685205773f,1.7647940642786395f,0.09247150115531497f,-0.9926187714869227f,-0.07846652767820722f,1.0940971858051143f,0f,0f,0f,1f], start_interpolation: 0, interpolation_duration: 1 }
$data merge entity $(bone_lowerarm_left) { transformation: [-0.9789712778541301f,0.16949603502381333f,-0.1135179776416833f,0.335674123840736f,0.12497787455153879f,0.058513742713249606f,-0.9904325685205773f,1.7906681098846546f,-0.16123203158563518f,-0.9837922728019842f,-0.07846652767820722f,0.6590765401754869f,0f,0f,0f,1f], start_interpolation: 0, interpolation_duration: 1 }
$data merge entity $(bone_arm_left) { transformation: [-0.9820288676935474f,0.0017804165117429932f,-0.1887223705170479f,0.33655598639420875f,0.18831860732861394f,-0.05680580577318514f,-0.9804637691237096f,1.7625314842126238f,-0.012466160208360104f,-0.9983836589946291f,0.05544965556390419f,0.1645646340797096f,0f,0f,0f,1f], start_interpolation: 0, interpolation_duration: 1 }
$data merge entity $(bone_bread) { transformation: [-0.000009780162147402916f,0.000001713337073985466f,0.0000011886565700041837f,-0.3063543596872072f,-0.0000012751688634078304f,-4.036551348148427e-7f,-0.000009910146663997097f,1.7213411580695166f,-0.000001649961436004603f,-0.000009843857912579018f,6.132606759389481e-7f,1.3448536452319855f,0f,0f,0f,1f], start_interpolation: 0, interpolation_duration: 1 }
$data merge entity $(bone_hand_right) { transformation: [-0.9780162147402914f,0.1713337073985466f,0.11886565700041836f,-0.34485933174009564f,-0.12751688634078304f,-0.04036551348148427f,-0.9910146663997097f,1.8284182298991067f,-0.16499614360046028f,-0.9843857912579017f,0.061326067593894806f,1.1115412359700538f,0f,0f,0f,1f], start_interpolation: 0, interpolation_duration: 1 }
$data merge entity $(bone_lowerarm_right) { transformation: [-0.9887471417595868f,-0.09082975970521034f,0.11886565700041836f,-0.3850231161097433f,-0.11249121095131698f,-0.07235784988084135f,-0.9910146663997097f,1.7964224931549222f,0.09861448737864865f,-0.9932342605410445f,0.061326067593894806f,0.6723454613870607f,0f,0f,0f,1f], start_interpolation: 0, interpolation_duration: 1 }
$data merge entity $(bone_arm_right) { transformation: [-0.9909407488782404f,0.0688357846298527f,0.11531724488134718f,-0.35092789153526943f,-0.12103518438768629f,-0.08565614520059947f,-0.9889456551952754f,1.7539959337352502f,-0.05819721945996078f,-0.9939439921563822f,0.09321171655625052f,0.18003257777210258f,0f,0f,0f,1f], start_interpolation: 0, interpolation_duration: 1 }
$data merge entity $(bone_uppertail) { transformation: [-0.9996442813751925f,0.02315675788630126f,0.013231601493021565f,0.026914235045102677f,0.00665020326146081f,0.6968658590707602f,-0.7171706556030808f,0.8517510226247975f,-0.025827998576276913f,-0.716827551804314f,-0.6967719680525166f,-0.6636976470920095f,0f,0f,0f,1f], start_interpolation: 0, interpolation_duration: 1 }
$data merge entity $(bone_middletail) { transformation: [-0.9999052315671378f,0.0132663829348982f,0.0036784464781935474f,0.025520061992260333f,0.009547847570747156f,0.8607503192705301f,-0.508937841472263f,1.0446964927798406f,-0.009917988275556205f,-0.5088544889843314f,-0.8607954127137649f,-0.3373961051019337f,0f,0f,0f,1f], start_interpolation: 0, interpolation_duration: 1 }
$data merge entity $(bone_tail) { transformation: [-0.9998981286628553f,0.00009475941295939512f,0.014273167734366493f,0.021059697075270802f,-0.003894177888576326f,0.960231111428036f,-0.2791792399592975f,1.131940005267121f,-0.013731994578058512f,-0.2792063818510109f,-0.9601329223907362f,-0.03735456685482864f,0f,0f,0f,1f], start_interpolation: 0, interpolation_duration: 1 }
$data merge entity $(bone_hair) { transformation: [-0.6900272684537659f,0.11773469871478744f,0.001362402419276861f,0.11357104563996197f,0.11662228043037151f,0.6826837685502913f,0.14528027708038976f,2.2616123181643695f,0.01617443963338657f,0.10040623923098754f,-0.9893896022048609f,0.5420340961680663f,0f,0f,0f,1f], start_interpolation: 0, interpolation_duration: 1 }
$data merge entity $(bone_ear_left) { transformation: [-0.21090715142958594f,0.6789982419953924f,-0.8262652483769145f,0.13153045760339493f,0.4196021991070373f,1.0553595151893094f,0.40606696653250285f,2.2946064015066656f,0.8828658833483123f,-0.3393783744827482f,-0.3903784804721268f,0.31485650911558977f,0f,0f,0f,1f], start_interpolation: 0, interpolation_duration: 1 }
$data merge entity $(bone_ear_right) { transformation: [-0.40418551296416527f,-0.09287431167027956f,0.9118827465394806f,-0.15378922583197083f,0.06933769729624963f,1.2891883252304677f,0.10842722206537705f,2.2994560021636397f,-0.9120451495641803f,0.13916833088470154f,-0.3958704258703833f,0.31517572724714377f,0f,0f,0f,1f], start_interpolation: 0, interpolation_duration: 1 }
$data merge entity $(bone_head) { transformation: [-0.9999837423472756f,-0.005537048020867218f,0.001362402419276861f,-0.009055035561914653f,-0.0052803805567953905f,0.989376449422878f,0.14528027708038976f,1.947685029365128f,-0.0021523527389482925f,0.14527072116085205f,-0.9893896022048609f,0.20832631428541268f,0f,0f,0f,1f], start_interpolation: 0, interpolation_duration: 1 }
$data merge entity $(bone_body) { transformation: [-0.9999529796734504f,-0.009681367831369463f,0.000556380357003376f,-6.403984274441296e-18f,-0.009468791945845332f,0.9871603464675955f,0.15945153602603854f,1.0259159635298134f,-0.002092945597532155f,0.15943877031290257f,-0.9872056007234943f,0.0522925f,0f,0f,0f,1f], start_interpolation: 0, interpolation_duration: 1 }
$data merge entity $(bone_shoe_right) { transformation: [-0.9870749433825264f,0.00022095523248097382f,0.16025918795865518f,-0.16221883263497308f,-0.00048587036193207395f,0.9999903277163551f,-0.004371316017870857f,0.25143675958429146f,-0.16025860375147952f,-0.00439268170050342f,-0.9870652887580965f,0.06493474658349019f,0f,0f,0f,1f], start_interpolation: 0, interpolation_duration: 1 }
$data merge entity $(bone_lowerleg_right) { transformation: [-0.9861258288224499f,0.043276349246078843f,0.16025918795865518f,-0.14122863096727956f,0.04313355754524141f,0.9990597518716101f,-0.004371316017870857f,0.6878525930481463f,-0.16029767915577414f,0.002601881274800563f,-0.9870652887580965f,0.061524294521949775f,0f,0f,0f,1f], start_interpolation: 0, interpolation_duration: 1 }
$data merge entity $(bone_leg_right) { transformation: [-0.9861258288224499f,0.043276349246078843f,0.16025918795865518f,-0.125f,0.04313355754524141f,0.9990597518716101f,-0.004371316017870857f,1.0625f,-0.16029767915577414f,0.002601881274800563f,-0.9870652887580965f,0.062499999999999986f,0f,0f,0f,1f], start_interpolation: 0, interpolation_duration: 1 }
$data merge entity $(bone_shoe_left) { transformation: [-0.8870108331782218f,-0.2349537596340589f,-0.40534583276876696f,0.41339037767110565f,-2.7755575615628914e-17f,0.8523684756723034f,-0.4891651256790226f,0.5256180565822443f,0.4617486132350338f,-0.45134197292170675f,-0.7786620999910447f,0.6136164665893615f,0f,0f,0f,1f], start_interpolation: 0, interpolation_duration: 1 }
$data merge entity $(bone_lowerleg_left) { transformation: [-0.8870108331782218f,-0.358593416526584f,-0.31195284148169977f,0.2540366671826982f,-2.7755575615628914e-17f,0.7116216853551623f,-0.737277336810124f,0.8329736090655746f,0.4617486132350338f,-0.6888515439970949f,-0.5992558329442147f,0.3103771313818901f,0f,0f,0f,1f], start_interpolation: 0, interpolation_duration: 1 }
$data merge entity $(bone_leg_left) { transformation: [-0.8870108331782218f,-0.3782423204790849f,-0.26484812406938824f,0.12499999999999999f,-2.7755575615628914e-17f,0.5735764363510463f,-0.8191520442889917f,1.0286481481481482f,0.4617486132350338f,-0.7265967373044222f,-0.5087685126991368f,0.06250000000000001f,0f,0f,0f,1f], start_interpolation: 0, interpolation_duration: 1 }
$data merge entity $(bone_string2) { transformation: [-1f,0f,1.2246467991473532e-16f,-1.1999014369036197e-16f,0f,1f,0f,3.198508125f,-1.2246467991473532e-16f,0f,-1f,0.9929662500000003f,0f,0f,0f,1f], start_interpolation: 0, interpolation_duration: 1 }
$data merge entity $(bone_string) { transformation: [-1f,0f,1.2246467991473532e-16f,-1.3183898417423734e-16f,0f,1f,0f,3.03043f,-1.2246467991473532e-16f,0f,-1f,1.0897193750000003f,0f,0f,0f,1f], start_interpolation: 0, interpolation_duration: 1 }
$data merge entity $(bone_flame) { transformation: [-0.7071067811865475f,-0.30621428284071467f,-0.6373639564521568f,-9.020562075079397e-17f,0f,0.9013687513824149f,-0.43305239178568966f,3.29417875f,0.7071067811865476f,-0.30621428284071467f,-0.6373639564521568f,0.7619962500000004f,0f,0f,0f,1f], start_interpolation: 0, interpolation_duration: 1 }
$data merge entity $(bone_bomb) { transformation: [-1f,0f,1.2246467991473532e-16f,-0.02343750000000014f,0f,1f,0f,2.414161875f,-1.2246467991473532e-16f,0f,-1f,1.1453675000000003f,0f,0f,0f,1f], start_interpolation: 0, interpolation_duration: 1 }