# This file was generated by Animated Java via MC-Build. It is not recommended to edit this file directly.
$data merge entity $(bone_hammer) { transformation: [-0.000020647615938437092f,0.0000015597231028569682f,-0.000002295865344263588f,0.21982746860927205f,5.917544443441448e-8f,0.000017476207169671195f,0.000011340478782101183f,0.8323211051536105f,0.0000027749292069082266f,0.000011232863596738163f,-0.000017324846928371407f,0.8015623588382812f,0f,0f,0f,1f], start_interpolation: 0, interpolation_duration: 1 }
$data merge entity $(bone_hand_left) { transformation: [-0.9910855650449804f,-0.1102015365246522f,-0.07486670893713449f,0.288984986578032f,0.0028404213328518946f,0.5443429815408569f,-0.8388579441442171f,1.2463293295336162f,0.13319660193159485f,-0.8315926525618272f,-0.5391774526434319f,0.9882417457001293f,0f,0f,0f,1f], start_interpolation: 0, interpolation_duration: 1 }
$data merge entity $(bone_lowerarm_left) { transformation: [-0.9858373997913819f,0.15006530933393444f,-0.07486670893713449f,0.3553419905491311f,0.1436299670136077f,0.5250597890924497f,-0.8388579441442171f,1.4785042050229338f,-0.08657397847065255f,-0.837730637384537f,-0.5391774526434319f,0.6178077294816544f,0f,0f,0f,1f], start_interpolation: 0, interpolation_duration: 1 }
$data merge entity $(bone_arm_left) { transformation: [-0.9969188820208106f,-0.023403387859444597f,-0.07486670893713449f,0.34375f,0.050272229537801874f,0.5420240331234736f,-0.8388579441442171f,1.7469754839294043f,0.06021167335057026f,-0.8400370402269557f,-0.5391774526434319f,0.20172688299424046f,0f,0f,0f,1f], start_interpolation: 0, interpolation_duration: 1 }
$data merge entity $(bone_bread) { transformation: [-0.000009910855650449806f,0.0000011020153652465238f,7.486670893713463e-7f,-0.24179038626034677f,-2.840421332851895e-8f,0.000005443429815408569f,-0.000008388579441442171f,1.017933353130829f,-0.0000013319660193159511f,-0.000008315926525618275f,-0.0000053917745264343194f,1.13218234732441f,0f,0f,0f,1f], start_interpolation: 0, interpolation_duration: 1 }
$data merge entity $(bone_hand_right) { transformation: [-0.9910855650449805f,0.11020153652465237f,0.07486670893713462f,-0.2889849865780322f,-0.0028404213328518946f,0.5443429815408569f,-0.8388579441442171f,1.2416880970276154f,-0.1331966019315951f,-0.8315926525618274f,-0.5391774526434319f,1.0093438485362145f,0f,0f,0f,1f], start_interpolation: 0, interpolation_duration: 1 }
$data merge entity $(bone_lowerarm_right) { transformation: [-0.985837399791382f,-0.15006530933393425f,0.07486670893713462f,-0.35534199054913124f,-0.1436299670136077f,0.5250597890924497f,-0.8388579441442171f,1.473862972516933f,0.08657397847065232f,-0.8377306373845371f,-0.5391774526434319f,0.6389098323177396f,0f,0f,0f,1f], start_interpolation: 0, interpolation_duration: 1 }
$data merge entity $(bone_arm_right) { transformation: [-0.9969188820208106f,0.023403387859444798f,0.07486670893713462f,-0.34375f,-0.050272229537801874f,0.5420240331234736f,-0.8388579441442171f,1.7423342514234035f,-0.0602116733505705f,-0.8400370402269557f,-0.5391774526434319f,0.22282898583032557f,0f,0f,0f,1f], start_interpolation: 0, interpolation_duration: 1 }
$data merge entity $(bone_uppertail) { transformation: [-0.9998832098150019f,0.00038058920745923444f,-0.015278150473931155f,0.016394683375867896f,0.007973625018762729f,0.8658340208560067f,-0.500267797916656f,1.0625450080243228f,0.013037945931360439f,-0.5003311937908481f,-0.8657359346161597f,-0.7133377497669564f,0f,0f,0f,1f], start_interpolation: 0, interpolation_duration: 1 }
$data merge entity $(bone_middletail) { transformation: [-0.9998832098150019f,0.004957202831635762f,-0.014456585701158473f,0.02187500000000004f,0.007973625018762729f,0.9761940103636376f,-0.2167525673070984f,1.1447307559387576f,0.013037945931360439f,-0.21684252412809643f,-0.9761195273610946f,-0.34331334050940837f,0f,0f,0f,1f], start_interpolation: 0, interpolation_duration: 1 }
$data merge entity $(bone_tail) { transformation: [-1f,-5.341834311772725e-18f,1.2234812067540777e-16f,0.021875000000000002f,0f,0.9990482215818577f,0.04361938736533602f,1.1310996973870902f,-1.2246467991473532e-16f,0.04361938736533602f,-0.9990482215818577f,-0.03111077126507781f,0f,0f,0f,1f], start_interpolation: 0, interpolation_duration: 1 }
$data merge entity $(bone_hair) { transformation: [-0.6885915720246925f,0.12586289739102396f,0.0006027096962275f,0.12706765136799344f,0.12469070566922053f,0.6818513024809177f,0.13946712892501545f,2.2458975971265174f,0.017142778545919335f,0.09611104184958315f,-0.9902265178687325f,0.5931020193351724f,0f,0f,0f,1f], start_interpolation: 0, interpolation_duration: 1 }
$data merge entity $(bone_ear_left) { transformation: [-0.20352638242069807f,0.6905846248252141f,-0.8224253444143644f,0.14484696147351794f,0.42741883245317236f,1.0451262947191402f,0.41350732304600724f,2.277317234217953f,0.8808462711070023f,-0.34756856020310456f,-0.39067665229987697f,0.365687106083727f,0f,0f,0f,1f], start_interpolation: 0, interpolation_duration: 1 }
$data merge entity $(bone_ear_right) { transformation: [-0.38211904679934855f,0.008130730266965017f,0.924091941559392f,-0.14038532932191902f,0.1312530596465143f,1.287268845378553f,0.04757225424054846f,2.287155158975277f,-0.9147445918979711f,0.18130860691950856f,-0.3791977903040387f,0.3668991064003089f,0f,0f,0f,1f], start_interpolation: 0, interpolation_duration: 1 }
$data merge entity $(bone_head) { transformation: [-0.9999802593665895f,0.006254407897665397f,0.0006027096962275f,-3.2029325568007583e-17f,0.006277339365681973f,0.9902068041373484f,0.13946712892501545f,1.9314642157167454f,0.0002754770704893098f,0.13946815916885275f,-0.9902265178687325f,0.261539291086276f,0f,0f,0f,1f], start_interpolation: 0, interpolation_duration: 1 }
$data merge entity $(bone_body) { transformation: [-1f,-2.6506208041798655e-17f,1.195617780139768e-16f,-6.403984274441296e-18f,0f,0.9762960071199334f,0.21643961393810288f,1.0202548347177969f,-1.2246467991473532e-16f,0.21643961393810288f,-0.9762960071199334f,0.0522925f,0f,0f,0f,1f], start_interpolation: 0, interpolation_duration: 1 }
$data merge entity $(bone_shoe_right) { transformation: [-0.9836432100952454f,0.00025464850280592505f,0.180127650258535f,-0.15525248853753484f,-0.0005086930752826735f,0.9999910859215768f,-0.0041915759256827625f,0.2511482988675568f,-0.18012711196506828f,-0.004214644887249999f,-0.9836343122846001f,0.06532018688077897f,0f,0f,0f,1f], start_interpolation: 0, interpolation_duration: 1 }
$data merge entity $(bone_lowerleg_right) { transformation: [-0.9830351141242214f,0.03458314634497486f,0.180127650258535f,-0.13796867987936556f,0.034390802412444785f,0.9993996715031916f,-0.0041915759256827625f,0.6877251231863031f,-0.18016447238067562f,0.0020742681105953417f,-0.9836343122846001f,0.061722149458526734f,0f,0f,0f,1f], start_interpolation: 0, interpolation_duration: 1 }
$data merge entity $(bone_leg_right) { transformation: [-0.9830351141242214f,0.03458314634497486f,0.180127650258535f,-0.125f,0.034390802412444785f,0.9993996715031916f,-0.0041915759256827625f,1.0625f,-0.18016447238067562f,0.0020742681105953417f,-0.9836343122846001f,0.062499999999999986f,0f,0f,0f,1f], start_interpolation: 0, interpolation_duration: 1 }
$data merge entity $(bone_shoe_left) { transformation: [-0.8902859333628822f,-0.2256174973027337f,-0.3999738836692156f,0.3774658123776506f,-0.02560853190742848f,0.8850084399008488f,-0.4373214693406295f,0.4328473967148944f,0.4546871341946292f,-0.3935516450371117f,-0.8081159090005459f,0.5327799124782973f,0f,0f,0f,1f], start_interpolation: 0, interpolation_duration: 1 }
$data merge entity $(bone_lowerleg_left) { transformation: [-0.8925317665262256f,-0.3044631026733872f,-0.34768714493448727f,0.24158224549527013f,-0.020548342029377803f,0.8438141463229272f,-0.6048805182705642f,0.7985696892479953f,0.4505161610657477f,-0.5646945241241534f,-0.7164029647230938f,0.2832055398948724f,0f,0f,0f,1f], start_interpolation: 0, interpolation_duration: 1 }
$data merge entity $(bone_leg_left) { transformation: [-0.8925317665262256f,-0.3469709687359231f,-0.2880940690052993f,0.12499999999999999f,-0.020548342029377803f,0.6694354486666809f,-0.7425859853971681f,1.0235f,0.4505161610657477f,-0.6568617258775964f,-0.6046220817135994f,0.06250000000000001f,0f,0f,0f,1f], start_interpolation: 0, interpolation_duration: 1 }
$data merge entity $(bone_string2) { transformation: [-1f,0f,1.2246467991473532e-16f,-1.8244018882552703e-16f,0f,1f,0f,3.252173125f,-1.2246467991473532e-16f,0f,-1f,1.4893012500000002f,0f,0f,0f,1f], start_interpolation: 0, interpolation_duration: 1 }
$data merge entity $(bone_string) { transformation: [-1f,0f,1.2246467991473532e-16f,-1.942890293094024e-16f,0f,1f,0f,3.084095f,-1.2246467991473532e-16f,0f,-1f,1.5860543750000002f,0f,0f,0f,1f], start_interpolation: 0, interpolation_duration: 1 }
$data merge entity $(bone_flame) { transformation: [-0.7071067811865475f,-0.30621428284071467f,-0.6373639564521568f,-1.5265566588595902e-16f,0f,0.9013687513824149f,-0.43305239178568966f,3.34784375f,0.7071067811865476f,-0.30621428284071467f,-0.6373639564521568f,1.2583312500000003f,0f,0f,0f,1f], start_interpolation: 0, interpolation_duration: 1 }
$data merge entity $(bone_bomb) { transformation: [-1f,0f,1.2246467991473532e-16f,-0.0234375000000002f,0f,1f,0f,2.467826875f,-1.2246467991473532e-16f,0f,-1f,1.6417025000000003f,0f,0f,0f,1f], start_interpolation: 0, interpolation_duration: 1 }